% frame 0
% time 0.1
% start   0.1
% cluster-index, number-of-fibers : name-of-fibers
1  1 : 1
2  1 : 2
3  1 : 3
4  1 : 4
5  1 : 5
6  1 : 6
7  1 : 7
8  1 : 8
9  1 : 9
10  1 : 10
11  1 : 11
12  1 : 12
13  1 : 13
14  1 : 14
% end

% frame 1
% time 0.2
% start   0.2
% cluster-index, number-of-fibers : name-of-fibers
1  2 : 1 17
2  1 : 2
3  1 : 3
4  1 : 4
5  1 : 5
6  1 : 6
7  1 : 7
8  1 : 8
9  1 : 9
10  1 : 10
11  1 : 11
12  1 : 12
13  1 : 13
14  1 : 14
15  1 : 15
16  1 : 16
18  1 : 18
19  1 : 19
20  1 : 20
21  1 : 21
22  1 : 22
23  1 : 23
24  1 : 24
25  1 : 25
% end

% frame 2
% time 0.3
% start   0.3
% cluster-index, number-of-fibers : name-of-fibers
1  2 : 1 17
2  1 : 2
3  1 : 3
4  1 : 4
5  1 : 5
6  1 : 6
7  1 : 7
8  1 : 8
9  1 : 9
10  1 : 10
11  1 : 11
12  1 : 12
13  1 : 13
14  1 : 14
15  1 : 15
16  1 : 16
18  1 : 18
19  1 : 19
20  1 : 20
21  1 : 21
22  1 : 22
23  1 : 23
24  1 : 24
25  1 : 25
26  1 : 26
27  1 : 27
28  1 : 28
29  1 : 29
30  1 : 30
31  1 : 31
% end

% frame 3
% time 0.4
% start   0.4
% cluster-index, number-of-fibers : name-of-fibers
1  2 : 1 17
2  1 : 2
3  1 : 3
4  1 : 4
5  1 : 5
6  1 : 6
7  2 : 7 32
8  1 : 8
9  1 : 9
10  2 : 10 33
11  1 : 11
12  1 : 12
13  1 : 13
14  1 : 14
15  1 : 15
16  1 : 16
18  1 : 18
19  1 : 19
20  1 : 20
21  1 : 21
22  1 : 22
23  1 : 23
24  1 : 24
25  1 : 25
26  1 : 26
27  1 : 27
28  1 : 28
29  1 : 29
30  1 : 30
31  1 : 31
% end

% frame 4
% time 0.5
% start   0.5
% cluster-index, number-of-fibers : name-of-fibers
1  2 : 1 17
2  1 : 2
3  1 : 3
4  1 : 4
5  2 : 5 35
6  1 : 6
7  2 : 7 32
8  1 : 8
9  1 : 9
10  2 : 10 33
11  1 : 11
12  1 : 12
13  1 : 13
14  1 : 14
15  1 : 15
16  1 : 16
18  1 : 18
19  2 : 19 34
20  1 : 20
21  1 : 21
22  1 : 22
23  1 : 23
24  1 : 24
25  1 : 25
26  1 : 26
27  1 : 27
28  1 : 28
29  1 : 29
30  1 : 30
31  1 : 31
% end

% frame 5
% time 0.6
% start   0.6
% cluster-index, number-of-fibers : name-of-fibers
1  2 : 1 17
2  1 : 2
3  1 : 3
4  1 : 4
5  3 : 5 35 39
6  1 : 6
7  3 : 7 32 37
8  1 : 8
9  1 : 9
10  3 : 10 33 38
11  1 : 11
12  1 : 12
13  1 : 13
14  1 : 14
15  1 : 15
16  1 : 16
18  1 : 18
19  2 : 19 34
20  1 : 20
21  1 : 21
22  1 : 22
23  1 : 23
24  1 : 24
25  1 : 25
26  1 : 26
27  1 : 27
28  2 : 28 36
29  1 : 29
30  1 : 30
31  1 : 31
% end

% frame 6
% time 0.7
% start   0.7
% cluster-index, number-of-fibers : name-of-fibers
1  2 : 1 17
2  1 : 2
3  2 : 3 41
4  1 : 4
5  3 : 5 35 39
6  1 : 6
7  3 : 7 32 37
8  1 : 8
9  1 : 9
10  3 : 10 33 38
11  1 : 11
12  1 : 12
13  1 : 13
14  1 : 14
15  1 : 15
16  2 : 16 42
18  1 : 18
19  2 : 19 34
20  1 : 20
21  1 : 21
22  1 : 22
23  1 : 23
24  1 : 24
25  1 : 25
26  1 : 26
27  1 : 27
28  2 : 28 36
29  2 : 29 40
30  1 : 30
31  1 : 31
% end

% frame 7
% time 0.8
% start   0.8
% cluster-index, number-of-fibers : name-of-fibers
1  2 : 1 17
2  1 : 2
3  2 : 3 41
4  1 : 4
5  3 : 5 35 39
6  1 : 6
7  3 : 7 32 37
8  1 : 8
9  1 : 9
10  4 : 10 33 38 42
11  1 : 11
12  1 : 12
13  1 : 13
14  1 : 14
15  2 : 15 43
16  1 : 16
18  1 : 18
19  2 : 19 34
20  1 : 20
21  1 : 21
22  1 : 22
23  1 : 23
24  1 : 24
25  1 : 25
26  1 : 26
27  1 : 27
28  2 : 28 36
29  2 : 29 40
30  1 : 30
31  1 : 31
% end

% frame 8
% time 0.9
% start   0.9
% cluster-index, number-of-fibers : name-of-fibers
1  2 : 1 17
2  1 : 2
3  2 : 3 41
4  1 : 4
5  3 : 5 35 39
6  1 : 6
7  3 : 7 32 37
8  1 : 8
9  1 : 9
10  5 : 10 33 38 42 44
11  1 : 11
12  1 : 12
13  1 : 13
14  1 : 14
15  2 : 15 43
16  2 : 16 45
18  1 : 18
19  2 : 19 34
20  1 : 20
21  1 : 21
22  1 : 22
23  1 : 23
24  1 : 24
25  1 : 25
26  1 : 26
27  1 : 27
28  2 : 28 36
29  2 : 29 40
30  1 : 30
31  1 : 31
% end

% frame 9
% time 1
% start   1
% cluster-index, number-of-fibers : name-of-fibers
1  2 : 1 17
2  3 : 2 48 49
3  2 : 3 41
4  3 : 4 50 53
5  3 : 5 35 39
6  3 : 6 46 51
7  3 : 7 32 37
8  1 : 8
9  1 : 9
10  9 : 10 33 38 42 44 47 52 54 55
11  1 : 11
12  1 : 12
13  1 : 13
14  1 : 14
15  2 : 15 43
16  2 : 16 45
18  1 : 18
19  2 : 19 34
20  1 : 20
21  1 : 21
22  1 : 22
23  1 : 23
24  1 : 24
25  1 : 25
26  1 : 26
27  1 : 27
28  2 : 28 36
29  2 : 29 40
30  1 : 30
31  1 : 31
% end

% frame 10
% time 1.1
% start   1.1
% cluster-index, number-of-fibers : name-of-fibers
1  2 : 1 17
2  4 : 2 48 49 59
3  2 : 3 41
4  4 : 4 50 53 57
5  4 : 5 35 39 58
6  3 : 6 46 51
7  3 : 7 32 37
8  1 : 8
9  1 : 9
10  9 : 10 33 38 42 44 47 52 54 55
11  1 : 11
12  1 : 12
13  1 : 13
14  1 : 14
15  2 : 15 43
16  3 : 16 45 56
18  1 : 18
19  2 : 19 34
20  1 : 20
21  1 : 21
22  1 : 22
23  1 : 23
24  1 : 24
25  1 : 25
26  1 : 26
27  1 : 27
28  2 : 28 36
29  2 : 29 40
30  1 : 30
31  1 : 31
% end

% frame 11
% time 1.2
% start   1.2
% cluster-index, number-of-fibers : name-of-fibers
1  2 : 1 17
2  4 : 2 48 49 59
3  2 : 3 41
4  4 : 4 50 53 57
5  4 : 5 35 39 58
6  3 : 6 46 51
7  3 : 7 32 37
8  1 : 8
9  1 : 9
10  9 : 10 33 38 42 44 47 52 54 55
11  1 : 11
12  1 : 12
13  1 : 13
14  1 : 14
15  2 : 15 43
16  3 : 16 45 56
18  1 : 18
19  2 : 19 34
20  1 : 20
21  1 : 21
22  1 : 22
23  1 : 23
24  1 : 24
25  1 : 25
26  1 : 26
27  1 : 27
28  2 : 28 36
29  2 : 29 40
30  1 : 30
31  1 : 31
% end

% frame 12
% time 1.3
% start   1.3
% cluster-index, number-of-fibers : name-of-fibers
1  2 : 1 17
2  4 : 2 48 49 59
3  2 : 3 41
4  6 : 4 50 53 57 62 63
5  4 : 5 35 39 58
6  4 : 6 46 51 61
7  3 : 7 32 37
8  1 : 8
9  1 : 9
10  11 : 10 33 38 42 44 47 52 54 55 60 64
11  1 : 11
12  1 : 12
13  1 : 13
14  1 : 14
15  2 : 15 43
16  3 : 16 45 56
18  1 : 18
19  2 : 19 34
20  1 : 20
21  1 : 21
22  1 : 22
23  1 : 23
24  1 : 24
25  1 : 25
26  1 : 26
27  1 : 27
28  2 : 28 36
29  2 : 29 40
30  1 : 30
31  1 : 31
% end

% frame 13
% time 1.4
% start   1.4
% cluster-index, number-of-fibers : name-of-fibers
1  2 : 1 17
2  5 : 2 48 49 59 68
3  2 : 3 41
4  6 : 4 50 53 57 62 63
5  4 : 5 35 39 58
6  5 : 6 46 51 61 65
7  3 : 7 32 37
8  1 : 8
9  1 : 9
10  11 : 10 33 38 42 44 47 52 54 55 60 64
11  2 : 11 66
12  1 : 12
13  1 : 13
14  1 : 14
15  2 : 15 43
16  4 : 16 45 56 67
18  1 : 18
19  2 : 19 34
20  1 : 20
21  1 : 21
22  1 : 22
23  1 : 23
24  1 : 24
25  1 : 25
26  1 : 26
27  1 : 27
28  2 : 28 36
29  2 : 29 40
30  1 : 30
31  1 : 31
% end

% frame 14
% time 1.5
% start   1.5
% cluster-index, number-of-fibers : name-of-fibers
1  2 : 1 17
2  5 : 2 48 49 59 68
3  2 : 3 41
4  6 : 4 50 53 57 62 63
5  4 : 5 35 39 58
6  8 : 6 46 51 61 65 71 73 74
7  3 : 7 32 37
8  1 : 8
9  1 : 9
10  13 : 10 33 38 42 44 47 52 54 55 60 64 70 76
11  2 : 11 66
12  1 : 12
13  1 : 13
14  1 : 14
15  3 : 15 43 69
16  4 : 16 45 56 67
18  1 : 18
19  5 : 19 34 72 75 77
20  1 : 20
21  1 : 21
22  1 : 22
23  1 : 23
24  1 : 24
25  1 : 25
26  1 : 26
27  1 : 27
28  2 : 28 36
29  2 : 29 40
30  1 : 30
31  1 : 31
% end

% frame 15
% time 1.6
% start   1.6
% cluster-index, number-of-fibers : name-of-fibers
1  2 : 1 17
2  5 : 2 48 49 59 68
3  2 : 3 41
4  6 : 4 50 53 57 62 63
5  4 : 5 35 39 58
6  10 : 6 46 51 61 65 71 73 74 79 81
7  3 : 7 32 37
8  1 : 8
9  1 : 9
10  14 : 10 33 38 42 44 47 52 54 55 60 64 70 76 80
11  2 : 11 66
12  1 : 12
13  1 : 13
14  2 : 14 82
15  3 : 15 43 69
16  5 : 16 45 56 67 78
18  1 : 18
19  5 : 19 34 72 75 77
20  1 : 20
21  1 : 21
22  1 : 22
23  1 : 23
24  1 : 24
25  1 : 25
26  1 : 26
27  1 : 27
28  2 : 28 36
29  2 : 29 40
30  1 : 30
31  1 : 31
% end

% frame 16
% time 1.7
% start   1.7
% cluster-index, number-of-fibers : name-of-fibers
1  2 : 1 17
2  5 : 2 48 49 59 68
3  2 : 3 41
4  8 : 4 50 53 57 62 63 84 85
5  4 : 5 35 39 58
6  11 : 6 46 51 61 65 71 73 74 79 81 83
7  3 : 7 32 37
8  1 : 8
9  1 : 9
10  14 : 10 33 38 42 44 47 52 54 55 60 64 70 76 80
11  2 : 11 66
12  1 : 12
13  1 : 13
14  2 : 14 82
15  3 : 15 43 69
16  5 : 16 45 56 67 78
18  1 : 18
19  7 : 19 34 72 75 77 86 87
20  1 : 20
21  1 : 21
22  1 : 22
23  1 : 23
24  1 : 24
25  1 : 25
26  1 : 26
27  1 : 27
28  2 : 28 36
29  2 : 29 40
30  1 : 30
31  1 : 31
% end

% frame 17
% time 1.8
% start   1.8
% cluster-index, number-of-fibers : name-of-fibers
1  2 : 1 17
2  6 : 2 48 49 59 68 90
3  2 : 3 41
4  9 : 4 50 53 57 62 63 84 85 91
5  4 : 5 35 39 58
6  12 : 6 46 51 61 65 71 73 74 79 81 83 88
7  3 : 7 32 37
8  1 : 8
9  1 : 9
10  14 : 10 33 38 42 44 47 52 54 55 60 64 70 76 80
11  2 : 11 66
12  1 : 12
13  1 : 13
14  2 : 14 82
15  3 : 15 43 69
16  5 : 16 45 56 67 78
18  1 : 18
19  8 : 19 34 72 75 77 86 87 89
20  1 : 20
21  1 : 21
22  1 : 22
23  1 : 23
24  1 : 24
25  1 : 25
26  1 : 26
27  1 : 27
28  2 : 28 36
29  2 : 29 40
30  1 : 30
31  1 : 31
% end

% frame 18
% time 1.9
% start   1.9
% cluster-index, number-of-fibers : name-of-fibers
1  2 : 1 17
2  6 : 2 48 49 59 68 90
3  2 : 3 41
4  9 : 4 50 53 57 62 63 84 85 91
5  4 : 5 35 39 58
6  15 : 6 46 51 61 65 71 73 74 79 81 83 88 92 93 94
7  3 : 7 32 37
8  1 : 8
9  1 : 9
10  17 : 10 33 38 42 44 47 52 54 55 60 64 70 76 80 95 97 98
11  2 : 11 66
12  1 : 12
13  1 : 13
14  2 : 14 82
15  3 : 15 43 69
16  6 : 16 45 56 67 78 96
18  1 : 18
19  8 : 19 34 72 75 77 86 87 89
20  1 : 20
21  1 : 21
22  1 : 22
23  1 : 23
24  1 : 24
25  1 : 25
26  1 : 26
27  1 : 27
28  2 : 28 36
29  2 : 29 40
30  1 : 30
31  1 : 31
% end

% frame 19
% time 2
% start   2
% cluster-index, number-of-fibers : name-of-fibers
1  2 : 1 17
2  6 : 2 48 49 59 68 90
3  2 : 3 41
4  9 : 4 50 53 57 62 63 84 85 91
5  4 : 5 35 39 58
6  16 : 6 46 51 61 65 71 73 74 79 81 83 88 92 93 94 101
7  3 : 7 32 37
8  1 : 8
9  1 : 9
10  19 : 10 33 38 42 44 47 52 54 55 60 64 70 76 80 95 97 98 99 100
11  2 : 11 66
12  1 : 12
13  1 : 13
14  2 : 14 82
15  3 : 15 43 69
16  6 : 16 45 56 67 78 96
18  1 : 18
19  8 : 19 34 72 75 77 86 87 89
20  1 : 20
21  1 : 21
22  1 : 22
23  1 : 23
24  1 : 24
25  1 : 25
26  1 : 26
27  1 : 27
28  2 : 28 36
29  2 : 29 40
30  1 : 30
31  1 : 31
% end

% frame 20
% time 2.1
% start   2.1
% cluster-index, number-of-fibers : name-of-fibers
1  2 : 1 17
2  7 : 2 48 49 59 68 90 103
3  2 : 3 41
4  11 : 4 50 53 57 62 63 84 85 91 109 111
5  4 : 5 35 39 58
6  18 : 6 46 51 61 65 71 73 74 79 81 83 88 92 93 94 101 105 107
7  3 : 7 32 37
8  1 : 8
9  1 : 9
10  21 : 10 33 38 42 44 47 52 54 55 60 64 70 76 80 95 97 98 99 100 108 112
11  2 : 11 66
12  1 : 12
13  1 : 13
14  3 : 14 82 106
15  3 : 15 43 69
16  8 : 16 45 56 67 78 96 102 110
18  1 : 18
19  10 : 19 34 72 75 77 86 87 89 104 113
20  1 : 20
21  1 : 21
22  1 : 22
23  1 : 23
24  1 : 24
25  1 : 25
26  1 : 26
27  1 : 27
28  2 : 28 36
29  2 : 29 40
30  1 : 30
31  1 : 31
% end

% frame 21
% time 2.2
% start   2.2
% cluster-index, number-of-fibers : name-of-fibers
1  2 : 1 17
2  7 : 2 48 49 59 68 90 103
3  2 : 3 41
4  13 : 4 50 53 57 62 63 84 85 91 109 111 114 120
5  4 : 5 35 39 58
6  18 : 6 46 51 61 65 71 73 74 79 81 83 88 92 93 94 101 105 107
7  3 : 7 32 37
8  1 : 8
9  1 : 9
10  22 : 10 33 38 42 44 47 52 54 55 60 64 70 76 80 95 97 98 99 100 108 112 116
11  2 : 11 66
12  1 : 12
13  1 : 13
14  3 : 14 82 106
15  3 : 15 43 69
16  11 : 16 45 56 67 78 96 102 110 115 118 119
18  1 : 18
19  11 : 19 34 72 75 77 86 87 89 104 113 117
20  1 : 20
21  1 : 21
22  1 : 22
23  1 : 23
24  1 : 24
25  1 : 25
26  1 : 26
27  1 : 27
28  2 : 28 36
29  2 : 29 40
30  1 : 30
31  1 : 31
% end

% frame 22
% time 2.3
% start   2.3
% cluster-index, number-of-fibers : name-of-fibers
1  2 : 1 17
2  7 : 2 48 49 59 68 90 103
3  2 : 3 41
4  16 : 4 50 53 57 62 63 84 85 91 109 111 114 120 121 123 125
5  4 : 5 35 39 58
6  19 : 6 46 51 61 65 71 73 74 79 81 83 88 92 93 94 101 105 107 124
7  3 : 7 32 37
8  1 : 8
9  1 : 9
10  22 : 10 33 38 42 44 47 52 54 55 60 64 70 76 80 95 97 98 99 100 108 112 116
11  2 : 11 66
12  1 : 12
13  1 : 13
14  3 : 14 82 106
15  3 : 15 43 69
16  12 : 16 45 56 67 78 96 102 110 115 118 119 122
18  1 : 18
19  11 : 19 34 72 75 77 86 87 89 104 113 117
20  1 : 20
21  1 : 21
22  1 : 22
23  1 : 23
24  1 : 24
25  1 : 25
26  1 : 26
27  1 : 27
28  2 : 28 36
29  2 : 29 40
30  1 : 30
31  1 : 31
% end

% frame 23
% time 2.4
% start   2.4
% cluster-index, number-of-fibers : name-of-fibers
1  2 : 1 17
2  7 : 2 48 49 59 68 90 103
3  2 : 3 41
4  18 : 4 50 53 57 62 63 84 85 91 109 111 114 120 121 123 125 128 130
5  4 : 5 35 39 58
6  19 : 6 46 51 61 65 71 73 74 79 81 83 88 92 93 94 101 105 107 124
7  3 : 7 32 37
8  1 : 8
9  1 : 9
10  23 : 10 33 38 42 44 47 52 54 55 60 64 70 76 80 95 97 98 99 100 108 112 116 126
11  2 : 11 66
12  1 : 12
13  1 : 13
14  3 : 14 82 106
15  4 : 15 43 69 129
16  13 : 16 45 56 67 78 96 102 110 115 118 119 122 131
18  1 : 18
19  12 : 19 34 72 75 77 86 87 89 104 113 117 127
20  1 : 20
21  1 : 21
22  1 : 22
23  1 : 23
24  1 : 24
25  1 : 25
26  1 : 26
27  1 : 27
28  2 : 28 36
29  2 : 29 40
30  1 : 30
31  1 : 31
% end

% frame 24
% time 2.5
% start   2.5
% cluster-index, number-of-fibers : name-of-fibers
1  2 : 1 17
2  7 : 2 48 49 59 68 90 103
3  2 : 3 41
4  18 : 4 50 53 57 62 63 84 85 91 109 111 114 120 121 123 125 128 130
5  4 : 5 35 39 58
6  21 : 6 46 51 61 65 71 73 74 79 81 83 88 92 93 94 101 105 107 124 132 136
7  3 : 7 32 37
8  1 : 8
9  1 : 9
10  24 : 10 33 38 42 44 47 52 54 55 60 64 70 76 80 95 97 98 99 100 108 112 116 126 133
11  2 : 11 66
12  1 : 12
13  1 : 13
14  3 : 14 82 106
15  4 : 15 43 69 129
16  14 : 16 45 56 67 78 96 102 110 115 118 119 122 131 134
18  1 : 18
19  13 : 19 34 72 75 77 86 87 89 104 113 117 127 135
20  1 : 20
21  1 : 21
22  1 : 22
23  1 : 23
24  1 : 24
25  1 : 25
26  1 : 26
27  1 : 27
28  2 : 28 36
29  2 : 29 40
30  1 : 30
31  1 : 31
% end

% frame 25
% time 2.6
% start   2.6
% cluster-index, number-of-fibers : name-of-fibers
1  2 : 1 17
2  7 : 2 48 49 59 68 90 103
3  2 : 3 41
4  21 : 4 50 53 57 62 63 84 85 91 109 111 114 120 121 123 125 128 130 139 140 142
5  4 : 5 35 39 58
6  21 : 6 46 51 61 65 71 73 74 79 81 83 88 92 93 94 101 105 107 124 132 136
7  3 : 7 32 37
8  1 : 8
9  1 : 9
10  25 : 10 33 38 42 44 47 52 54 55 60 64 70 76 80 95 97 98 99 100 108 112 116 126 133 143
11  2 : 11 66
12  1 : 12
13  1 : 13
14  3 : 14 82 106
15  4 : 15 43 69 129
16  17 : 16 45 56 67 78 96 102 110 115 118 119 122 131 134 137 138 141
18  1 : 18
19  13 : 19 34 72 75 77 86 87 89 104 113 117 127 135
20  1 : 20
21  1 : 21
22  1 : 22
23  1 : 23
24  1 : 24
25  1 : 25
26  1 : 26
27  1 : 27
28  2 : 28 36
29  2 : 29 40
30  1 : 30
31  1 : 31
% end

% frame 26
% time 2.7
% start   2.7
% cluster-index, number-of-fibers : name-of-fibers
1  2 : 1 17
2  7 : 2 48 49 59 68 90 103
3  2 : 3 41
4  22 : 4 50 53 57 62 63 84 85 91 109 111 114 120 121 123 125 128 130 139 140 142 145
5  4 : 5 35 39 58
6  21 : 6 46 51 61 65 71 73 74 79 81 83 88 92 93 94 101 105 107 124 132 136
7  3 : 7 32 37
8  1 : 8
9  1 : 9
10  26 : 10 33 38 42 44 47 52 54 55 60 64 70 76 80 95 97 98 99 100 108 112 116 126 133 143 144
11  2 : 11 66
12  1 : 12
13  1 : 13
14  3 : 14 82 106
15  4 : 15 43 69 129
16  17 : 16 45 56 67 78 96 102 110 115 118 119 122 131 134 137 138 141
18  1 : 18
19  13 : 19 34 72 75 77 86 87 89 104 113 117 127 135
20  1 : 20
21  1 : 21
22  1 : 22
23  1 : 23
24  1 : 24
25  1 : 25
26  1 : 26
27  1 : 27
28  2 : 28 36
29  2 : 29 40
30  1 : 30
31  1 : 31
% end

% frame 27
% time 2.8
% start   2.8
% cluster-index, number-of-fibers : name-of-fibers
1  2 : 1 17
2  7 : 2 48 49 59 68 90 103
3  2 : 3 41
4  22 : 4 50 53 57 62 63 84 85 91 109 111 114 120 121 123 125 128 130 139 140 142 145
5  4 : 5 35 39 58
6  21 : 6 46 51 61 65 71 73 74 79 81 83 88 92 93 94 101 105 107 124 132 136
7  3 : 7 32 37
8  1 : 8
9  1 : 9
10  27 : 10 33 38 42 44 47 52 54 55 60 64 70 76 80 95 97 98 99 100 108 112 116 126 133 143 144 147
11  2 : 11 66
12  1 : 12
13  1 : 13
14  3 : 14 82 106
15  4 : 15 43 69 129
16  20 : 16 45 56 67 78 96 102 110 115 118 119 122 131 134 137 138 141 146 148 150
18  1 : 18
19  14 : 19 34 72 75 77 86 87 89 104 113 117 127 135 149
20  1 : 20
21  1 : 21
22  1 : 22
23  1 : 23
24  1 : 24
25  1 : 25
26  1 : 26
27  1 : 27
28  2 : 28 36
29  2 : 29 40
30  1 : 30
31  1 : 31
% end

% frame 28
% time 2.9
% start   2.9
% cluster-index, number-of-fibers : name-of-fibers
1  2 : 1 17
2  7 : 2 48 49 59 68 90 103
3  2 : 3 41
4  24 : 4 50 53 57 62 63 84 85 91 109 111 114 120 121 123 125 128 130 139 140 142 145 152 153
5  4 : 5 35 39 58
6  21 : 6 46 51 61 65 71 73 74 79 81 83 88 92 93 94 101 105 107 124 132 136
7  3 : 7 32 37
8  1 : 8
9  1 : 9
10  28 : 10 33 38 42 44 47 52 54 55 60 64 70 76 80 95 97 98 99 100 108 112 116 126 133 143 144 147 155
11  2 : 11 66
12  1 : 12
13  1 : 13
14  3 : 14 82 106
15  4 : 15 43 69 129
16  22 : 16 45 56 67 78 96 102 110 115 118 119 122 131 134 137 138 141 146 148 150 151 154
18  1 : 18
19  14 : 19 34 72 75 77 86 87 89 104 113 117 127 135 149
20  1 : 20
21  1 : 21
22  1 : 22
23  1 : 23
24  1 : 24
25  1 : 25
26  1 : 26
27  1 : 27
28  2 : 28 36
29  2 : 29 40
30  1 : 30
31  1 : 31
% end

% frame 29
% time 3
% start   3
% cluster-index, number-of-fibers : name-of-fibers
1  3 : 1 17 156
2  7 : 2 48 49 59 68 90 103
3  2 : 3 41
4  24 : 4 50 53 57 62 63 84 85 91 109 111 114 120 121 123 125 128 130 139 140 142 145 152 153
5  4 : 5 35 39 58
6  21 : 6 46 51 61 65 71 73 74 79 81 83 88 92 93 94 101 105 107 124 132 136
7  3 : 7 32 37
8  1 : 8
9  1 : 9
10  29 : 10 33 38 42 44 47 52 54 55 60 64 70 76 80 95 97 98 99 100 108 112 116 126 133 143 144 147 155 158
11  2 : 11 66
12  1 : 12
13  1 : 13
14  3 : 14 82 106
15  4 : 15 43 69 129
16  23 : 16 45 56 67 78 96 102 110 115 118 119 122 131 134 137 138 141 146 148 150 151 154 157
18  1 : 18
19  14 : 19 34 72 75 77 86 87 89 104 113 117 127 135 149
20  1 : 20
21  1 : 21
22  1 : 22
23  1 : 23
24  1 : 24
25  1 : 25
26  1 : 26
27  1 : 27
28  2 : 28 36
29  2 : 29 40
30  1 : 30
31  1 : 31
% end

% frame 30
% time 3.1
% start   3.1
% cluster-index, number-of-fibers : name-of-fibers
1  3 : 1 17 156
2  7 : 2 48 49 59 68 90 103
3  2 : 3 41
4  25 : 4 50 53 57 62 63 84 85 91 109 111 114 120 121 123 125 128 130 139 140 142 145 152 153 160
5  4 : 5 35 39 58
6  21 : 6 46 51 61 65 71 73 74 79 81 83 88 92 93 94 101 105 107 124 132 136
7  3 : 7 32 37
8  1 : 8
9  1 : 9
10  29 : 10 33 38 42 44 47 52 54 55 60 64 70 76 80 95 97 98 99 100 108 112 116 126 133 143 144 147 155 158
11  2 : 11 66
12  1 : 12
13  1 : 13
14  3 : 14 82 106
15  4 : 15 43 69 129
16  25 : 16 45 56 67 78 96 102 110 115 118 119 122 131 134 137 138 141 146 148 150 151 154 157 159 161
18  1 : 18
19  14 : 19 34 72 75 77 86 87 89 104 113 117 127 135 149
20  1 : 20
21  1 : 21
22  1 : 22
23  1 : 23
24  1 : 24
25  1 : 25
26  1 : 26
27  1 : 27
28  2 : 28 36
29  2 : 29 40
30  1 : 30
31  1 : 31
% end

% frame 31
% time 3.2
% start   3.2
% cluster-index, number-of-fibers : name-of-fibers
1  3 : 1 17 156
2  7 : 2 48 49 59 68 90 103
3  2 : 3 41
4  26 : 4 50 53 57 62 63 84 85 91 109 111 114 120 121 123 125 128 130 139 140 142 145 152 153 160 163
5  4 : 5 35 39 58
6  22 : 6 46 51 61 65 71 73 74 79 81 83 88 92 93 94 101 105 107 124 132 136 168
7  3 : 7 32 37
8  1 : 8
9  1 : 9
10  30 : 10 33 38 42 44 47 52 54 55 60 64 70 76 80 95 97 98 99 100 108 112 116 126 133 143 144 147 155 158 169
11  3 : 11 66 162
12  1 : 12
13  1 : 13
14  3 : 14 82 106
15  4 : 15 43 69 129
16  29 : 16 45 56 67 78 96 102 110 115 118 119 122 131 134 137 138 141 146 148 150 151 154 157 159 161 164 165 166 167
18  1 : 18
19  14 : 19 34 72 75 77 86 87 89 104 113 117 127 135 149
20  1 : 20
21  1 : 21
22  1 : 22
23  1 : 23
24  1 : 24
25  1 : 25
26  1 : 26
27  1 : 27
28  2 : 28 36
29  2 : 29 40
30  1 : 30
31  1 : 31
% end

% frame 32
% time 3.3
% start   3.3
% cluster-index, number-of-fibers : name-of-fibers
1  3 : 1 17 156
2  7 : 2 48 49 59 68 90 103
3  2 : 3 41
4  28 : 4 50 53 57 62 63 84 85 91 109 111 114 120 121 123 125 128 130 139 140 142 145 152 153 160 163 170 171
5  4 : 5 35 39 58
6  22 : 6 46 51 61 65 71 73 74 79 81 83 88 92 93 94 101 105 107 124 132 136 168
7  3 : 7 32 37
8  1 : 8
9  1 : 9
10  30 : 10 33 38 42 44 47 52 54 55 60 64 70 76 80 95 97 98 99 100 108 112 116 126 133 143 144 147 155 158 169
11  3 : 11 66 162
12  1 : 12
13  1 : 13
14  3 : 14 82 106
15  4 : 15 43 69 129
16  30 : 16 45 56 67 78 96 102 110 115 118 119 122 131 134 137 138 141 146 148 150 151 154 157 159 161 164 165 166 167 172
18  1 : 18
19  15 : 19 34 72 75 77 86 87 89 104 113 117 127 135 149 173
20  1 : 20
21  1 : 21
22  1 : 22
23  1 : 23
24  1 : 24
25  1 : 25
26  1 : 26
27  1 : 27
28  2 : 28 36
29  2 : 29 40
30  1 : 30
31  1 : 31
% end

% frame 33
% time 3.4
% start   3.4
% cluster-index, number-of-fibers : name-of-fibers
1  3 : 1 17 156
2  7 : 2 48 49 59 68 90 103
3  2 : 3 41
4  29 : 4 50 53 57 62 63 84 85 91 109 111 114 120 121 123 125 128 130 139 140 142 145 152 153 160 163 170 171 174
5  4 : 5 35 39 58
6  22 : 6 46 51 61 65 71 73 74 79 81 83 88 92 93 94 101 105 107 124 132 136 168
7  3 : 7 32 37
8  1 : 8
9  1 : 9
10  30 : 10 33 38 42 44 47 52 54 55 60 64 70 76 80 95 97 98 99 100 108 112 116 126 133 143 144 147 155 158 169
11  3 : 11 66 162
12  1 : 12
13  1 : 13
14  3 : 14 82 106
15  4 : 15 43 69 129
16  30 : 16 45 56 67 78 96 102 110 115 118 119 122 131 134 137 138 141 146 148 150 151 154 157 159 161 164 165 166 167 172
18  1 : 18
19  15 : 19 34 72 75 77 86 87 89 104 113 117 127 135 149 173
20  1 : 20
21  1 : 21
22  1 : 22
23  1 : 23
24  1 : 24
25  1 : 25
26  1 : 26
27  1 : 27
28  2 : 28 36
29  2 : 29 40
30  1 : 30
31  1 : 31
% end

% frame 34
% time 3.5
% start   3.5
% cluster-index, number-of-fibers : name-of-fibers
1  3 : 1 17 156
2  7 : 2 48 49 59 68 90 103
3  2 : 3 41
4  29 : 4 50 53 57 62 63 84 85 91 109 111 114 120 121 123 125 128 130 139 140 142 145 152 153 160 163 170 171 174
5  4 : 5 35 39 58
6  22 : 6 46 51 61 65 71 73 74 79 81 83 88 92 93 94 101 105 107 124 132 136 168
7  3 : 7 32 37
8  1 : 8
9  1 : 9
10  33 : 10 33 38 42 44 47 52 54 55 60 64 70 76 80 95 97 98 99 100 108 112 116 126 133 143 144 147 155 158 169 177 178 180
11  3 : 11 66 162
12  1 : 12
13  1 : 13
14  3 : 14 82 106
15  4 : 15 43 69 129
16  32 : 16 45 56 67 78 96 102 110 115 118 119 122 131 134 137 138 141 146 148 150 151 154 157 159 161 164 165 166 167 172 175 176
18  1 : 18
19  15 : 19 34 72 75 77 86 87 89 104 113 117 127 135 149 173
20  1 : 20
21  1 : 21
22  1 : 22
23  1 : 23
24  1 : 24
25  1 : 25
26  2 : 26 179
27  1 : 27
28  2 : 28 36
29  2 : 29 40
30  1 : 30
31  1 : 31
% end

% frame 35
% time 3.6
% start   3.6
% cluster-index, number-of-fibers : name-of-fibers
1  3 : 1 17 156
2  7 : 2 48 49 59 68 90 103
3  2 : 3 41
4  29 : 4 50 53 57 62 63 84 85 91 109 111 114 120 121 123 125 128 130 139 140 142 145 152 153 160 163 170 171 174
5  4 : 5 35 39 58
6  22 : 6 46 51 61 65 71 73 74 79 81 83 88 92 93 94 101 105 107 124 132 136 168
7  3 : 7 32 37
8  1 : 8
9  1 : 9
10  33 : 10 33 38 42 44 47 52 54 55 60 64 70 76 80 95 97 98 99 100 108 112 116 126 133 143 144 147 155 158 169 177 178 180
11  3 : 11 66 162
12  1 : 12
13  1 : 13
14  3 : 14 82 106
15  4 : 15 43 69 129
16  34 : 16 45 56 67 78 96 102 110 115 118 119 122 131 134 137 138 141 146 148 150 151 154 157 159 161 164 165 166 167 172 175 176 181 182
18  1 : 18
19  15 : 19 34 72 75 77 86 87 89 104 113 117 127 135 149 173
20  1 : 20
21  1 : 21
22  1 : 22
23  1 : 23
24  1 : 24
25  1 : 25
26  2 : 26 179
27  1 : 27
28  2 : 28 36
29  2 : 29 40
30  1 : 30
31  1 : 31
% end

% frame 36
% time 3.7
% start   3.7
% cluster-index, number-of-fibers : name-of-fibers
1  3 : 1 17 156
2  7 : 2 48 49 59 68 90 103
3  2 : 3 41
4  29 : 4 50 53 57 62 63 84 85 91 109 111 114 120 121 123 125 128 130 139 140 142 145 152 153 160 163 170 171 174
5  4 : 5 35 39 58
6  22 : 6 46 51 61 65 71 73 74 79 81 83 88 92 93 94 101 105 107 124 132 136 168
7  3 : 7 32 37
8  1 : 8
9  1 : 9
10  33 : 10 33 38 42 44 47 52 54 55 60 64 70 76 80 95 97 98 99 100 108 112 116 126 133 143 144 147 155 158 169 177 178 180
11  3 : 11 66 162
12  1 : 12
13  1 : 13
14  3 : 14 82 106
15  4 : 15 43 69 129
16  34 : 16 45 56 67 78 96 102 110 115 118 119 122 131 134 137 138 141 146 148 150 151 154 157 159 161 164 165 166 167 172 175 176 181 182
18  1 : 18
19  16 : 19 34 72 75 77 86 87 89 104 113 117 127 135 149 173 183
20  1 : 20
21  1 : 21
22  1 : 22
23  1 : 23
24  1 : 24
25  1 : 25
26  2 : 26 179
27  1 : 27
28  2 : 28 36
29  2 : 29 40
30  1 : 30
31  1 : 31
% end

% frame 37
% time 3.8
% start   3.8
% cluster-index, number-of-fibers : name-of-fibers
1  3 : 1 17 156
2  7 : 2 48 49 59 68 90 103
3  2 : 3 41
4  29 : 4 50 53 57 62 63 84 85 91 109 111 114 120 121 123 125 128 130 139 140 142 145 152 153 160 163 170 171 174
5  4 : 5 35 39 58
6  22 : 6 46 51 61 65 71 73 74 79 81 83 88 92 93 94 101 105 107 124 132 136 168
7  3 : 7 32 37
8  1 : 8
9  1 : 9
10  33 : 10 33 38 42 44 47 52 54 55 60 64 70 76 80 95 97 98 99 100 108 112 116 126 133 143 144 147 155 158 169 177 178 180
11  3 : 11 66 162
12  1 : 12
13  1 : 13
14  3 : 14 82 106
15  4 : 15 43 69 129
16  36 : 16 45 56 67 78 96 102 110 115 118 119 122 131 134 137 138 141 146 148 150 151 154 157 159 161 164 165 166 167 172 175 176 181 182 185 186
18  1 : 18
19  16 : 19 34 72 75 77 86 89 104 113 117 127 135 149 173 183 184
20  1 : 20
21  1 : 21
22  1 : 22
23  1 : 23
24  1 : 24
25  1 : 25
26  2 : 26 179
27  1 : 27
28  2 : 28 36
29  2 : 29 40
30  1 : 30
31  1 : 31
87  1 : 87
% end

% frame 38
% time 3.9
% start   3.9
% cluster-index, number-of-fibers : name-of-fibers
1  3 : 1 17 156
2  7 : 2 48 49 59 68 90 103
3  2 : 3 41
4  31 : 4 50 53 57 62 63 84 85 91 109 111 114 120 121 123 125 128 130 139 140 142 145 152 153 160 163 170 171 174 187 190
5  4 : 5 35 39 58
6  22 : 6 46 51 61 65 71 73 74 79 81 83 88 92 93 94 101 105 107 124 132 136 168
7  3 : 7 32 37
8  1 : 8
9  1 : 9
10  33 : 10 33 38 42 44 47 52 54 55 60 64 70 76 80 95 97 98 99 100 108 112 116 126 133 143 144 147 155 158 169 177 178 180
11  3 : 11 66 162
12  1 : 12
13  1 : 13
14  3 : 14 82 106
15  5 : 15 43 69 129 188
16  37 : 16 45 56 67 78 96 102 110 115 118 119 122 131 134 137 138 141 146 148 150 151 154 157 159 161 164 165 166 167 172 175 176 181 182 185 186 189
18  1 : 18
19  16 : 19 34 72 75 77 86 89 104 113 117 127 135 149 173 183 184
20  1 : 20
21  1 : 21
22  1 : 22
23  1 : 23
24  1 : 24
25  1 : 25
26  2 : 26 179
27  1 : 27
28  2 : 28 36
29  2 : 29 40
30  1 : 30
31  1 : 31
87  1 : 87
% end

% frame 39
% time 4
% start   4
% cluster-index, number-of-fibers : name-of-fibers
1  3 : 1 17 156
2  7 : 2 48 49 59 68 90 103
3  2 : 3 41
4  31 : 4 50 53 57 62 63 84 85 91 109 111 114 120 121 123 125 128 130 139 140 142 145 152 153 160 163 170 171 174 187 190
5  4 : 5 35 39 58
6  23 : 6 46 51 61 65 71 73 74 79 81 83 88 92 93 94 101 105 107 124 132 136 168 193
7  3 : 7 32 37
8  1 : 8
9  1 : 9
10  33 : 10 33 38 42 44 47 52 54 55 60 64 70 76 80 95 97 98 99 100 108 112 116 126 133 143 144 147 155 158 169 177 178 180
11  3 : 11 66 162
12  1 : 12
13  1 : 13
14  3 : 14 82 106
15  5 : 15 43 69 129 188
16  40 : 16 45 56 67 78 96 102 110 115 118 119 122 131 134 137 138 141 146 148 150 151 154 157 159 161 164 165 166 167 172 175 176 181 182 185 186 189 191 192 194
18  1 : 18
19  16 : 19 34 72 75 77 86 89 104 113 117 127 135 149 173 183 184
20  1 : 20
21  1 : 21
22  1 : 22
23  1 : 23
24  1 : 24
25  1 : 25
26  2 : 26 179
27  1 : 27
28  2 : 28 36
29  2 : 29 40
30  1 : 30
31  1 : 31
87  1 : 87
% end

% frame 40
% time 4.1
% start   4.1
% cluster-index, number-of-fibers : name-of-fibers
1  3 : 1 17 156
2  7 : 2 48 49 59 68 90 103
3  2 : 3 41
4  35 : 4 50 53 57 62 63 84 85 91 109 111 114 120 121 123 125 128 130 139 140 142 145 152 153 160 163 170 171 174 187 190 195 196 198 199
5  4 : 5 35 39 58
6  24 : 6 46 51 61 65 71 73 74 79 81 83 88 92 93 94 101 105 107 124 132 136 168 193 197
7  3 : 7 32 37
8  1 : 8
9  1 : 9
10  33 : 10 33 38 42 44 47 52 54 55 60 64 70 76 80 95 97 98 99 100 108 112 116 126 133 143 144 147 155 158 169 177 178 180
11  3 : 11 66 162
12  1 : 12
13  1 : 13
14  3 : 14 82 106
15  5 : 15 43 69 129 188
16  41 : 16 45 56 67 78 96 102 110 115 118 119 122 131 134 137 138 141 146 148 150 151 154 157 159 161 164 165 166 167 172 175 176 181 182 185 186 189 191 192 194 200
18  1 : 18
19  16 : 19 34 72 75 77 86 89 104 113 117 127 135 149 173 183 184
20  1 : 20
21  1 : 21
22  1 : 22
23  1 : 23
24  1 : 24
25  1 : 25
26  2 : 26 179
27  1 : 27
28  2 : 28 36
29  2 : 29 40
30  1 : 30
31  1 : 31
87  1 : 87
% end

% frame 41
% time 4.2
% start   4.2
% cluster-index, number-of-fibers : name-of-fibers
1  3 : 1 17 156
2  7 : 2 48 49 59 68 90 103
3  2 : 3 41
4  35 : 4 50 53 57 62 63 84 85 91 109 111 114 120 121 123 125 128 130 139 140 142 145 152 153 160 163 170 171 174 187 190 195 196 198 199
5  4 : 5 35 39 58
6  24 : 6 46 51 61 65 71 73 74 79 81 83 88 92 93 94 101 105 107 124 132 136 168 193 197
7  3 : 7 32 37
8  1 : 8
9  1 : 9
10  33 : 10 33 38 42 44 47 52 54 55 60 64 70 76 80 95 97 98 99 100 108 112 116 126 133 143 144 147 155 158 169 177 178 180
11  3 : 11 66 162
12  1 : 12
13  1 : 13
14  3 : 14 82 106
15  5 : 15 43 69 129 188
16  41 : 16 45 56 67 78 96 102 110 115 118 119 122 131 134 137 138 141 146 148 150 151 154 157 159 161 164 165 166 167 172 175 176 181 182 185 186 189 191 192 194 200
18  1 : 18
19  16 : 19 34 72 75 77 86 89 104 113 117 127 135 149 173 183 184
20  1 : 20
21  1 : 21
22  1 : 22
23  1 : 23
24  1 : 24
25  1 : 25
26  2 : 26 179
27  1 : 27
28  2 : 28 36
29  2 : 29 40
30  1 : 30
31  1 : 31
87  1 : 87
% end

% frame 42
% time 4.3
% start   4.3
% cluster-index, number-of-fibers : name-of-fibers
1  3 : 1 17 156
2  7 : 2 48 49 59 68 90 103
3  2 : 3 41
4  35 : 4 50 53 57 62 63 84 85 91 109 111 114 120 121 123 125 128 130 139 140 142 145 152 153 160 163 170 171 174 187 190 195 196 198 199
5  4 : 5 35 39 58
6  24 : 6 46 51 61 65 71 73 74 79 81 83 88 92 93 94 101 105 107 124 132 136 168 193 197
7  3 : 7 32 37
8  1 : 8
9  1 : 9
10  33 : 10 33 38 42 44 47 52 54 55 60 64 70 76 80 95 97 98 99 100 108 112 116 126 133 143 144 147 155 158 169 177 178 180
11  3 : 11 66 162
12  1 : 12
13  1 : 13
14  3 : 14 82 106
15  5 : 15 43 69 129 188
16  41 : 16 45 56 67 78 96 102 110 115 118 119 122 131 134 137 138 141 146 148 150 151 154 157 159 161 164 165 166 167 172 175 176 181 182 185 186 189 191 192 194 200
18  1 : 18
19  16 : 19 34 72 75 77 86 89 104 113 117 127 135 149 173 183 184
20  1 : 20
21  1 : 21
22  1 : 22
23  1 : 23
24  1 : 24
25  1 : 25
26  2 : 26 179
27  1 : 27
28  2 : 28 36
29  2 : 29 40
30  1 : 30
31  1 : 31
87  1 : 87
% end

% frame 43
% time 4.4
% start   4.4
% cluster-index, number-of-fibers : name-of-fibers
1  3 : 1 17 156
2  7 : 2 48 49 59 68 90 103
3  2 : 3 41
4  35 : 4 50 53 57 62 63 84 85 91 109 111 114 120 121 123 125 128 130 139 140 142 145 152 153 160 163 170 171 174 187 190 195 196 198 199
5  4 : 5 35 39 58
6  24 : 6 46 51 61 65 71 73 74 79 81 83 88 92 93 94 101 105 107 124 132 136 168 193 197
7  3 : 7 32 37
8  1 : 8
9  1 : 9
10  33 : 10 33 38 42 44 47 52 54 55 60 64 70 76 80 95 97 98 99 100 108 112 116 126 133 143 144 147 155 158 169 177 178 180
11  3 : 11 66 162
12  1 : 12
13  1 : 13
14  3 : 14 82 106
15  5 : 15 43 69 129 188
16  42 : 16 45 56 67 78 96 102 110 115 118 119 122 131 134 137 138 141 146 148 150 151 154 157 159 161 164 165 166 167 172 175 176 181 182 185 186 189 191 192 194 200 201
18  1 : 18
19  16 : 19 34 72 75 77 86 89 104 113 117 127 135 149 173 183 184
20  1 : 20
21  1 : 21
22  1 : 22
23  1 : 23
24  1 : 24
25  1 : 25
26  2 : 26 179
27  1 : 27
28  2 : 28 36
29  2 : 29 40
30  1 : 30
31  1 : 31
87  1 : 87
% end

% frame 44
% time 4.5
% start   4.5
% cluster-index, number-of-fibers : name-of-fibers
1  3 : 1 17 156
2  7 : 2 48 49 59 68 90 103
3  2 : 3 41
4  36 : 4 50 53 57 62 63 84 85 91 109 111 114 120 121 123 125 128 130 139 140 142 145 152 153 160 163 170 171 174 187 190 195 196 198 199 202
5  4 : 5 35 39 58
6  24 : 6 46 51 61 65 71 73 74 79 81 83 88 92 93 94 101 105 107 124 132 136 168 193 197
7  3 : 7 32 37
8  1 : 8
9  1 : 9
10  33 : 10 33 38 42 44 47 52 54 55 60 64 70 76 80 95 97 98 99 100 108 112 116 126 133 143 144 147 155 158 169 177 178 180
11  3 : 11 66 162
12  1 : 12
13  1 : 13
14  3 : 14 82 106
15  5 : 15 43 69 129 188
16  43 : 16 45 56 67 78 96 102 110 115 118 119 122 131 134 137 138 141 146 148 150 151 154 157 159 161 164 165 166 167 172 175 176 181 182 185 186 189 191 192 194 200 201 203
18  1 : 18
19  16 : 19 34 72 75 77 86 89 104 113 117 127 135 149 173 183 184
20  1 : 20
21  1 : 21
22  1 : 22
23  1 : 23
24  1 : 24
25  1 : 25
26  2 : 26 179
27  1 : 27
28  2 : 28 36
29  2 : 29 40
30  1 : 30
31  1 : 31
87  1 : 87
% end

% frame 45
% time 4.6
% start   4.6
% cluster-index, number-of-fibers : name-of-fibers
1  3 : 1 17 156
2  7 : 2 48 49 59 68 90 103
3  2 : 3 41
4  36 : 4 50 53 57 62 63 84 85 91 109 111 114 120 121 123 125 128 130 139 140 142 145 152 153 160 163 170 171 174 187 190 195 196 198 199 202
5  4 : 5 35 39 58
6  24 : 6 46 51 61 65 71 73 74 79 81 83 88 92 93 94 101 105 107 124 132 136 168 193 197
7  3 : 7 32 37
8  1 : 8
9  1 : 9
10  33 : 10 33 38 42 44 47 52 54 55 60 64 70 76 80 95 97 98 99 100 108 112 116 126 133 143 144 147 155 158 169 177 178 180
11  3 : 11 66 162
12  1 : 12
13  1 : 13
14  3 : 14 82 106
15  5 : 15 43 69 129 188
16  45 : 16 45 56 67 78 96 102 110 115 118 119 122 131 134 137 138 141 146 148 150 151 154 157 159 161 164 165 166 167 172 175 176 181 182 185 186 189 191 192 194 200 201 203 204 205
18  1 : 18
19  16 : 19 34 72 75 77 86 89 104 113 117 127 135 149 173 183 184
20  1 : 20
21  1 : 21
22  1 : 22
23  1 : 23
24  1 : 24
25  1 : 25
26  2 : 26 179
27  1 : 27
28  2 : 28 36
29  2 : 29 40
30  1 : 30
31  1 : 31
87  1 : 87
% end

% frame 46
% time 4.7
% start   4.7
% cluster-index, number-of-fibers : name-of-fibers
1  3 : 1 17 156
2  7 : 2 48 49 59 68 90 103
3  2 : 3 41
4  37 : 4 50 53 57 62 63 84 85 91 109 111 114 120 121 123 125 128 130 139 140 142 145 152 153 160 163 170 171 174 187 190 195 196 198 199 202 206
5  4 : 5 35 39 58
6  24 : 6 46 51 61 65 71 73 74 79 81 83 88 92 93 94 101 105 107 124 132 136 168 193 197
7  3 : 7 32 37
8  1 : 8
9  1 : 9
10  33 : 10 33 38 42 44 47 52 54 55 60 64 70 76 80 95 97 98 99 100 108 112 116 126 133 143 144 147 155 158 169 177 178 180
11  3 : 11 66 162
12  1 : 12
13  1 : 13
14  3 : 14 82 106
15  5 : 15 43 69 129 188
16  47 : 16 45 56 67 78 96 102 110 115 118 119 122 131 134 137 138 141 146 148 150 151 154 157 159 161 164 165 166 167 172 175 176 181 182 185 186 189 191 192 194 200 201 203 204 205 207 208
18  1 : 18
19  16 : 19 34 72 75 77 86 89 104 113 117 127 135 149 173 183 184
20  1 : 20
21  1 : 21
22  1 : 22
23  1 : 23
24  1 : 24
25  1 : 25
26  2 : 26 179
27  1 : 27
28  2 : 28 36
29  2 : 29 40
30  1 : 30
31  1 : 31
87  1 : 87
% end

% frame 47
% time 4.8
% start   4.8
% cluster-index, number-of-fibers : name-of-fibers
1  3 : 1 17 156
2  7 : 2 48 49 59 68 90 103
3  2 : 3 41
4  38 : 4 50 53 57 62 63 84 85 91 109 111 114 120 121 123 125 128 130 139 140 142 145 152 153 160 163 170 171 174 187 190 195 196 198 199 202 206 211
5  4 : 5 35 39 58
6  24 : 6 46 51 61 65 71 73 74 79 81 83 88 92 93 94 101 105 107 124 132 136 168 193 197
7  3 : 7 32 37
8  1 : 8
9  1 : 9
10  34 : 10 33 38 42 44 47 52 54 55 60 64 70 76 80 95 97 98 99 100 108 112 116 126 133 143 144 147 155 158 169 177 178 180 210
11  3 : 11 66 162
12  1 : 12
13  1 : 13
14  3 : 14 82 106
15  5 : 15 43 69 129 188
16  48 : 16 45 56 67 78 96 102 110 115 118 119 122 131 134 137 138 141 146 148 150 151 154 157 159 161 164 165 166 167 172 175 176 181 182 185 186 189 191 192 194 200 201 203 204 205 207 208 209
18  1 : 18
19  16 : 19 34 72 75 77 86 89 104 113 117 127 135 149 173 183 184
20  1 : 20
21  1 : 21
22  1 : 22
23  1 : 23
24  1 : 24
25  1 : 25
26  2 : 26 179
27  1 : 27
28  2 : 28 36
29  2 : 29 40
30  1 : 30
31  1 : 31
87  1 : 87
% end

% frame 48
% time 4.9
% start   4.9
% cluster-index, number-of-fibers : name-of-fibers
1  3 : 1 17 156
2  7 : 2 48 49 59 68 90 103
3  2 : 3 41
4  38 : 4 50 53 57 62 63 84 85 91 109 111 114 120 121 123 125 128 130 139 140 142 145 152 153 160 163 170 171 174 187 190 195 196 198 199 202 206 211
5  4 : 5 35 39 58
6  24 : 6 46 51 61 65 71 73 74 79 81 83 88 92 93 94 101 105 107 124 132 136 168 193 197
7  3 : 7 32 37
8  1 : 8
9  1 : 9
10  34 : 10 33 38 42 44 47 52 54 55 60 64 70 76 80 95 97 98 99 100 108 112 116 126 133 143 144 147 155 158 169 177 178 180 210
11  3 : 11 66 162
12  1 : 12
13  1 : 13
14  3 : 14 82 106
15  5 : 15 43 69 129 188
16  49 : 16 45 56 67 78 96 102 110 115 118 119 122 131 134 137 138 141 146 148 150 151 154 157 159 161 164 165 166 167 172 175 176 181 182 185 186 189 191 192 194 200 201 203 204 205 207 208 209 212
18  1 : 18
19  16 : 19 34 72 75 77 86 89 104 113 117 127 135 149 173 183 184
20  1 : 20
21  1 : 21
22  1 : 22
23  1 : 23
24  1 : 24
25  1 : 25
26  2 : 26 179
27  1 : 27
28  2 : 28 36
29  2 : 29 40
30  1 : 30
31  1 : 31
87  1 : 87
% end

% frame 49
% time 5
% start   5
% cluster-index, number-of-fibers : name-of-fibers
1  3 : 1 17 156
2  7 : 2 48 49 59 68 90 103
3  2 : 3 41
4  38 : 4 50 53 57 62 63 84 85 91 109 111 114 120 121 123 125 128 130 139 140 142 145 152 153 160 163 170 171 174 187 190 195 196 198 199 202 206 211
5  4 : 5 35 39 58
6  24 : 6 46 51 61 65 71 73 74 79 81 83 88 92 93 94 101 105 107 124 132 136 168 193 197
7  3 : 7 32 37
8  1 : 8
9  1 : 9
10  34 : 10 33 38 42 44 47 52 54 55 60 64 70 76 80 95 97 98 99 100 108 112 116 126 133 143 144 147 155 158 169 177 178 180 210
11  3 : 11 66 162
12  1 : 12
13  1 : 13
14  3 : 14 82 106
15  5 : 15 43 69 129 188
16  49 : 16 45 56 67 78 96 102 110 115 118 119 122 131 134 137 138 141 146 148 150 151 154 157 159 161 164 165 166 167 172 175 176 181 182 185 186 189 191 192 194 200 201 203 204 205 207 208 209 212
18  1 : 18
19  16 : 19 34 72 75 77 86 89 104 113 117 127 135 149 173 183 184
20  1 : 20
21  1 : 21
22  1 : 22
23  1 : 23
24  1 : 24
25  1 : 25
26  2 : 26 179
27  1 : 27
28  2 : 28 36
29  2 : 29 40
30  1 : 30
31  1 : 31
87  1 : 87
% end

% frame 50
% time 5.1
% start   5.1
% cluster-index, number-of-fibers : name-of-fibers
1  3 : 1 17 156
2  7 : 2 48 49 59 68 90 103
3  2 : 3 41
4  39 : 4 50 53 57 62 63 84 85 91 109 111 114 120 121 123 125 128 130 139 140 142 145 152 153 160 163 170 171 174 187 190 195 196 198 199 202 206 211 213
5  4 : 5 35 39 58
6  24 : 6 46 51 61 65 71 73 74 79 81 83 88 92 93 94 101 105 107 124 132 136 168 193 197
7  3 : 7 32 37
8  1 : 8
9  1 : 9
10  35 : 10 33 38 42 44 47 52 54 55 60 64 70 76 80 95 97 98 99 100 108 112 116 126 133 143 144 147 155 158 169 177 178 180 210 214
11  3 : 11 66 162
12  1 : 12
13  1 : 13
14  3 : 14 82 106
15  5 : 15 43 69 129 188
16  49 : 16 45 56 67 78 96 102 110 115 118 119 122 131 134 137 138 141 146 148 150 151 154 157 159 161 164 165 166 167 172 175 176 181 182 185 186 189 191 192 194 200 201 203 204 205 207 208 209 212
18  1 : 18
19  16 : 19 34 72 75 77 86 89 104 113 117 127 135 149 173 183 184
20  1 : 20
21  1 : 21
22  1 : 22
23  1 : 23
24  1 : 24
25  1 : 25
26  2 : 26 179
27  1 : 27
28  2 : 28 36
29  2 : 29 40
30  1 : 30
31  1 : 31
87  1 : 87
% end

% frame 51
% time 5.2
% start   5.2
% cluster-index, number-of-fibers : name-of-fibers
1  3 : 1 17 156
2  7 : 2 48 49 59 68 90 103
3  2 : 3 41
4  39 : 4 50 53 57 62 63 84 85 91 109 111 114 120 121 123 125 128 130 139 140 142 145 152 153 160 163 170 171 174 187 190 195 196 198 199 202 206 211 213
5  4 : 5 35 39 58
6  25 : 6 46 51 61 65 71 73 74 79 81 83 88 92 93 94 101 105 107 124 132 136 168 193 197 215
7  3 : 7 32 37
8  1 : 8
9  1 : 9
10  35 : 10 33 38 42 44 47 52 54 55 60 64 70 76 80 95 97 98 99 100 108 112 116 126 133 143 144 147 155 158 169 177 178 180 210 214
11  3 : 11 66 162
12  1 : 12
13  1 : 13
14  3 : 14 82 106
15  5 : 15 43 69 129 188
16  50 : 16 45 56 67 78 96 102 110 115 118 119 122 131 134 137 138 141 146 148 150 151 154 157 159 161 164 165 166 167 172 175 176 181 182 185 186 189 191 192 194 200 201 203 204 205 207 208 209 212 216
18  1 : 18
19  16 : 19 34 72 75 77 86 89 104 113 117 127 135 149 173 183 184
20  1 : 20
21  1 : 21
22  1 : 22
23  1 : 23
24  1 : 24
25  1 : 25
26  2 : 26 179
27  1 : 27
28  2 : 28 36
29  2 : 29 40
30  1 : 30
31  1 : 31
87  1 : 87
% end

% frame 52
% time 5.3
% start   5.3
% cluster-index, number-of-fibers : name-of-fibers
1  3 : 1 17 156
2  7 : 2 48 49 59 68 90 103
3  2 : 3 41
4  40 : 4 50 53 57 62 63 84 85 91 109 111 114 120 121 123 125 128 130 139 140 142 145 152 153 160 163 170 171 174 187 190 195 196 198 199 202 206 211 213 217
5  4 : 5 35 39 58
6  25 : 6 46 51 61 65 71 73 74 79 81 83 88 92 93 94 101 105 107 124 132 136 168 193 197 215
7  3 : 7 32 37
8  1 : 8
9  1 : 9
10  35 : 10 33 38 42 44 47 52 54 55 60 64 70 76 80 95 97 98 99 100 108 112 116 126 133 143 144 147 155 158 169 177 178 180 210 214
11  3 : 11 66 162
12  1 : 12
13  1 : 13
14  3 : 14 82 106
15  5 : 15 43 69 129 188
16  50 : 16 45 56 67 78 96 102 110 115 118 119 122 131 134 137 138 141 146 148 150 151 154 157 159 161 164 165 166 167 172 175 176 181 182 185 186 189 191 192 194 200 201 203 204 205 207 208 209 212 216
18  1 : 18
19  16 : 19 34 72 75 77 86 89 104 113 117 127 135 149 173 183 184
20  1 : 20
21  1 : 21
22  1 : 22
23  1 : 23
24  1 : 24
25  1 : 25
26  2 : 26 179
27  1 : 27
28  2 : 28 36
29  2 : 29 40
30  1 : 30
31  1 : 31
87  1 : 87
% end

% frame 53
% time 5.4
% start   5.4
% cluster-index, number-of-fibers : name-of-fibers
1  3 : 1 17 156
2  7 : 2 48 49 59 68 90 103
3  2 : 3 41
4  40 : 4 50 53 57 62 63 84 85 91 109 111 114 120 121 123 125 128 130 139 140 142 145 152 153 160 163 170 171 174 187 190 195 196 198 199 202 206 211 213 217
5  4 : 5 35 39 58
6  25 : 6 46 51 61 65 71 73 74 79 81 83 88 92 93 94 101 105 107 124 132 136 168 193 197 215
7  3 : 7 32 37
8  1 : 8
9  1 : 9
10  35 : 10 33 38 42 44 47 52 54 55 60 64 70 76 80 95 97 98 99 100 108 112 116 126 133 143 144 147 155 158 169 177 178 180 210 214
11  3 : 11 66 162
12  1 : 12
13  1 : 13
14  3 : 14 82 106
15  5 : 15 43 69 129 188
16  50 : 16 45 56 67 78 96 102 110 115 118 119 122 131 134 137 138 141 146 148 150 151 154 157 159 161 164 165 166 167 172 175 176 181 182 185 186 189 191 192 194 200 201 203 204 205 207 208 209 212 216
18  1 : 18
19  16 : 19 34 72 75 77 86 89 104 113 117 127 135 149 173 183 184
20  1 : 20
21  1 : 21
22  1 : 22
23  1 : 23
24  1 : 24
25  1 : 25
26  2 : 26 179
27  1 : 27
28  2 : 28 36
29  2 : 29 40
30  1 : 30
31  1 : 31
87  1 : 87
% end

% frame 54
% time 5.5
% start   5.5
% cluster-index, number-of-fibers : name-of-fibers
1  3 : 1 17 156
2  7 : 2 48 49 59 68 90 103
3  2 : 3 41
4  42 : 4 50 53 57 62 63 84 85 91 109 111 114 120 121 123 125 128 130 139 140 142 145 152 153 160 163 170 171 174 187 190 195 196 198 199 202 206 211 213 217 218 219
5  4 : 5 35 39 58
6  25 : 6 46 51 61 65 71 73 74 79 81 83 88 92 93 94 101 105 107 124 132 136 168 193 197 215
7  3 : 7 32 37
8  1 : 8
9  1 : 9
10  35 : 10 33 38 42 44 47 52 54 55 60 64 70 76 80 95 97 98 99 100 108 112 116 126 133 143 144 147 155 158 169 177 178 180 210 214
11  3 : 11 66 162
12  1 : 12
13  1 : 13
14  3 : 14 82 106
15  5 : 15 43 69 129 188
16  50 : 16 45 56 67 78 96 102 110 115 118 119 122 131 134 137 138 141 146 148 150 151 154 157 159 161 164 165 166 167 172 175 176 181 182 185 186 189 191 192 194 200 201 203 204 205 207 208 209 212 216
18  1 : 18
19  16 : 19 34 72 75 77 86 89 104 113 117 127 135 149 173 183 184
20  1 : 20
21  1 : 21
22  1 : 22
23  1 : 23
24  1 : 24
25  1 : 25
26  2 : 26 179
27  1 : 27
28  2 : 28 36
29  2 : 29 40
30  1 : 30
31  1 : 31
87  1 : 87
% end

% frame 55
% time 5.6
% start   5.6
% cluster-index, number-of-fibers : name-of-fibers
1  3 : 1 17 156
2  7 : 2 48 49 59 68 90 103
3  2 : 3 41
4  42 : 4 50 53 57 62 63 84 85 91 109 111 114 120 121 123 125 128 130 139 140 142 145 152 153 160 163 170 171 174 187 190 195 196 198 199 202 206 211 213 217 218 219
5  4 : 5 35 39 58
6  25 : 6 46 51 61 65 71 73 74 79 81 83 88 92 93 94 101 105 107 124 132 136 168 193 197 215
7  3 : 7 32 37
8  1 : 8
9  1 : 9
10  35 : 10 33 38 42 44 47 52 54 55 60 64 70 76 80 95 97 98 99 100 108 112 116 126 133 143 144 147 155 158 169 177 178 180 210 214
11  3 : 11 66 162
12  1 : 12
13  1 : 13
14  3 : 14 82 106
15  5 : 15 43 69 129 188
16  52 : 16 45 56 67 78 96 102 110 115 118 119 122 131 134 137 138 141 146 148 150 151 154 157 159 161 164 165 166 167 172 175 176 181 182 185 186 189 191 192 194 200 201 203 204 205 207 208 209 212 216 220 221
18  1 : 18
19  16 : 19 34 72 75 77 86 89 104 113 117 127 135 149 173 183 184
20  1 : 20
21  1 : 21
22  1 : 22
23  1 : 23
24  1 : 24
25  1 : 25
26  2 : 26 179
27  1 : 27
28  2 : 28 36
29  2 : 29 40
30  1 : 30
31  1 : 31
87  1 : 87
% end

% frame 56
% time 5.7
% start   5.7
% cluster-index, number-of-fibers : name-of-fibers
1  3 : 1 17 156
2  7 : 2 48 49 59 68 90 103
3  2 : 3 41
4  42 : 4 50 53 57 62 63 84 85 91 109 111 114 120 121 123 125 128 130 139 140 142 145 152 153 160 163 170 171 174 187 190 195 196 198 199 202 206 211 213 217 218 219
5  4 : 5 35 39 58
6  25 : 6 46 51 61 65 71 73 74 79 81 83 88 92 93 94 101 105 107 124 132 136 168 193 197 215
7  3 : 7 32 37
8  1 : 8
9  1 : 9
10  35 : 10 33 38 42 44 47 52 54 55 60 64 70 76 80 95 97 98 99 100 108 112 116 126 133 143 144 147 155 158 169 177 178 180 210 214
11  3 : 11 66 162
12  1 : 12
13  1 : 13
14  3 : 14 82 106
15  5 : 15 43 69 129 188
16  53 : 16 45 56 67 78 96 102 110 115 118 119 122 131 134 137 138 141 146 148 150 151 154 157 159 161 164 165 166 167 172 175 176 181 182 185 186 189 191 192 194 200 201 203 204 205 207 208 209 212 216 220 221 222
18  1 : 18
19  16 : 19 34 72 75 77 86 89 104 113 117 127 135 149 173 183 184
20  1 : 20
21  1 : 21
22  1 : 22
23  1 : 23
24  1 : 24
25  1 : 25
26  2 : 26 179
27  1 : 27
28  2 : 28 36
29  2 : 29 40
30  1 : 30
31  1 : 31
87  1 : 87
% end

% frame 57
% time 5.8
% start   5.8
% cluster-index, number-of-fibers : name-of-fibers
1  3 : 1 17 156
2  7 : 2 48 49 59 68 90 103
3  2 : 3 41
4  42 : 4 50 53 57 62 63 84 85 91 109 111 114 120 121 123 125 128 130 139 140 142 145 152 153 160 163 170 171 174 187 190 195 196 198 199 202 206 211 213 217 218 219
5  4 : 5 35 39 58
6  25 : 6 46 51 61 65 71 73 74 79 81 83 88 92 93 94 101 105 107 124 132 136 168 193 197 215
7  3 : 7 32 37
8  1 : 8
9  1 : 9
10  35 : 10 33 38 42 44 47 52 54 55 60 64 70 76 80 95 97 98 99 100 108 112 116 126 133 143 144 147 155 158 169 177 178 180 210 214
11  3 : 11 66 162
12  1 : 12
13  1 : 13
14  3 : 14 82 106
15  5 : 15 43 69 129 188
16  51 : 16 45 56 67 78 96 102 110 115 118 119 122 131 134 137 138 141 146 148 150 151 154 157 159 164 165 166 167 172 175 176 181 182 185 186 189 191 192 194 200 201 203 204 205 207 209 212 216 220 221 222
18  1 : 18
19  16 : 19 34 72 75 77 86 89 104 113 117 127 135 149 173 183 184
20  1 : 20
21  1 : 21
22  1 : 22
23  1 : 23
24  1 : 24
25  1 : 25
26  2 : 26 179
27  1 : 27
28  2 : 28 36
29  2 : 29 40
30  1 : 30
31  1 : 31
87  1 : 87
161  2 : 161 208
% end

% frame 58
% time 5.9
% start   5.9
% cluster-index, number-of-fibers : name-of-fibers
1  3 : 1 17 156
2  7 : 2 48 49 59 68 90 103
3  2 : 3 41
4  42 : 4 50 53 57 62 63 84 85 91 109 111 114 120 121 123 125 128 130 139 140 142 145 152 153 160 163 170 171 174 187 190 195 196 198 199 202 206 211 213 217 218 219
5  4 : 5 35 39 58
6  25 : 6 46 51 61 65 71 73 74 79 81 83 88 92 93 94 101 105 107 124 132 136 168 193 197 215
7  3 : 7 32 37
8  1 : 8
9  1 : 9
10  35 : 10 33 38 42 44 47 52 54 55 60 64 70 76 80 95 97 98 99 100 108 112 116 126 133 143 144 147 155 158 169 177 178 180 210 214
11  3 : 11 66 162
12  1 : 12
13  1 : 13
14  3 : 14 82 106
15  5 : 15 43 69 129 188
16  51 : 16 45 56 67 78 96 102 110 115 118 119 122 131 134 137 138 141 146 148 150 151 154 157 159 164 165 166 167 172 175 176 181 182 185 186 189 191 192 194 200 201 203 204 205 207 209 212 216 220 221 222
18  1 : 18
19  16 : 19 34 72 75 77 86 89 104 113 117 127 135 149 173 183 184
20  1 : 20
21  1 : 21
22  1 : 22
23  1 : 23
24  1 : 24
25  1 : 25
26  2 : 26 179
27  1 : 27
28  2 : 28 36
29  2 : 29 40
30  1 : 30
31  1 : 31
87  1 : 87
161  2 : 161 208
% end

% frame 59
% time 6
% start   6
% cluster-index, number-of-fibers : name-of-fibers
1  3 : 1 17 156
2  7 : 2 48 49 59 68 90 103
3  2 : 3 41
4  41 : 4 50 53 57 62 63 84 85 91 109 111 114 120 121 123 125 128 130 139 140 142 145 152 153 160 163 170 171 174 187 195 196 198 199 202 206 211 213 217 218 219
5  4 : 5 35 39 58
6  25 : 6 46 51 61 65 71 73 74 79 81 83 88 92 93 94 101 105 107 124 132 136 168 193 197 215
7  3 : 7 32 37
8  1 : 8
9  1 : 9
10  35 : 10 33 38 42 44 47 52 54 55 60 64 70 76 80 95 97 98 99 100 108 112 116 126 133 143 144 147 155 158 169 177 178 180 210 214
11  3 : 11 66 162
12  1 : 12
13  1 : 13
14  3 : 14 82 106
15  5 : 15 43 69 129 188
16  51 : 16 45 56 67 78 96 102 110 115 118 119 122 131 134 137 138 141 146 148 150 151 154 157 159 164 165 166 167 172 175 176 181 182 185 186 189 191 192 194 200 201 203 204 205 207 209 212 216 220 221 222
18  1 : 18
19  16 : 19 34 72 75 77 86 89 104 113 117 127 135 149 173 183 184
20  1 : 20
21  1 : 21
22  1 : 22
23  1 : 23
24  1 : 24
25  1 : 25
26  2 : 26 179
27  1 : 27
28  2 : 28 36
29  2 : 29 40
30  1 : 30
31  1 : 31
87  1 : 87
161  2 : 161 208
190  1 : 190
% end

% frame 60
% time 6.1
% start   6.1
% cluster-index, number-of-fibers : name-of-fibers
1  3 : 1 17 156
2  7 : 2 48 49 59 68 90 103
3  2 : 3 41
4  41 : 4 50 53 57 62 63 84 85 91 109 111 114 120 121 123 125 128 130 139 140 142 145 152 153 160 163 170 171 174 187 195 196 198 199 202 206 211 213 217 218 219
5  4 : 5 35 39 58
6  25 : 6 46 51 61 65 71 73 74 79 81 83 88 92 93 94 101 105 107 124 132 136 168 193 197 215
7  3 : 7 32 37
8  1 : 8
9  1 : 9
10  36 : 10 33 38 42 44 47 52 54 55 60 64 70 76 80 95 97 98 99 100 108 112 116 126 133 143 144 147 155 158 169 177 178 180 210 214 223
11  3 : 11 66 162
12  1 : 12
13  1 : 13
14  3 : 14 82 106
15  5 : 15 43 69 129 188
16  51 : 16 45 56 67 78 96 102 110 115 118 119 122 131 134 137 138 141 146 148 150 151 154 157 159 164 165 166 167 172 175 176 181 182 185 186 189 191 192 194 200 201 203 204 205 207 209 212 216 220 221 222
18  1 : 18
19  16 : 19 34 72 75 77 86 89 104 113 117 127 135 149 173 183 184
20  1 : 20
21  1 : 21
22  1 : 22
23  1 : 23
24  1 : 24
25  1 : 25
26  2 : 26 179
27  1 : 27
28  2 : 28 36
29  2 : 29 40
30  1 : 30
31  1 : 31
87  1 : 87
161  2 : 161 208
190  1 : 190
% end

% frame 61
% time 6.2
% start   6.2
% cluster-index, number-of-fibers : name-of-fibers
1  3 : 1 17 156
2  7 : 2 48 49 59 68 90 103
3  2 : 3 41
4  42 : 4 50 53 57 62 63 84 85 91 109 111 114 120 121 123 125 128 130 139 140 142 145 152 153 160 163 170 171 174 187 195 196 198 199 202 206 211 213 217 218 219 224
5  4 : 5 35 39 58
6  25 : 6 46 51 61 65 71 73 74 79 81 83 88 92 93 94 101 105 107 124 132 136 168 193 197 215
7  3 : 7 32 37
8  1 : 8
9  1 : 9
10  36 : 10 33 38 42 44 47 52 54 55 60 64 70 76 80 95 97 98 99 100 108 112 116 126 133 143 144 147 155 158 169 177 178 180 210 214 223
11  3 : 11 66 162
12  1 : 12
13  1 : 13
14  3 : 14 82 106
15  5 : 15 43 69 129 188
16  51 : 16 45 56 67 78 96 102 110 115 118 119 122 131 134 137 138 141 146 148 150 151 154 157 159 164 165 166 167 172 175 176 181 182 185 186 189 191 192 194 200 201 203 204 205 207 209 212 216 220 221 222
18  1 : 18
19  16 : 19 34 72 75 77 86 89 104 113 117 127 135 149 173 183 184
20  1 : 20
21  1 : 21
22  1 : 22
23  1 : 23
24  1 : 24
25  1 : 25
26  2 : 26 179
27  1 : 27
28  2 : 28 36
29  2 : 29 40
30  1 : 30
31  1 : 31
87  1 : 87
161  2 : 161 208
190  1 : 190
% end

% frame 62
% time 6.3
% start   6.3
% cluster-index, number-of-fibers : name-of-fibers
1  3 : 1 17 156
2  7 : 2 48 49 59 68 90 103
3  2 : 3 41
4  42 : 4 50 53 57 62 63 84 85 91 109 111 114 120 121 123 125 128 130 139 140 142 145 152 153 160 163 170 171 174 187 195 196 198 199 202 206 211 213 217 218 219 224
5  4 : 5 35 39 58
6  25 : 6 46 51 61 65 71 73 74 79 81 83 88 92 93 94 101 105 107 124 132 136 168 193 197 215
7  3 : 7 32 37
8  1 : 8
9  1 : 9
10  36 : 10 33 38 42 44 47 52 54 55 60 64 70 76 80 95 97 98 99 100 108 112 116 126 133 143 144 147 155 158 169 177 178 180 210 214 223
11  3 : 11 66 162
12  1 : 12
13  1 : 13
14  3 : 14 82 106
15  5 : 15 43 69 129 188
16  51 : 16 45 56 67 78 96 102 110 115 118 119 122 131 134 137 138 141 146 148 150 151 154 157 159 164 165 166 167 172 175 176 181 182 185 186 189 191 192 194 200 201 203 204 205 207 209 212 216 220 221 222
18  1 : 18
19  16 : 19 34 72 75 77 86 89 104 113 117 127 135 149 173 183 184
20  1 : 20
21  1 : 21
22  1 : 22
23  1 : 23
24  1 : 24
25  1 : 25
26  2 : 26 179
27  1 : 27
28  2 : 28 36
29  2 : 29 40
30  1 : 30
31  1 : 31
87  1 : 87
161  2 : 161 208
190  1 : 190
% end

% frame 63
% time 6.4
% start   6.4
% cluster-index, number-of-fibers : name-of-fibers
1  3 : 1 17 156
2  7 : 2 48 49 59 68 90 103
3  2 : 3 41
4  42 : 4 50 53 57 62 63 84 85 91 109 111 114 120 121 123 125 128 130 139 140 142 145 152 153 160 163 170 171 174 187 195 196 198 199 202 206 211 213 217 218 219 224
5  4 : 5 35 39 58
6  25 : 6 46 51 61 65 71 73 74 79 81 83 88 92 93 94 101 105 107 124 132 136 168 193 197 215
7  3 : 7 32 37
8  1 : 8
9  1 : 9
10  36 : 10 33 38 42 44 47 52 54 55 60 64 70 76 80 95 97 98 99 100 108 112 116 126 133 143 144 147 155 158 169 177 178 180 210 214 223
11  3 : 11 66 162
12  1 : 12
13  1 : 13
14  3 : 14 82 106
15  5 : 15 43 69 129 188
16  51 : 16 45 56 67 78 96 102 110 115 118 119 122 131 134 137 138 141 146 148 150 151 154 157 159 164 165 166 167 172 175 176 181 182 185 186 189 191 192 194 200 201 203 204 205 207 209 212 216 220 221 222
18  1 : 18
19  16 : 19 34 72 75 77 86 89 104 113 117 127 135 149 173 183 184
20  1 : 20
21  1 : 21
22  1 : 22
23  1 : 23
24  1 : 24
25  1 : 25
26  2 : 26 179
27  1 : 27
28  2 : 28 36
29  2 : 29 40
30  1 : 30
31  1 : 31
87  1 : 87
161  2 : 161 208
190  1 : 190
% end

% frame 64
% time 6.5
% start   6.5
% cluster-index, number-of-fibers : name-of-fibers
1  3 : 1 17 156
2  7 : 2 48 49 59 68 90 103
3  2 : 3 41
4  42 : 4 50 53 57 62 63 84 85 91 109 111 114 120 121 123 125 128 130 139 140 142 145 152 153 160 163 170 171 174 187 195 196 198 199 202 206 211 213 217 218 219 224
5  4 : 5 35 39 58
6  25 : 6 46 51 61 65 71 73 74 79 81 83 88 92 93 94 101 105 107 124 132 136 168 193 197 215
7  3 : 7 32 37
8  1 : 8
9  1 : 9
10  36 : 10 33 38 42 44 47 52 54 55 60 64 70 76 80 95 97 98 99 100 108 112 116 126 133 143 144 147 155 158 169 177 178 180 210 214 223
11  3 : 11 66 162
12  1 : 12
13  1 : 13
14  3 : 14 82 106
15  5 : 15 43 69 129 188
16  51 : 16 45 56 67 78 96 102 110 115 118 119 122 131 134 137 138 141 146 148 150 151 154 157 159 164 165 166 167 172 175 176 181 182 185 186 189 191 192 194 200 201 203 204 205 207 209 212 216 220 221 222
18  1 : 18
19  16 : 19 34 72 75 77 86 89 104 113 117 127 135 149 173 183 184
20  1 : 20
21  1 : 21
22  1 : 22
23  1 : 23
24  1 : 24
25  1 : 25
26  2 : 26 179
27  1 : 27
28  2 : 28 36
29  2 : 29 40
30  1 : 30
31  1 : 31
87  1 : 87
161  2 : 161 208
190  1 : 190
% end

% frame 65
% time 6.6
% start   6.6
% cluster-index, number-of-fibers : name-of-fibers
1  3 : 1 17 156
2  7 : 2 48 49 59 68 90 103
3  2 : 3 41
4  42 : 4 50 53 57 62 63 84 85 91 109 111 114 120 121 123 125 128 130 139 140 142 145 152 153 160 163 170 171 174 187 195 196 198 199 202 206 211 213 217 218 219 224
5  4 : 5 35 39 58
6  27 : 6 46 51 61 65 71 73 74 79 81 83 88 92 93 94 101 105 107 124 132 136 161 168 193 197 208 215
7  3 : 7 32 37
8  1 : 8
9  1 : 9
10  36 : 10 33 38 42 44 47 52 54 55 60 64 70 76 80 95 97 98 99 100 108 112 116 126 133 143 144 147 155 158 169 177 178 180 210 214 223
11  3 : 11 66 162
12  1 : 12
13  1 : 13
14  3 : 14 82 106
15  5 : 15 43 69 129 188
16  51 : 16 45 56 67 78 96 102 110 115 118 119 122 131 134 137 138 141 146 148 150 151 154 157 159 164 165 166 167 172 175 176 181 182 185 186 189 191 192 194 200 201 203 204 205 207 209 212 216 220 221 222
18  1 : 18
19  16 : 19 34 72 75 77 86 89 104 113 117 127 135 149 173 183 184
20  1 : 20
21  1 : 21
22  1 : 22
23  1 : 23
24  1 : 24
25  1 : 25
26  2 : 26 179
27  1 : 27
28  2 : 28 36
29  2 : 29 40
30  1 : 30
31  1 : 31
87  1 : 87
190  1 : 190
% end

% frame 66
% time 6.7
% start   6.7
% cluster-index, number-of-fibers : name-of-fibers
1  3 : 1 17 156
2  7 : 2 48 49 59 68 90 103
3  2 : 3 41
4  42 : 4 50 53 57 62 63 84 85 91 109 111 114 120 121 123 125 128 130 139 140 142 145 152 153 160 163 170 171 174 187 195 196 198 199 202 206 211 213 217 218 219 224
5  4 : 5 35 39 58
6  27 : 6 46 51 61 65 71 73 74 79 81 83 88 92 93 94 101 105 107 124 132 136 161 168 193 197 208 215
7  3 : 7 32 37
8  1 : 8
9  1 : 9
10  36 : 10 33 38 42 44 47 52 54 55 60 64 70 76 80 95 97 98 99 100 108 112 116 126 133 143 144 147 155 158 169 177 178 180 210 214 223
11  3 : 11 66 162
12  1 : 12
13  1 : 13
14  3 : 14 82 106
15  5 : 15 43 69 129 188
16  52 : 16 45 56 67 78 96 102 110 115 118 119 122 131 134 137 138 141 146 148 150 151 154 157 159 164 165 166 167 172 175 176 181 182 185 186 189 191 192 194 200 201 203 204 205 207 209 212 216 220 221 222 225
18  1 : 18
19  16 : 19 34 72 75 77 86 89 104 113 117 127 135 149 173 183 184
20  1 : 20
21  1 : 21
22  1 : 22
23  1 : 23
24  1 : 24
25  1 : 25
26  2 : 26 179
27  1 : 27
28  2 : 28 36
29  2 : 29 40
30  1 : 30
31  1 : 31
87  1 : 87
190  1 : 190
% end

% frame 67
% time 6.8
% start   6.8
% cluster-index, number-of-fibers : name-of-fibers
1  3 : 1 17 156
2  7 : 2 48 49 59 68 90 103
3  2 : 3 41
4  42 : 4 50 53 57 62 63 84 85 91 109 111 114 120 121 123 125 128 130 139 140 142 145 152 153 160 163 170 171 174 187 195 196 198 199 202 206 211 213 217 218 219 224
5  4 : 5 35 39 58
6  27 : 6 46 51 61 65 71 73 74 79 81 83 88 92 93 94 101 105 107 124 132 136 161 168 193 197 208 215
7  3 : 7 32 37
8  1 : 8
9  1 : 9
10  36 : 10 33 38 42 44 47 52 54 55 60 64 70 76 80 95 97 98 99 100 108 112 116 126 133 143 144 147 155 158 169 177 178 180 210 214 223
11  3 : 11 66 162
12  1 : 12
13  1 : 13
14  3 : 14 82 106
15  5 : 15 43 69 129 188
16  52 : 16 45 56 67 78 96 102 110 115 118 119 122 131 134 137 138 141 146 148 150 151 154 157 159 164 165 166 167 172 175 176 181 182 185 186 189 191 192 194 200 201 203 204 205 207 209 212 216 220 221 222 225
18  1 : 18
19  16 : 19 34 72 75 77 86 89 104 113 117 127 135 149 173 183 184
20  1 : 20
21  1 : 21
22  1 : 22
23  1 : 23
24  1 : 24
25  1 : 25
26  2 : 26 179
27  1 : 27
28  2 : 28 36
29  2 : 29 40
30  1 : 30
31  1 : 31
87  1 : 87
190  1 : 190
% end

% frame 68
% time 6.9
% start   6.9
% cluster-index, number-of-fibers : name-of-fibers
1  3 : 1 17 156
2  7 : 2 48 49 59 68 90 103
3  2 : 3 41
4  42 : 4 50 53 57 62 63 84 85 91 109 111 114 120 121 123 125 128 130 139 140 142 145 152 153 160 163 170 171 174 187 195 196 198 199 202 206 211 213 217 218 219 224
5  4 : 5 35 39 58
6  27 : 6 46 51 61 65 71 73 74 79 81 83 88 92 93 94 101 105 107 124 132 136 161 168 193 197 208 215
7  3 : 7 32 37
8  1 : 8
9  1 : 9
10  36 : 10 33 38 42 44 47 52 54 55 60 64 70 76 80 95 97 98 99 100 108 112 116 126 133 143 144 147 155 158 169 177 178 180 210 214 223
11  3 : 11 66 162
12  1 : 12
13  1 : 13
14  3 : 14 82 106
15  5 : 15 43 69 129 188
16  52 : 16 45 56 67 78 96 102 110 115 118 119 122 131 134 137 138 141 146 148 150 151 154 157 159 164 165 166 167 172 175 176 181 182 185 186 189 191 192 194 200 201 203 204 205 207 209 212 216 220 221 222 225
18  1 : 18
19  16 : 19 34 72 75 77 86 89 104 113 117 127 135 149 173 183 184
20  1 : 20
21  1 : 21
22  1 : 22
23  1 : 23
24  1 : 24
25  1 : 25
26  2 : 26 179
27  1 : 27
28  2 : 28 36
29  2 : 29 40
30  1 : 30
31  1 : 31
87  1 : 87
190  1 : 190
% end

% frame 69
% time 7
% start   7
% cluster-index, number-of-fibers : name-of-fibers
1  3 : 1 17 156
2  7 : 2 48 49 59 68 90 103
3  2 : 3 41
4  42 : 4 50 53 57 62 63 84 85 91 109 111 114 120 121 123 125 128 130 139 140 142 145 152 153 160 163 170 171 174 187 195 196 198 199 202 206 211 213 217 218 219 224
5  4 : 5 35 39 58
6  27 : 6 46 51 61 65 71 73 74 79 81 83 88 92 93 94 101 105 107 124 132 136 161 168 193 197 208 215
7  3 : 7 32 37
8  1 : 8
9  1 : 9
10  36 : 10 33 38 42 44 47 52 54 55 60 64 70 76 80 95 97 98 99 100 108 112 116 126 133 143 144 147 155 158 169 177 178 180 210 214 223
11  3 : 11 66 162
12  1 : 12
13  1 : 13
14  3 : 14 82 106
15  5 : 15 43 69 129 188
16  52 : 16 45 56 67 78 96 102 110 115 118 119 122 131 134 137 138 141 146 148 150 151 154 157 159 164 165 166 167 172 175 176 181 182 185 186 189 191 192 194 200 201 203 204 205 207 209 212 216 220 221 222 225
18  1 : 18
19  16 : 19 34 72 75 77 86 89 104 113 117 127 135 149 173 183 184
20  1 : 20
21  1 : 21
22  1 : 22
23  1 : 23
24  1 : 24
25  1 : 25
26  2 : 26 179
27  1 : 27
28  2 : 28 36
29  2 : 29 40
30  1 : 30
31  1 : 31
87  1 : 87
190  1 : 190
% end

% frame 70
% time 7.1
% start   7.1
% cluster-index, number-of-fibers : name-of-fibers
1  3 : 1 17 156
2  7 : 2 48 49 59 68 90 103
3  2 : 3 41
4  42 : 4 50 53 57 62 63 84 85 91 109 111 114 120 121 123 125 128 130 139 140 142 145 152 153 160 163 170 171 174 187 195 196 198 199 202 206 211 213 217 218 219 224
5  4 : 5 35 39 58
6  27 : 6 46 51 61 65 71 73 74 79 81 83 88 92 93 94 101 105 107 124 132 136 161 168 193 197 208 215
7  3 : 7 32 37
8  1 : 8
9  1 : 9
10  37 : 10 33 38 42 44 47 52 54 55 60 64 70 76 80 95 97 98 99 100 108 112 116 126 133 143 144 147 155 158 169 177 178 180 210 214 223 226
11  3 : 11 66 162
12  1 : 12
13  1 : 13
14  3 : 14 82 106
15  5 : 15 43 69 129 188
16  53 : 16 45 56 67 78 96 102 110 115 118 119 122 131 134 137 138 141 146 148 150 151 154 157 159 164 165 166 167 172 175 176 181 182 185 186 189 190 191 192 194 200 201 203 204 205 207 209 212 216 220 221 222 225
18  1 : 18
19  16 : 19 34 72 75 77 86 89 104 113 117 127 135 149 173 183 184
20  1 : 20
21  1 : 21
22  1 : 22
23  1 : 23
24  1 : 24
25  1 : 25
26  2 : 26 179
27  1 : 27
28  2 : 28 36
29  2 : 29 40
30  1 : 30
31  1 : 31
87  1 : 87
% end

% frame 71
% time 7.2
% start   7.2
% cluster-index, number-of-fibers : name-of-fibers
1  3 : 1 17 156
2  7 : 2 48 49 59 68 90 103
3  2 : 3 41
4  42 : 4 50 53 57 62 63 84 85 91 109 111 114 120 121 123 125 128 130 139 140 142 145 152 153 160 163 170 171 174 187 195 196 198 199 202 206 211 213 217 218 219 224
5  4 : 5 35 39 58
6  27 : 6 46 51 61 65 71 73 74 79 81 83 88 92 93 94 101 105 107 124 132 136 161 168 193 197 208 215
7  3 : 7 32 37
8  1 : 8
9  1 : 9
10  37 : 10 33 38 42 44 47 52 54 55 60 64 70 76 80 95 97 98 99 100 108 112 116 126 133 143 144 147 155 158 169 177 178 180 210 214 223 226
11  3 : 11 66 162
12  1 : 12
13  1 : 13
14  3 : 14 82 106
15  5 : 15 43 69 129 188
16  53 : 16 45 56 67 78 96 102 110 115 118 119 122 131 134 137 138 141 146 148 150 151 154 157 159 164 165 166 167 172 175 176 181 182 185 186 189 190 191 192 194 200 201 203 204 205 207 209 212 216 220 221 222 225
18  1 : 18
19  16 : 19 34 72 75 77 86 89 104 113 117 127 135 149 173 183 184
20  1 : 20
21  1 : 21
22  1 : 22
23  1 : 23
24  1 : 24
25  1 : 25
26  2 : 26 179
27  1 : 27
28  2 : 28 36
29  2 : 29 40
30  1 : 30
31  1 : 31
87  1 : 87
% end

% frame 72
% time 7.3
% start   7.3
% cluster-index, number-of-fibers : name-of-fibers
1  3 : 1 17 156
2  7 : 2 48 49 59 68 90 103
3  2 : 3 41
4  42 : 4 50 53 57 62 63 84 85 91 109 111 114 120 121 123 125 128 130 139 140 142 145 152 153 160 163 170 171 174 187 195 196 198 199 202 206 211 213 217 218 219 224
5  4 : 5 35 39 58
6  27 : 6 46 51 61 65 71 73 74 79 81 83 88 92 93 94 101 105 107 124 132 136 161 168 193 197 208 215
7  3 : 7 32 37
8  1 : 8
9  1 : 9
10  37 : 10 33 38 42 44 47 52 54 55 60 64 70 76 80 95 97 98 99 100 108 112 116 126 133 143 144 147 155 158 169 177 178 180 210 214 223 226
11  3 : 11 66 162
12  1 : 12
13  1 : 13
14  3 : 14 82 106
15  5 : 15 43 69 129 188
16  53 : 16 45 56 67 78 96 102 110 115 118 119 122 131 134 137 138 141 146 148 150 151 154 157 159 164 165 166 167 172 175 176 181 182 185 186 189 190 191 192 194 200 201 203 204 205 207 209 212 216 220 221 222 225
18  1 : 18
19  16 : 19 34 72 75 77 86 89 104 113 117 127 135 149 173 183 184
20  1 : 20
21  1 : 21
22  1 : 22
23  1 : 23
24  1 : 24
25  1 : 25
26  2 : 26 179
27  1 : 27
28  2 : 28 36
29  2 : 29 40
30  1 : 30
31  1 : 31
87  1 : 87
% end

% frame 73
% time 7.4
% start   7.4
% cluster-index, number-of-fibers : name-of-fibers
1  3 : 1 17 156
2  7 : 2 48 49 59 68 90 103
3  2 : 3 41
4  42 : 4 50 53 57 62 63 84 85 91 109 111 114 120 121 123 125 128 130 139 140 142 145 152 153 160 163 170 171 174 187 195 196 198 199 202 206 211 213 217 218 219 224
5  4 : 5 35 39 58
6  27 : 6 46 51 61 65 71 73 74 79 81 83 88 92 93 94 101 105 107 124 132 136 161 168 193 197 208 215
7  3 : 7 32 37
8  1 : 8
9  1 : 9
10  37 : 10 33 38 42 44 47 52 54 55 60 64 70 76 80 95 97 98 99 100 108 112 116 126 133 143 144 147 155 158 169 177 178 180 210 214 223 226
11  3 : 11 66 162
12  1 : 12
13  1 : 13
14  3 : 14 82 106
15  5 : 15 43 69 129 188
16  53 : 16 45 56 67 78 96 102 110 115 118 119 122 131 134 137 138 141 146 148 150 151 154 157 159 164 165 166 167 172 175 176 181 182 185 186 189 190 191 192 194 200 201 203 204 205 207 209 212 216 220 221 222 225
18  1 : 18
19  16 : 19 34 72 75 77 86 89 104 113 117 127 135 149 173 183 184
20  1 : 20
21  1 : 21
22  1 : 22
23  1 : 23
24  1 : 24
25  1 : 25
26  2 : 26 179
27  1 : 27
28  2 : 28 36
29  2 : 29 40
30  1 : 30
31  1 : 31
87  1 : 87
% end

% frame 74
% time 7.5
% start   7.5
% cluster-index, number-of-fibers : name-of-fibers
1  3 : 1 17 156
2  7 : 2 48 49 59 68 90 103
3  2 : 3 41
4  42 : 4 50 53 57 62 63 84 85 91 109 111 114 120 121 123 125 128 130 139 140 142 145 152 153 160 163 170 171 174 187 195 196 198 199 202 206 211 213 217 218 219 224
5  4 : 5 35 39 58
6  27 : 6 46 51 61 65 71 73 74 79 81 83 88 92 93 94 101 105 107 124 132 136 161 168 193 197 208 215
7  3 : 7 32 37
8  1 : 8
9  1 : 9
10  37 : 10 33 38 42 44 47 52 54 55 60 64 70 76 80 95 97 98 99 100 108 112 116 126 133 143 144 147 155 158 169 177 178 180 210 214 223 226
11  3 : 11 66 162
12  1 : 12
13  1 : 13
14  3 : 14 82 106
15  5 : 15 43 69 129 188
16  53 : 16 45 56 67 78 96 102 110 115 118 119 122 131 134 137 138 141 146 148 150 151 154 157 159 164 165 166 167 172 175 176 181 182 185 186 189 190 191 192 194 200 201 203 204 205 207 209 212 216 220 221 222 225
18  1 : 18
19  16 : 19 34 72 75 77 86 89 104 113 117 127 135 149 173 183 184
20  1 : 20
21  1 : 21
22  1 : 22
23  1 : 23
24  1 : 24
25  1 : 25
26  2 : 26 179
27  1 : 27
28  2 : 28 36
29  2 : 29 40
30  1 : 30
31  1 : 31
87  1 : 87
% end

% frame 75
% time 7.6
% start   7.6
% cluster-index, number-of-fibers : name-of-fibers
1  3 : 1 17 156
2  7 : 2 48 49 59 68 90 103
3  2 : 3 41
4  42 : 4 50 53 57 62 63 84 85 91 109 111 114 120 121 123 125 128 130 139 140 142 145 152 153 160 163 170 171 174 187 195 196 198 199 202 206 211 213 217 218 219 224
5  4 : 5 35 39 58
6  27 : 6 46 51 61 65 71 73 74 79 81 83 88 92 93 94 101 105 107 124 132 136 161 168 193 197 208 215
7  3 : 7 32 37
8  1 : 8
9  1 : 9
10  37 : 10 33 38 42 44 47 52 54 55 60 64 70 76 80 95 97 98 99 100 108 112 116 126 133 143 144 147 155 158 169 177 178 180 210 214 223 226
11  3 : 11 66 162
12  1 : 12
13  1 : 13
14  3 : 14 82 106
15  5 : 15 43 69 129 188
16  53 : 16 45 56 67 78 96 102 110 115 118 119 122 131 134 137 138 141 146 148 150 151 154 157 159 164 165 166 167 172 175 176 181 182 185 186 189 190 191 192 194 200 201 203 204 205 207 209 212 216 220 221 222 225
18  1 : 18
19  16 : 19 34 72 75 77 86 89 104 113 117 127 135 149 173 183 184
20  1 : 20
21  1 : 21
22  1 : 22
23  1 : 23
24  1 : 24
25  1 : 25
26  2 : 26 179
27  1 : 27
28  2 : 28 36
29  2 : 29 40
30  1 : 30
31  1 : 31
87  1 : 87
% end

% frame 76
% time 7.7
% start   7.7
% cluster-index, number-of-fibers : name-of-fibers
1  3 : 1 17 156
2  7 : 2 48 49 59 68 90 103
3  2 : 3 41
4  42 : 4 50 53 57 62 63 84 85 91 109 111 114 120 121 123 125 128 130 139 140 142 145 152 153 160 163 170 171 174 187 195 196 198 199 202 206 211 213 217 218 219 224
5  4 : 5 35 39 58
6  27 : 6 46 51 61 65 71 73 74 79 81 83 88 92 93 94 101 105 107 124 132 136 161 168 193 197 208 215
7  3 : 7 32 37
8  1 : 8
9  1 : 9
10  37 : 10 33 38 42 44 47 52 54 55 60 64 70 76 80 95 97 98 99 100 108 112 116 126 133 143 144 147 155 158 169 177 178 180 210 214 223 226
11  3 : 11 66 162
12  1 : 12
13  1 : 13
14  3 : 14 82 106
15  5 : 15 43 69 129 188
16  53 : 16 45 56 67 78 96 102 110 115 118 119 122 131 134 137 138 141 146 148 150 151 154 157 159 164 165 166 167 172 175 176 181 182 185 186 189 190 191 192 194 200 201 203 204 205 207 209 212 216 220 221 222 225
18  1 : 18
19  15 : 19 34 72 75 77 86 89 104 113 117 127 135 173 183 184
20  1 : 20
21  1 : 21
22  1 : 22
23  1 : 23
24  1 : 24
25  1 : 25
26  2 : 26 179
27  1 : 27
28  2 : 28 36
29  2 : 29 40
30  1 : 30
31  1 : 31
87  1 : 87
149  1 : 149
% end

% frame 77
% time 7.8
% start   7.8
% cluster-index, number-of-fibers : name-of-fibers
1  3 : 1 17 156
2  7 : 2 48 49 59 68 90 103
3  2 : 3 41
4  42 : 4 50 53 57 62 63 84 85 91 109 111 114 120 121 123 125 128 130 139 140 142 145 152 153 160 163 170 171 174 187 195 196 198 199 202 206 211 213 217 218 219 224
5  4 : 5 35 39 58
6  27 : 6 46 51 61 65 71 73 74 79 81 83 88 92 93 94 101 105 107 124 132 136 161 168 193 197 208 215
7  3 : 7 32 37
8  1 : 8
9  1 : 9
10  37 : 10 33 38 42 44 47 52 54 55 60 64 70 76 80 95 97 98 99 100 108 112 116 126 133 143 144 147 155 158 169 177 178 180 210 214 223 226
11  3 : 11 66 162
12  1 : 12
13  1 : 13
14  3 : 14 82 106
15  5 : 15 43 69 129 188
16  53 : 16 45 56 67 78 96 102 110 115 118 119 122 131 134 137 138 141 146 148 150 151 154 157 159 164 165 166 167 172 175 176 181 182 185 186 189 190 191 192 194 200 201 203 204 205 207 209 212 216 220 221 222 225
18  1 : 18
19  15 : 19 34 72 75 77 86 89 104 113 117 127 135 173 183 184
20  1 : 20
21  1 : 21
22  1 : 22
23  1 : 23
24  1 : 24
25  1 : 25
26  2 : 26 179
27  1 : 27
28  2 : 28 36
29  2 : 29 40
30  1 : 30
31  1 : 31
87  1 : 87
149  1 : 149
% end

% frame 78
% time 7.9
% start   7.9
% cluster-index, number-of-fibers : name-of-fibers
1  3 : 1 17 156
2  7 : 2 48 49 59 68 90 103
3  2 : 3 41
4  42 : 4 50 53 57 62 63 84 85 91 109 111 114 120 121 123 125 128 130 139 140 142 145 152 153 160 163 170 171 174 187 195 196 198 199 202 206 211 213 217 218 219 224
5  4 : 5 35 39 58
6  27 : 6 46 51 61 65 71 73 74 79 81 83 88 92 93 94 101 105 107 124 132 136 161 168 193 197 208 215
7  3 : 7 32 37
8  1 : 8
9  1 : 9
10  37 : 10 33 38 42 44 47 52 54 55 60 64 70 76 80 95 97 98 99 100 108 112 116 126 133 143 144 147 155 158 169 177 178 180 210 214 223 226
11  3 : 11 66 162
12  1 : 12
13  1 : 13
14  3 : 14 82 106
15  5 : 15 43 69 129 188
16  53 : 16 45 56 67 78 96 102 110 115 118 119 122 131 134 137 138 141 146 148 150 151 154 157 159 164 165 166 167 172 175 176 181 182 185 186 189 190 191 192 194 200 201 203 204 205 207 209 212 216 220 221 222 225
18  1 : 18
19  15 : 19 34 72 75 77 86 89 104 113 117 127 135 173 183 184
20  1 : 20
21  1 : 21
22  1 : 22
23  1 : 23
24  1 : 24
25  1 : 25
26  2 : 26 179
27  1 : 27
28  2 : 28 36
29  2 : 29 40
30  1 : 30
31  1 : 31
87  1 : 87
149  1 : 149
% end

% frame 79
% time 8
% start   8
% cluster-index, number-of-fibers : name-of-fibers
1  3 : 1 17 156
2  7 : 2 48 49 59 68 90 103
3  2 : 3 41
4  43 : 4 50 53 57 62 63 84 85 91 109 111 114 120 121 123 125 128 130 139 140 142 145 152 153 160 163 170 171 174 187 195 196 198 199 202 206 211 213 217 218 219 224 227
5  3 : 5 39 58
6  27 : 6 46 51 61 65 71 73 74 79 81 83 88 92 93 94 101 105 107 124 132 136 161 168 193 197 208 215
7  3 : 7 32 37
8  1 : 8
9  1 : 9
10  37 : 10 33 38 42 44 47 52 54 55 60 64 70 76 80 95 97 98 99 100 108 112 116 126 133 143 144 147 155 158 169 177 178 180 210 214 223 226
11  3 : 11 66 162
12  1 : 12
13  1 : 13
14  3 : 14 82 106
15  5 : 15 43 69 129 188
16  53 : 16 45 56 67 78 96 102 110 115 118 119 122 131 134 137 138 141 146 148 150 151 154 157 159 164 165 166 167 172 175 176 181 182 185 186 189 190 191 192 194 200 201 203 204 205 207 209 212 216 220 221 222 225
18  1 : 18
19  15 : 19 34 72 75 77 86 89 104 113 117 127 135 173 183 184
20  1 : 20
21  1 : 21
22  1 : 22
23  1 : 23
24  1 : 24
25  1 : 25
26  2 : 26 179
27  1 : 27
28  2 : 28 36
29  2 : 29 40
30  1 : 30
31  1 : 31
35  1 : 35
87  1 : 87
149  1 : 149
% end

% frame 80
% time 8.1
% start   8.1
% cluster-index, number-of-fibers : name-of-fibers
1  3 : 1 17 156
2  7 : 2 48 49 59 68 90 103
3  2 : 3 41
4  43 : 4 50 53 57 62 63 84 85 91 109 111 114 120 121 123 125 128 130 139 140 142 145 152 153 160 163 170 171 174 187 195 196 198 199 202 206 211 213 217 218 219 224 227
5  3 : 5 39 58
6  27 : 6 46 51 61 65 71 73 74 79 81 83 88 92 93 94 101 105 107 124 132 136 161 168 193 197 208 215
7  3 : 7 32 37
8  1 : 8
9  1 : 9
10  37 : 10 33 38 42 44 47 52 54 55 60 64 70 76 80 95 97 98 99 100 108 112 116 126 133 143 144 147 155 158 169 177 178 180 210 214 223 226
11  3 : 11 66 162
12  1 : 12
13  1 : 13
14  3 : 14 82 106
15  5 : 15 43 69 129 188
16  53 : 16 45 56 67 78 96 102 110 115 118 119 122 131 134 137 138 141 146 148 150 151 154 157 159 164 165 166 167 172 175 176 181 182 185 186 189 190 191 192 194 200 201 203 204 205 207 209 212 216 220 221 222 225
18  1 : 18
19  15 : 19 34 72 75 77 86 89 104 113 117 127 135 173 183 184
20  1 : 20
21  1 : 21
22  1 : 22
23  1 : 23
24  1 : 24
25  1 : 25
26  2 : 26 179
27  1 : 27
28  2 : 28 36
29  2 : 29 40
30  1 : 30
31  1 : 31
35  1 : 35
87  1 : 87
149  1 : 149
% end

% frame 81
% time 8.2
% start   8.2
% cluster-index, number-of-fibers : name-of-fibers
1  3 : 1 17 156
2  7 : 2 48 49 59 68 90 103
3  2 : 3 41
4  43 : 4 50 53 57 62 63 84 85 91 109 111 114 120 121 123 125 128 130 139 140 142 145 152 153 160 163 170 171 174 187 195 196 198 199 202 206 211 213 217 218 219 224 227
5  3 : 5 39 58
6  27 : 6 46 51 61 65 71 73 74 79 81 83 88 92 93 94 101 105 107 124 132 136 161 168 193 197 208 215
7  3 : 7 32 37
8  1 : 8
9  1 : 9
10  37 : 10 33 38 42 44 47 52 54 55 60 64 70 76 80 95 97 98 99 100 108 112 116 126 133 143 144 147 155 158 169 177 178 180 210 214 223 226
11  3 : 11 66 162
12  1 : 12
13  1 : 13
14  3 : 14 82 106
15  5 : 15 43 69 129 188
16  54 : 16 45 56 67 78 96 102 110 115 118 119 122 131 134 137 138 141 146 148 149 150 151 154 157 159 164 165 166 167 172 175 176 181 182 185 186 189 190 191 192 194 200 201 203 204 205 207 209 212 216 220 221 222 225
18  1 : 18
19  15 : 19 34 72 75 77 86 89 104 113 117 127 135 173 183 184
20  1 : 20
21  1 : 21
22  1 : 22
23  1 : 23
24  1 : 24
25  1 : 25
26  2 : 26 179
27  1 : 27
28  2 : 28 36
29  2 : 29 40
30  1 : 30
31  1 : 31
35  1 : 35
87  1 : 87
% end

% frame 82
% time 8.3
% start   8.3
% cluster-index, number-of-fibers : name-of-fibers
1  3 : 1 17 156
2  7 : 2 48 49 59 68 90 103
3  2 : 3 41
4  43 : 4 50 53 57 62 63 84 85 91 109 111 114 120 121 123 125 128 130 139 140 142 145 152 153 160 163 170 171 174 187 195 196 198 199 202 206 211 213 217 218 219 224 227
5  3 : 5 39 58
6  27 : 6 46 51 61 65 71 73 74 79 81 83 88 92 93 94 101 105 107 124 132 136 161 168 193 197 208 215
7  3 : 7 32 37
8  1 : 8
9  1 : 9
10  37 : 10 33 38 42 44 47 52 54 55 60 64 70 76 80 95 97 98 99 100 108 112 116 126 133 143 144 147 155 158 169 177 178 180 210 214 223 226
11  3 : 11 66 162
12  1 : 12
13  1 : 13
14  3 : 14 82 106
15  5 : 15 43 69 129 188
16  54 : 16 45 56 67 78 96 102 110 115 118 119 122 131 134 137 138 141 146 148 149 150 151 154 157 159 164 165 166 167 172 175 176 181 182 185 186 189 190 191 192 194 200 201 203 204 205 207 209 212 216 220 221 222 225
18  1 : 18
19  15 : 19 34 72 75 77 86 89 104 113 117 127 135 173 183 184
20  1 : 20
21  1 : 21
22  1 : 22
23  1 : 23
24  1 : 24
25  1 : 25
26  2 : 26 179
27  1 : 27
28  2 : 28 36
29  2 : 29 40
30  1 : 30
31  1 : 31
35  1 : 35
87  1 : 87
% end

% frame 83
% time 8.4
% start   8.4
% cluster-index, number-of-fibers : name-of-fibers
1  3 : 1 17 156
2  7 : 2 48 49 59 68 90 103
3  2 : 3 41
4  43 : 4 50 53 57 62 63 84 85 91 109 111 114 120 121 123 125 128 130 139 140 142 145 152 153 160 163 170 171 174 187 195 196 198 199 202 206 211 213 217 218 219 224 227
5  3 : 5 39 58
6  27 : 6 46 51 61 65 71 73 74 79 81 83 88 92 93 94 101 105 107 124 132 136 161 168 193 197 208 215
7  3 : 7 32 37
8  1 : 8
9  1 : 9
10  37 : 10 33 38 42 44 47 52 54 55 60 64 70 76 80 95 97 98 99 100 108 112 116 126 133 143 144 147 155 158 169 177 178 180 210 214 223 226
11  3 : 11 66 162
12  1 : 12
13  1 : 13
14  3 : 14 82 106
15  5 : 15 43 69 129 188
16  54 : 16 45 56 67 78 96 102 110 115 118 119 122 131 134 137 138 141 146 148 149 150 151 154 157 159 164 165 166 167 172 175 176 181 182 185 186 189 190 191 192 194 200 201 203 204 205 207 209 212 216 220 221 222 225
18  1 : 18
19  15 : 19 34 72 75 77 86 89 104 113 117 127 135 173 183 184
20  1 : 20
21  1 : 21
22  1 : 22
23  1 : 23
24  1 : 24
25  1 : 25
26  2 : 26 179
27  1 : 27
28  2 : 28 36
29  2 : 29 40
30  1 : 30
31  1 : 31
35  1 : 35
87  1 : 87
% end

% frame 84
% time 8.5
% start   8.5
% cluster-index, number-of-fibers : name-of-fibers
1  3 : 1 17 156
2  7 : 2 48 49 59 68 90 103
3  2 : 3 41
4  44 : 4 50 53 57 62 63 84 85 91 109 111 114 120 121 123 125 128 130 139 140 142 145 152 153 160 163 170 171 174 187 195 196 198 199 202 206 211 213 217 218 219 224 227 228
5  3 : 5 39 58
6  27 : 6 46 51 61 65 71 73 74 79 81 83 88 92 93 94 101 105 107 124 132 136 161 168 193 197 208 215
7  3 : 7 32 37
8  1 : 8
9  1 : 9
10  37 : 10 33 38 42 44 47 52 54 55 60 64 70 76 80 95 97 98 99 100 108 112 116 126 133 143 144 147 155 158 169 177 178 180 210 214 223 226
11  3 : 11 66 162
12  1 : 12
13  1 : 13
14  3 : 14 82 106
15  5 : 15 43 69 129 188
16  54 : 16 45 56 67 78 96 102 110 115 118 119 122 131 134 137 138 141 146 148 149 150 151 154 157 159 164 165 166 167 172 175 176 181 182 185 186 189 190 191 192 194 200 201 203 204 205 207 209 212 216 220 221 222 225
18  1 : 18
19  15 : 19 34 72 75 77 86 89 104 113 117 127 135 173 183 184
20  1 : 20
21  1 : 21
22  1 : 22
23  1 : 23
24  1 : 24
25  1 : 25
26  2 : 26 179
27  1 : 27
28  2 : 28 36
29  2 : 29 40
30  1 : 30
31  1 : 31
35  1 : 35
87  1 : 87
% end

% frame 85
% time 8.6
% start   8.6
% cluster-index, number-of-fibers : name-of-fibers
1  3 : 1 17 156
2  7 : 2 48 49 59 68 90 103
3  2 : 3 41
4  45 : 4 50 53 57 62 63 84 85 91 109 111 114 120 121 123 125 128 130 139 140 142 145 152 153 160 163 170 171 174 187 195 196 198 199 202 206 211 213 217 218 219 224 227 228 229
5  3 : 5 39 58
6  27 : 6 46 51 61 65 71 73 74 79 81 83 88 92 93 94 101 105 107 124 132 136 161 168 193 197 208 215
7  3 : 7 32 37
8  1 : 8
9  1 : 9
10  37 : 10 33 38 42 44 47 52 54 55 60 64 70 76 80 95 97 98 99 100 108 112 116 126 133 143 144 147 155 158 169 177 178 180 210 214 223 226
11  3 : 11 66 162
12  1 : 12
13  1 : 13
14  3 : 14 82 106
15  5 : 15 43 69 129 188
16  54 : 16 45 56 67 78 96 102 110 115 118 119 122 131 134 137 138 141 146 148 149 150 151 154 157 159 164 165 166 167 172 175 176 181 182 185 186 189 190 191 192 194 200 201 203 204 205 207 209 212 216 220 221 222 225
18  1 : 18
19  15 : 19 34 72 75 77 86 89 104 113 117 127 135 173 183 184
20  1 : 20
21  1 : 21
22  1 : 22
23  1 : 23
24  1 : 24
25  1 : 25
26  2 : 26 179
27  1 : 27
28  2 : 28 36
29  2 : 29 40
30  1 : 30
31  1 : 31
35  1 : 35
87  1 : 87
% end

% frame 86
% time 8.7
% start   8.7
% cluster-index, number-of-fibers : name-of-fibers
1  3 : 1 17 156
2  7 : 2 48 49 59 68 90 103
3  2 : 3 41
4  45 : 4 50 53 57 62 63 84 85 91 109 111 114 120 121 123 125 128 130 139 140 142 145 152 153 160 163 170 171 174 187 195 196 198 199 202 206 211 213 217 218 219 224 227 228 229
5  3 : 5 39 58
6  27 : 6 46 51 61 65 71 73 74 79 81 83 88 92 93 94 101 105 107 124 132 136 161 168 193 197 208 215
7  3 : 7 32 37
8  1 : 8
9  1 : 9
10  37 : 10 33 38 42 44 47 52 54 55 60 64 70 76 80 95 97 98 99 100 108 112 116 126 133 143 144 147 155 158 169 177 178 180 210 214 223 226
11  3 : 11 66 162
12  1 : 12
13  1 : 13
14  3 : 14 82 106
15  5 : 15 43 69 129 188
16  54 : 16 45 56 67 78 96 102 110 115 118 119 122 131 134 137 138 141 146 148 149 150 151 154 157 159 164 165 166 167 172 175 176 181 182 185 186 189 190 191 192 194 200 201 203 204 205 207 209 212 216 220 221 222 225
18  1 : 18
19  15 : 19 34 72 75 77 86 89 104 113 117 127 135 173 183 184
20  1 : 20
21  1 : 21
22  1 : 22
23  1 : 23
24  1 : 24
25  1 : 25
26  2 : 26 179
27  1 : 27
28  2 : 28 36
29  2 : 29 40
30  1 : 30
31  1 : 31
35  1 : 35
87  1 : 87
% end

% frame 87
% time 8.8
% start   8.8
% cluster-index, number-of-fibers : name-of-fibers
1  3 : 1 17 156
2  7 : 2 48 49 59 68 90 103
3  2 : 3 41
4  45 : 4 50 53 57 62 63 84 85 91 109 111 114 120 121 123 125 128 130 139 140 142 145 152 153 160 163 170 171 174 187 195 196 198 199 202 206 211 213 217 218 219 224 227 228 229
5  3 : 5 39 58
6  27 : 6 46 51 61 65 71 73 74 79 81 83 88 92 93 94 101 105 107 124 132 136 161 168 193 197 208 215
7  3 : 7 32 37
8  1 : 8
9  1 : 9
10  37 : 10 33 38 42 44 47 52 54 55 60 64 70 76 80 95 97 98 99 100 108 112 116 126 133 143 144 147 155 158 169 177 178 180 210 214 223 226
11  3 : 11 66 162
12  1 : 12
13  1 : 13
14  3 : 14 82 106
15  5 : 15 43 69 129 188
16  54 : 16 45 56 67 78 96 102 110 115 118 119 122 131 134 137 138 141 146 148 149 150 151 154 157 159 164 165 166 167 172 175 176 181 182 185 186 189 190 191 192 194 200 201 203 204 205 207 209 212 216 220 221 222 225
18  1 : 18
19  15 : 19 34 72 75 77 86 89 104 113 117 127 135 173 183 184
20  1 : 20
21  1 : 21
22  1 : 22
23  1 : 23
24  1 : 24
25  1 : 25
26  2 : 26 179
27  1 : 27
28  2 : 28 36
29  2 : 29 40
30  1 : 30
31  1 : 31
35  1 : 35
87  1 : 87
% end

% frame 88
% time 8.9
% start   8.9
% cluster-index, number-of-fibers : name-of-fibers
1  3 : 1 17 156
2  7 : 2 48 49 59 68 90 103
3  2 : 3 41
4  45 : 4 50 53 57 62 63 84 85 91 109 111 114 120 121 123 125 128 130 139 140 142 145 152 153 160 163 170 171 174 187 195 196 198 199 202 206 211 213 217 218 219 224 227 228 229
5  3 : 5 39 58
6  27 : 6 46 51 61 65 71 73 74 79 81 83 88 92 93 94 101 105 107 124 132 136 161 168 193 197 208 215
7  3 : 7 32 37
8  1 : 8
9  1 : 9
10  37 : 10 33 38 42 44 47 52 54 55 60 64 70 76 80 95 97 98 99 100 108 112 116 126 133 143 144 147 155 158 169 177 178 180 210 214 223 226
11  3 : 11 66 162
12  1 : 12
13  1 : 13
14  3 : 14 82 106
15  5 : 15 43 69 129 188
16  54 : 16 45 56 67 78 96 102 110 115 118 119 122 131 134 137 138 141 146 148 149 150 151 154 157 159 164 165 166 167 172 175 176 181 182 185 186 189 190 191 192 194 200 201 203 204 205 207 209 212 216 220 221 222 225
18  1 : 18
19  15 : 19 34 72 75 77 86 89 104 113 117 127 135 173 183 184
20  1 : 20
21  1 : 21
22  1 : 22
23  1 : 23
24  1 : 24
25  1 : 25
26  2 : 26 179
27  1 : 27
28  2 : 28 36
29  2 : 29 40
30  1 : 30
31  1 : 31
35  1 : 35
87  1 : 87
% end

% frame 89
% time 9
% start   9
% cluster-index, number-of-fibers : name-of-fibers
1  3 : 1 17 156
2  7 : 2 48 49 59 68 90 103
3  2 : 3 41
4  45 : 4 50 53 57 62 63 84 85 91 109 111 114 120 121 123 125 128 130 139 140 142 145 152 153 160 163 170 171 174 187 195 196 198 199 202 206 211 213 217 218 219 224 227 228 229
5  3 : 5 39 58
6  27 : 6 46 51 61 65 71 73 74 79 81 83 88 92 93 94 101 105 107 124 132 136 161 168 193 197 208 215
7  3 : 7 32 37
8  1 : 8
9  1 : 9
10  37 : 10 33 38 42 44 47 52 54 55 60 64 70 76 80 95 97 98 99 100 108 112 116 126 133 143 144 147 155 158 169 177 178 180 210 214 223 226
11  3 : 11 66 162
12  1 : 12
13  1 : 13
14  3 : 14 82 106
15  5 : 15 43 69 129 188
16  54 : 16 45 56 67 78 96 102 110 115 118 119 122 131 134 137 138 141 146 148 149 150 151 154 157 159 164 165 166 167 172 175 176 181 182 185 186 189 190 191 192 194 200 201 203 204 205 207 209 212 216 220 221 222 225
18  1 : 18
19  15 : 19 34 72 75 77 86 89 104 113 117 127 135 173 183 184
20  1 : 20
21  1 : 21
22  1 : 22
23  1 : 23
24  1 : 24
25  1 : 25
26  2 : 26 179
27  1 : 27
28  2 : 28 36
29  2 : 29 40
30  1 : 30
31  1 : 31
35  1 : 35
87  1 : 87
% end

% frame 90
% time 9.1
% start   9.1
% cluster-index, number-of-fibers : name-of-fibers
1  3 : 1 17 156
2  7 : 2 48 49 59 68 90 103
3  2 : 3 41
4  45 : 4 50 53 57 62 63 84 85 91 109 111 114 120 121 123 125 128 130 139 140 142 145 152 153 160 163 170 171 174 187 195 196 198 199 202 206 211 213 217 218 219 224 227 228 229
5  3 : 5 39 58
6  27 : 6 46 51 61 65 71 73 74 79 81 83 88 92 93 94 101 105 107 124 132 136 161 168 193 197 208 215
7  3 : 7 32 37
8  1 : 8
9  1 : 9
10  36 : 10 33 38 42 44 47 52 54 55 60 64 70 76 80 95 97 98 99 100 108 112 116 126 133 143 144 147 155 158 169 177 180 210 214 223 226
11  3 : 11 66 162
12  1 : 12
13  1 : 13
14  3 : 14 82 106
15  5 : 15 43 69 129 188
16  54 : 16 45 56 67 78 96 102 110 115 118 119 122 131 134 137 138 141 146 148 149 150 151 154 157 159 164 165 166 167 172 175 176 181 182 185 186 189 190 191 192 194 200 201 203 204 205 207 209 212 216 220 221 222 225
18  1 : 18
19  15 : 19 34 72 75 77 86 89 104 113 117 127 135 173 183 184
20  1 : 20
21  1 : 21
22  1 : 22
23  1 : 23
24  1 : 24
25  1 : 25
26  2 : 26 179
27  1 : 27
28  2 : 28 36
29  2 : 29 40
30  1 : 30
31  1 : 31
35  1 : 35
87  1 : 87
178  1 : 178
% end

% frame 91
% time 9.2
% start   9.2
% cluster-index, number-of-fibers : name-of-fibers
1  3 : 1 17 156
2  7 : 2 48 49 59 68 90 103
3  2 : 3 41
4  45 : 4 50 53 57 62 63 84 85 91 109 111 114 120 121 123 125 128 130 139 140 142 145 152 153 160 163 170 171 174 187 195 196 198 199 202 206 211 213 217 218 219 224 227 228 229
5  3 : 5 39 58
6  27 : 6 46 51 61 65 71 73 74 79 81 83 88 92 93 94 101 105 107 124 132 136 161 168 193 197 208 215
7  3 : 7 32 37
8  1 : 8
9  1 : 9
10  36 : 10 33 38 42 44 47 52 54 55 60 64 70 76 80 95 97 98 99 100 108 112 116 126 133 143 144 147 155 158 169 177 180 210 214 223 226
11  3 : 11 66 162
12  1 : 12
13  1 : 13
14  3 : 14 82 106
15  5 : 15 43 69 129 188
16  54 : 16 45 56 67 78 96 102 110 115 118 119 122 131 134 137 138 141 146 148 149 150 151 154 157 159 164 165 166 167 172 175 176 181 182 185 186 189 190 191 192 194 200 201 203 204 205 207 209 212 216 220 221 222 225
18  1 : 18
19  15 : 19 34 72 75 77 86 89 104 113 117 127 135 173 183 184
20  1 : 20
21  1 : 21
22  1 : 22
23  1 : 23
24  1 : 24
25  1 : 25
26  2 : 26 179
27  1 : 27
28  2 : 28 36
29  2 : 29 40
30  1 : 30
31  1 : 31
35  1 : 35
87  1 : 87
178  1 : 178
% end

% frame 92
% time 9.3
% start   9.3
% cluster-index, number-of-fibers : name-of-fibers
1  3 : 1 17 156
2  7 : 2 48 49 59 68 90 103
3  2 : 3 41
4  45 : 4 50 53 57 62 63 84 85 91 109 111 114 120 121 123 125 128 130 139 140 142 145 152 153 160 163 170 171 174 187 195 196 198 199 202 206 211 213 217 218 219 224 227 228 229
5  3 : 5 39 58
6  27 : 6 46 51 61 65 71 73 74 79 81 83 88 92 93 94 101 105 107 124 132 136 161 168 193 197 208 215
7  3 : 7 32 37
8  1 : 8
9  1 : 9
10  36 : 10 33 38 42 44 47 52 54 55 60 64 70 76 80 95 97 98 99 100 108 112 116 126 133 143 144 147 155 158 169 177 180 210 214 223 226
11  3 : 11 66 162
12  1 : 12
13  1 : 13
14  3 : 14 82 106
15  5 : 15 43 69 129 188
16  54 : 16 45 56 67 78 96 102 110 115 118 119 122 131 134 137 138 141 146 148 149 150 151 154 157 159 164 165 166 167 172 175 176 181 182 185 186 189 190 191 192 194 200 201 203 204 205 207 209 212 216 220 221 222 225
18  1 : 18
19  15 : 19 34 72 75 77 86 89 104 113 117 127 135 173 183 184
20  1 : 20
21  1 : 21
22  1 : 22
23  1 : 23
24  1 : 24
25  1 : 25
26  2 : 26 179
27  1 : 27
28  2 : 28 36
29  2 : 29 40
30  1 : 30
31  1 : 31
35  1 : 35
87  1 : 87
178  1 : 178
% end

% frame 93
% time 9.4
% start   9.4
% cluster-index, number-of-fibers : name-of-fibers
1  3 : 1 17 156
2  7 : 2 48 49 59 68 90 103
3  2 : 3 41
4  45 : 4 50 53 57 62 63 84 85 91 109 111 114 120 121 123 125 128 130 139 140 142 145 152 153 160 163 170 171 174 187 195 196 198 199 202 206 211 213 217 218 219 224 227 228 229
5  3 : 5 39 58
6  27 : 6 46 51 61 65 71 73 74 79 81 83 88 92 93 94 101 105 107 124 132 136 161 168 193 197 208 215
7  3 : 7 32 37
8  1 : 8
9  1 : 9
10  36 : 10 33 38 42 44 47 52 54 55 60 64 70 76 80 95 97 98 99 100 108 112 116 126 133 143 144 147 155 158 169 177 180 210 214 223 226
11  3 : 11 66 162
12  1 : 12
13  1 : 13
14  3 : 14 82 106
15  5 : 15 43 69 129 188
16  54 : 16 45 56 67 78 96 102 110 115 118 119 122 131 134 137 138 141 146 148 149 150 151 154 157 159 164 165 166 167 172 175 176 181 182 185 186 189 190 191 192 194 200 201 203 204 205 207 209 212 216 220 221 222 225
18  1 : 18
19  15 : 19 34 72 75 77 86 89 104 113 117 127 135 173 183 184
20  1 : 20
21  1 : 21
22  1 : 22
23  1 : 23
24  1 : 24
25  1 : 25
26  2 : 26 179
27  1 : 27
28  2 : 28 36
29  2 : 29 40
30  1 : 30
31  1 : 31
35  1 : 35
87  1 : 87
178  1 : 178
% end

% frame 94
% time 9.5
% start   9.5
% cluster-index, number-of-fibers : name-of-fibers
1  3 : 1 17 156
2  7 : 2 48 49 59 68 90 103
3  2 : 3 41
4  45 : 4 50 53 57 62 63 84 85 91 109 111 114 120 121 123 125 128 130 139 140 142 145 152 153 160 163 170 171 174 187 195 196 198 199 202 206 211 213 217 218 219 224 227 228 229
5  3 : 5 39 58
6  27 : 6 46 51 61 65 71 73 74 79 81 83 88 92 93 94 101 105 107 124 132 136 161 168 193 197 208 215
7  3 : 7 32 37
8  1 : 8
9  1 : 9
10  36 : 10 33 38 42 44 47 52 54 55 60 64 70 76 80 95 97 98 99 100 108 112 116 126 133 143 144 147 155 158 169 177 180 210 214 223 226
11  3 : 11 66 162
12  1 : 12
13  1 : 13
14  3 : 14 82 106
15  5 : 15 43 69 129 188
16  54 : 16 45 56 67 78 96 102 110 115 118 119 122 131 134 137 138 141 146 148 149 150 151 154 157 159 164 165 166 167 172 175 176 181 182 185 186 189 190 191 192 194 200 201 203 204 205 207 209 212 216 220 221 222 225
18  1 : 18
19  15 : 19 34 72 75 77 86 89 104 113 117 127 135 173 183 184
20  1 : 20
21  1 : 21
22  1 : 22
23  1 : 23
24  1 : 24
25  1 : 25
26  2 : 26 179
27  1 : 27
28  2 : 28 36
29  2 : 29 40
30  1 : 30
31  1 : 31
35  1 : 35
87  1 : 87
178  1 : 178
% end

% frame 95
% time 9.6
% start   9.6
% cluster-index, number-of-fibers : name-of-fibers
1  3 : 1 17 156
2  7 : 2 48 49 59 68 90 103
3  2 : 3 41
4  45 : 4 50 53 57 62 63 84 85 91 109 111 114 120 121 123 125 128 130 139 140 142 145 152 153 160 163 170 171 174 187 195 196 198 199 202 206 211 213 217 218 219 224 227 228 229
5  3 : 5 39 58
6  27 : 6 46 51 61 65 71 73 74 79 81 83 88 92 93 94 101 105 107 124 132 136 161 168 193 197 208 215
7  3 : 7 32 37
8  1 : 8
9  1 : 9
10  36 : 10 33 38 42 44 47 52 54 55 60 64 70 76 80 95 97 98 99 100 108 112 116 126 133 143 144 147 155 158 169 177 180 210 214 223 226
11  3 : 11 66 162
12  1 : 12
13  1 : 13
14  3 : 14 82 106
15  5 : 15 43 69 129 188
16  54 : 16 45 56 67 78 96 102 110 115 118 119 122 131 134 137 138 141 146 148 149 150 151 154 157 159 164 165 166 167 172 175 176 181 182 185 186 189 190 191 192 194 200 201 203 204 205 207 209 212 216 220 221 222 225
18  1 : 18
19  15 : 19 34 72 75 77 86 89 104 113 117 127 135 173 183 184
20  1 : 20
21  1 : 21
22  1 : 22
23  1 : 23
24  1 : 24
25  1 : 25
26  2 : 26 179
27  1 : 27
28  2 : 28 36
29  2 : 29 40
30  1 : 30
31  1 : 31
35  1 : 35
87  1 : 87
178  1 : 178
% end

% frame 96
% time 9.7
% start   9.7
% cluster-index, number-of-fibers : name-of-fibers
1  3 : 1 17 156
2  7 : 2 48 49 59 68 90 103
3  2 : 3 41
4  45 : 4 50 53 57 62 63 84 85 91 109 111 114 120 121 123 125 128 130 139 140 142 145 152 153 160 163 170 171 174 187 195 196 198 199 202 206 211 213 217 218 219 224 227 228 229
5  3 : 5 39 58
6  27 : 6 46 51 61 65 71 73 74 79 81 83 88 92 93 94 101 105 107 124 132 136 161 168 193 197 208 215
7  3 : 7 32 37
8  1 : 8
9  1 : 9
10  36 : 10 33 38 42 44 47 52 54 55 60 64 70 76 80 95 97 98 99 100 108 112 116 126 133 143 144 147 155 158 169 177 180 210 214 223 226
11  3 : 11 66 162
12  1 : 12
13  1 : 13
14  3 : 14 82 106
15  5 : 15 43 69 129 188
16  54 : 16 45 56 67 78 96 102 110 115 118 119 122 131 134 137 138 141 146 148 149 150 151 154 157 159 164 165 166 167 172 175 176 181 182 185 186 189 190 191 192 194 200 201 203 204 205 207 209 212 216 220 221 222 225
18  1 : 18
19  15 : 19 34 72 75 77 86 89 104 113 117 127 135 173 183 184
20  1 : 20
21  1 : 21
22  1 : 22
23  1 : 23
24  1 : 24
25  1 : 25
26  2 : 26 179
27  1 : 27
28  2 : 28 36
29  2 : 29 40
30  1 : 30
31  1 : 31
35  1 : 35
87  1 : 87
178  1 : 178
% end

% frame 97
% time 9.8
% start   9.8
% cluster-index, number-of-fibers : name-of-fibers
1  3 : 1 17 156
2  7 : 2 48 49 59 68 90 103
3  2 : 3 41
4  45 : 4 50 53 57 62 63 84 85 91 109 111 114 120 121 123 125 128 130 139 140 142 145 152 153 160 163 170 171 174 187 195 196 198 199 202 206 211 213 217 218 219 224 227 228 229
5  3 : 5 39 58
6  27 : 6 46 51 61 65 71 73 74 79 81 83 88 92 93 94 101 105 107 124 132 136 161 168 193 197 208 215
7  3 : 7 32 37
8  1 : 8
9  1 : 9
10  36 : 10 33 38 42 44 47 52 54 55 60 64 70 76 80 95 97 98 99 100 108 112 116 126 133 143 144 147 155 158 169 177 180 210 214 223 226
11  3 : 11 66 162
12  1 : 12
13  1 : 13
14  3 : 14 82 106
15  5 : 15 43 69 129 188
16  54 : 16 45 56 67 78 96 102 110 115 118 119 122 131 134 137 138 141 146 148 149 150 151 154 157 159 164 165 166 167 172 175 176 181 182 185 186 189 190 191 192 194 200 201 203 204 205 207 209 212 216 220 221 222 225
18  1 : 18
19  15 : 19 34 72 75 77 86 89 104 113 117 127 135 173 183 184
20  1 : 20
21  1 : 21
22  1 : 22
23  1 : 23
24  1 : 24
25  1 : 25
26  2 : 26 179
27  1 : 27
28  2 : 28 36
29  2 : 29 40
30  1 : 30
31  1 : 31
35  1 : 35
87  1 : 87
178  1 : 178
% end

