% frame 0
% time 0.1
% start   0.1
% cluster-index, number-of-fibers : name-of-fibers
1  1 : 1
2  1 : 2
3  1 : 3
4  1 : 4
5  1 : 5
6  1 : 6
7  1 : 7
8  1 : 8
9  1 : 9
10  1 : 10
11  1 : 11
12  1 : 12
13  1 : 13
14  1 : 14
15  1 : 15
16  1 : 16
17  1 : 17
18  1 : 18
% end

% frame 1
% time 0.2
% start   0.2
% cluster-index, number-of-fibers : name-of-fibers
1  1 : 1
2  1 : 2
3  1 : 3
4  2 : 4 28
5  1 : 5
6  1 : 6
7  1 : 7
8  1 : 8
9  1 : 9
10  1 : 10
11  1 : 11
12  1 : 12
13  1 : 13
14  1 : 14
15  1 : 15
16  1 : 16
17  1 : 17
18  1 : 18
19  1 : 19
20  1 : 20
21  2 : 21 23
22  1 : 22
25  1 : 25
26  1 : 26
27  1 : 27
29  1 : 29
% end

% frame 2
% time 0.3
% start   0.3
% cluster-index, number-of-fibers : name-of-fibers
1  1 : 1
2  1 : 2
3  1 : 3
4  2 : 4 28
5  1 : 5
6  1 : 6
7  1 : 7
8  1 : 8
9  1 : 9
10  1 : 10
11  1 : 11
12  1 : 12
13  1 : 13
14  1 : 14
15  1 : 15
16  1 : 16
17  1 : 17
18  1 : 18
19  1 : 19
20  1 : 20
21  2 : 21 23
22  1 : 22
25  1 : 25
26  1 : 26
27  1 : 27
29  1 : 29
30  1 : 30
31  1 : 31
% end

% frame 3
% time 0.4
% start   0.4
% cluster-index, number-of-fibers : name-of-fibers
1  1 : 1
2  1 : 2
3  1 : 3
4  2 : 4 28
5  1 : 5
6  1 : 6
7  1 : 7
8  1 : 8
9  1 : 9
10  1 : 10
11  2 : 11 33
12  1 : 12
13  1 : 13
14  1 : 14
15  1 : 15
16  1 : 16
17  1 : 17
18  1 : 18
19  1 : 19
20  1 : 20
21  3 : 21 23 34
22  1 : 22
25  1 : 25
26  1 : 26
27  1 : 27
29  1 : 29
30  1 : 30
31  1 : 31
32  1 : 32
% end

% frame 4
% time 0.5
% start   0.5
% cluster-index, number-of-fibers : name-of-fibers
1  1 : 1
2  1 : 2
3  1 : 3
4  2 : 4 28
5  1 : 5
6  1 : 6
7  1 : 7
8  1 : 8
9  2 : 9 35
10  1 : 10
11  2 : 11 33
12  1 : 12
13  1 : 13
14  1 : 14
15  2 : 15 37
16  1 : 16
17  1 : 17
18  1 : 18
19  1 : 19
20  1 : 20
21  3 : 21 23 34
22  1 : 22
25  1 : 25
26  1 : 26
27  1 : 27
29  1 : 29
30  1 : 30
31  1 : 31
32  2 : 32 36
% end

% frame 5
% time 0.6
% start   0.6
% cluster-index, number-of-fibers : name-of-fibers
1  1 : 1
2  1 : 2
3  1 : 3
4  2 : 4 28
5  1 : 5
6  1 : 6
7  1 : 7
8  1 : 8
9  2 : 9 35
10  1 : 10
11  2 : 11 33
12  1 : 12
13  1 : 13
14  1 : 14
15  3 : 15 37 39
16  1 : 16
17  1 : 17
18  1 : 18
19  1 : 19
20  1 : 20
21  3 : 21 23 34
22  1 : 22
25  1 : 25
26  1 : 26
27  2 : 27 38
29  1 : 29
30  1 : 30
31  1 : 31
32  2 : 32 36
% end

% frame 6
% time 0.7
% start   0.7
% cluster-index, number-of-fibers : name-of-fibers
1  1 : 1
2  1 : 2
3  1 : 3
4  2 : 4 28
5  1 : 5
6  1 : 6
7  1 : 7
8  1 : 8
9  2 : 9 35
10  1 : 10
11  4 : 11 33 40 41
12  1 : 12
13  1 : 13
14  1 : 14
15  5 : 15 37 39 42 45
16  1 : 16
17  1 : 17
18  1 : 18
19  2 : 19 44
20  1 : 20
21  3 : 21 23 34
22  1 : 22
25  1 : 25
26  1 : 26
27  2 : 27 38
29  1 : 29
30  1 : 30
31  1 : 31
32  2 : 32 36
43  1 : 43
% end

% frame 7
% time 0.8
% start   0.8
% cluster-index, number-of-fibers : name-of-fibers
1  1 : 1
2  1 : 2
3  1 : 3
4  2 : 4 28
5  1 : 5
6  1 : 6
7  1 : 7
8  1 : 8
9  2 : 9 35
10  2 : 10 49
11  8 : 11 33 40 41 47 48 50 51
12  1 : 12
13  1 : 13
14  1 : 14
15  9 : 15 37 39 42 45 46 52 53 54
16  1 : 16
17  1 : 17
18  1 : 18
19  2 : 19 44
20  1 : 20
21  3 : 21 23 34
22  1 : 22
25  1 : 25
26  1 : 26
27  2 : 27 38
29  1 : 29
30  1 : 30
31  1 : 31
32  2 : 32 36
43  1 : 43
% end

% frame 8
% time 0.9
% start   0.9
% cluster-index, number-of-fibers : name-of-fibers
1  1 : 1
2  1 : 2
3  1 : 3
4  2 : 4 28
5  1 : 5
6  1 : 6
7  1 : 7
8  1 : 8
9  2 : 9 35
10  2 : 10 49
11  9 : 11 33 40 41 47 48 50 51 56
12  1 : 12
13  1 : 13
14  1 : 14
15  9 : 15 37 39 42 45 46 52 53 54
16  1 : 16
17  1 : 17
18  1 : 18
19  3 : 19 44 55
20  1 : 20
21  3 : 21 23 34
22  1 : 22
25  1 : 25
26  1 : 26
27  2 : 27 38
29  1 : 29
30  1 : 30
31  1 : 31
32  2 : 32 36
43  1 : 43
% end

% frame 9
% time 1
% start   1
% cluster-index, number-of-fibers : name-of-fibers
1  1 : 1
2  1 : 2
3  1 : 3
4  2 : 4 28
5  1 : 5
6  1 : 6
7  1 : 7
8  1 : 8
9  3 : 9 35 58
10  2 : 10 49
11  9 : 11 33 40 41 47 48 50 51 56
12  1 : 12
13  1 : 13
14  1 : 14
15  10 : 15 37 39 42 45 46 52 53 54 57
16  1 : 16
17  1 : 17
18  1 : 18
19  3 : 19 44 55
20  1 : 20
21  3 : 21 23 34
22  1 : 22
25  1 : 25
26  2 : 26 59
27  2 : 27 38
29  1 : 29
30  1 : 30
31  1 : 31
32  2 : 32 36
43  1 : 43
% end

% frame 10
% time 1.1
% start   1.1
% cluster-index, number-of-fibers : name-of-fibers
1  1 : 1
2  1 : 2
3  1 : 3
4  2 : 4 28
5  1 : 5
6  1 : 6
7  1 : 7
8  1 : 8
9  3 : 9 35 58
10  2 : 10 49
11  11 : 11 33 40 41 47 48 50 51 56 60 61
12  1 : 12
13  1 : 13
14  1 : 14
15  10 : 15 37 39 42 45 46 52 53 54 57
16  1 : 16
17  1 : 17
18  1 : 18
19  3 : 19 44 55
20  1 : 20
21  3 : 21 23 34
22  1 : 22
25  1 : 25
26  2 : 26 59
27  2 : 27 38
29  1 : 29
30  1 : 30
31  1 : 31
32  2 : 32 36
43  1 : 43
% end

% frame 11
% time 1.2
% start   1.2
% cluster-index, number-of-fibers : name-of-fibers
1  1 : 1
2  1 : 2
3  1 : 3
4  2 : 4 28
5  1 : 5
6  1 : 6
7  1 : 7
8  1 : 8
9  3 : 9 35 58
10  2 : 10 49
11  14 : 11 33 40 41 47 48 50 51 56 60 61 62 63 66
12  1 : 12
13  1 : 13
14  1 : 14
15  12 : 15 37 39 42 45 46 52 53 54 57 64 67
16  1 : 16
17  1 : 17
18  1 : 18
19  3 : 19 44 55
20  1 : 20
21  3 : 21 23 34
22  1 : 22
25  1 : 25
26  3 : 26 59 65
27  2 : 27 38
29  1 : 29
30  1 : 30
31  1 : 31
32  2 : 32 36
43  1 : 43
% end

% frame 12
% time 1.3
% start   1.3
% cluster-index, number-of-fibers : name-of-fibers
1  1 : 1
2  2 : 2 68
3  1 : 3
4  2 : 4 28
5  1 : 5
6  1 : 6
7  1 : 7
8  1 : 8
9  3 : 9 35 58
10  2 : 10 49
11  16 : 11 33 40 41 47 48 50 51 56 60 61 62 63 66 70 72
12  1 : 12
13  1 : 13
14  1 : 14
15  14 : 15 37 39 42 45 46 52 53 54 57 64 67 71 73
16  1 : 16
17  1 : 17
18  1 : 18
19  3 : 19 44 55
20  1 : 20
21  3 : 21 23 34
22  1 : 22
25  1 : 25
26  3 : 26 59 65
27  3 : 27 38 69
29  1 : 29
30  1 : 30
31  1 : 31
32  2 : 32 36
43  1 : 43
% end

% frame 13
% time 1.4
% start   1.4
% cluster-index, number-of-fibers : name-of-fibers
1  1 : 1
2  2 : 2 68
3  1 : 3
4  2 : 4 28
5  1 : 5
6  1 : 6
7  1 : 7
8  1 : 8
9  3 : 9 35 58
10  2 : 10 49
11  21 : 11 33 40 41 47 48 50 51 56 60 61 62 63 66 70 72 75 76 77 78 79
12  1 : 12
13  1 : 13
14  1 : 14
15  15 : 15 37 39 42 45 46 52 53 54 57 64 67 71 73 80
16  1 : 16
17  1 : 17
18  1 : 18
19  3 : 19 44 55
20  1 : 20
21  3 : 21 23 34
22  2 : 22 74
25  1 : 25
26  3 : 26 59 65
27  3 : 27 38 69
29  1 : 29
30  1 : 30
31  1 : 31
32  2 : 32 36
43  1 : 43
% end

% frame 14
% time 1.5
% start   1.5
% cluster-index, number-of-fibers : name-of-fibers
1  1 : 1
2  2 : 2 68
3  1 : 3
4  2 : 4 28
5  1 : 5
6  1 : 6
7  1 : 7
8  1 : 8
9  3 : 9 35 58
10  2 : 10 49
11  24 : 11 33 40 41 47 48 50 51 56 60 61 62 63 66 70 72 75 76 77 78 79 82 84 85
12  1 : 12
13  1 : 13
14  1 : 14
15  15 : 15 37 39 42 45 46 52 53 54 57 64 67 71 73 80
16  1 : 16
17  1 : 17
18  1 : 18
19  3 : 19 44 55
20  1 : 20
21  3 : 21 23 34
22  2 : 22 74
25  1 : 25
26  4 : 26 59 65 83
27  5 : 27 38 69 81 86
29  1 : 29
30  1 : 30
31  1 : 31
32  2 : 32 36
43  1 : 43
% end

% frame 15
% time 1.6
% start   1.6
% cluster-index, number-of-fibers : name-of-fibers
1  1 : 1
2  2 : 2 68
3  1 : 3
4  2 : 4 28
5  1 : 5
6  1 : 6
7  1 : 7
8  1 : 8
9  3 : 9 35 58
10  2 : 10 49
11  24 : 11 33 40 41 47 48 50 51 56 60 61 62 63 66 70 72 75 76 77 78 79 82 84 85
12  1 : 12
13  1 : 13
14  1 : 14
15  17 : 15 37 39 42 45 46 52 53 54 57 64 67 71 73 80 88 93
16  1 : 16
17  1 : 17
18  1 : 18
19  6 : 19 44 55 87 89 90
20  1 : 20
21  3 : 21 23 34
22  2 : 22 74
25  1 : 25
26  5 : 26 59 65 83 91
27  5 : 27 38 69 81 86
29  2 : 29 92
30  1 : 30
31  1 : 31
32  2 : 32 36
43  1 : 43
% end

% frame 16
% time 1.7
% start   1.7
% cluster-index, number-of-fibers : name-of-fibers
1  1 : 1
2  2 : 2 68
3  1 : 3
4  3 : 4 28 98
5  1 : 5
6  1 : 6
7  1 : 7
8  1 : 8
9  4 : 9 35 58 94
10  2 : 10 49
11  26 : 11 33 40 41 47 48 50 51 56 60 61 62 63 66 70 72 75 76 77 78 79 82 84 85 97 100
12  1 : 12
13  1 : 13
14  1 : 14
15  19 : 15 37 39 42 45 46 52 53 54 57 64 67 71 73 80 88 93 95 99
16  1 : 16
17  1 : 17
18  1 : 18
19  7 : 19 44 55 87 89 90 96
20  1 : 20
21  3 : 21 23 34
22  2 : 22 74
25  1 : 25
26  5 : 26 59 65 83 91
27  5 : 27 38 69 81 86
29  2 : 29 92
30  1 : 30
31  1 : 31
32  2 : 32 36
43  1 : 43
% end

% frame 17
% time 1.8
% start   1.8
% cluster-index, number-of-fibers : name-of-fibers
1  1 : 1
2  2 : 2 68
3  1 : 3
4  3 : 4 28 98
5  1 : 5
6  2 : 6 107
7  2 : 7 106
8  1 : 8
9  4 : 9 35 58 94
10  2 : 10 49
11  29 : 11 33 40 41 47 48 50 51 56 60 61 62 63 66 70 72 75 76 77 78 79 82 84 85 97 100 101 102 108
12  1 : 12
13  1 : 13
14  1 : 14
15  21 : 15 37 39 42 45 46 52 53 54 57 64 67 71 73 80 88 93 95 99 103 104
16  1 : 16
17  1 : 17
18  1 : 18
19  8 : 19 44 55 87 89 90 96 105
20  1 : 20
21  3 : 21 23 34
22  2 : 22 74
25  1 : 25
26  5 : 26 59 65 83 91
27  6 : 27 38 69 81 86 109
29  2 : 29 92
30  1 : 30
31  1 : 31
32  2 : 32 36
43  1 : 43
% end

% frame 18
% time 1.9
% start   1.9
% cluster-index, number-of-fibers : name-of-fibers
1  1 : 1
2  2 : 2 68
3  1 : 3
4  3 : 4 28 98
5  1 : 5
6  2 : 6 107
7  2 : 7 106
8  1 : 8
9  4 : 9 35 58 94
10  2 : 10 49
11  31 : 11 33 40 41 47 48 50 51 56 60 61 62 63 66 70 72 75 76 77 78 79 82 84 85 97 100 101 102 108 110 112
12  1 : 12
13  1 : 13
14  1 : 14
15  23 : 15 37 39 42 45 46 52 53 54 57 64 67 71 73 80 88 93 95 99 103 104 111 113
16  1 : 16
17  1 : 17
18  1 : 18
19  8 : 19 44 55 87 89 90 96 105
20  1 : 20
21  3 : 21 23 34
22  2 : 22 74
25  1 : 25
26  5 : 26 59 65 83 91
27  7 : 27 38 69 81 86 109 114
29  2 : 29 92
30  1 : 30
31  1 : 31
32  2 : 32 36
43  1 : 43
% end

% frame 19
% time 2
% start   2
% cluster-index, number-of-fibers : name-of-fibers
1  1 : 1
2  2 : 2 68
3  2 : 3 119
4  3 : 4 28 98
5  1 : 5
6  2 : 6 107
7  2 : 7 106
8  1 : 8
9  4 : 9 35 58 94
10  2 : 10 49
11  34 : 11 33 40 41 47 48 50 51 56 60 61 62 63 66 70 72 75 76 77 78 79 82 84 85 97 100 101 102 108 110 112 116 118 122
12  1 : 12
13  1 : 13
14  1 : 14
15  25 : 15 37 39 42 45 46 52 53 54 57 64 67 71 73 80 88 93 95 99 103 104 111 113 117 121
16  1 : 16
17  1 : 17
18  1 : 18
19  8 : 19 44 55 87 89 90 96 105
20  1 : 20
21  3 : 21 23 34
22  2 : 22 74
25  1 : 25
26  5 : 26 59 65 83 91
27  9 : 27 38 69 81 86 109 114 115 120
29  2 : 29 92
30  1 : 30
31  1 : 31
32  2 : 32 36
43  1 : 43
% end

% frame 20
% time 2.1
% start   2.1
% cluster-index, number-of-fibers : name-of-fibers
1  1 : 1
2  2 : 2 68
3  2 : 3 119
4  3 : 4 28 98
5  1 : 5
6  2 : 6 107
7  2 : 7 106
8  1 : 8
9  4 : 9 35 58 94
10  2 : 10 49
11  38 : 11 33 40 41 47 48 50 51 56 60 61 62 63 66 70 72 75 76 77 78 79 82 84 85 97 100 101 102 108 110 112 116 118 122 123 124 125 126
12  1 : 12
13  1 : 13
14  1 : 14
15  25 : 15 37 39 42 45 46 52 53 54 57 64 67 71 73 80 88 93 95 99 103 104 111 113 117 121
16  1 : 16
17  1 : 17
18  1 : 18
19  8 : 19 44 55 87 89 90 96 105
20  1 : 20
21  3 : 21 23 34
22  2 : 22 74
25  1 : 25
26  5 : 26 59 65 83 91
27  9 : 27 38 69 81 86 109 114 115 120
29  2 : 29 92
30  1 : 30
31  1 : 31
32  2 : 32 36
43  1 : 43
% end

% frame 21
% time 2.2
% start   2.2
% cluster-index, number-of-fibers : name-of-fibers
1  1 : 1
2  2 : 2 68
3  2 : 3 119
4  3 : 4 28 98
5  1 : 5
6  2 : 6 107
7  2 : 7 106
8  1 : 8
9  4 : 9 35 58 94
10  2 : 10 49
11  38 : 11 33 40 41 47 48 50 51 56 60 61 62 63 66 70 72 75 76 77 78 79 82 84 85 97 100 101 102 108 110 112 116 118 122 123 124 125 126
12  1 : 12
13  1 : 13
14  1 : 14
15  25 : 15 37 39 42 45 46 52 53 54 57 64 67 71 73 80 88 93 95 99 103 104 111 113 117 121
16  1 : 16
17  1 : 17
18  1 : 18
19  8 : 19 44 55 87 89 90 96 105
20  1 : 20
21  3 : 21 23 34
22  2 : 22 74
25  1 : 25
26  5 : 26 59 65 83 91
27  12 : 27 38 69 81 86 109 114 115 120 127 128 129
29  2 : 29 92
30  1 : 30
31  1 : 31
32  2 : 32 36
43  1 : 43
% end

% frame 22
% time 2.3
% start   2.3
% cluster-index, number-of-fibers : name-of-fibers
1  1 : 1
2  2 : 2 68
3  2 : 3 119
4  3 : 4 28 98
5  1 : 5
6  2 : 6 107
7  2 : 7 106
8  1 : 8
9  4 : 9 35 58 94
10  2 : 10 49
11  40 : 11 33 40 41 47 48 50 51 56 60 61 62 63 66 70 72 75 76 77 78 79 82 84 85 97 100 101 102 108 110 112 116 118 122 123 124 125 126 131 132
12  1 : 12
13  1 : 13
14  1 : 14
15  25 : 15 37 39 42 45 46 52 53 54 57 64 67 71 73 80 88 93 95 99 103 104 111 113 117 121
16  1 : 16
17  1 : 17
18  1 : 18
19  8 : 19 44 55 87 89 90 96 105
20  1 : 20
21  3 : 21 23 34
22  2 : 22 74
25  1 : 25
26  5 : 26 59 65 83 91
27  13 : 27 38 69 81 86 109 114 115 120 127 128 129 130
29  2 : 29 92
30  1 : 30
31  1 : 31
32  2 : 32 36
43  1 : 43
% end

% frame 23
% time 2.4
% start   2.4
% cluster-index, number-of-fibers : name-of-fibers
1  1 : 1
2  2 : 2 68
3  2 : 3 119
4  3 : 4 28 98
5  1 : 5
6  2 : 6 107
7  2 : 7 106
8  1 : 8
9  4 : 9 35 58 94
10  2 : 10 49
11  41 : 11 33 40 41 47 48 50 51 56 60 61 62 63 66 70 72 75 76 77 78 79 82 84 85 97 100 101 102 108 110 112 116 118 122 123 124 125 126 131 132 134
12  1 : 12
13  1 : 13
14  1 : 14
15  26 : 15 37 39 42 45 46 52 53 54 57 64 67 71 73 80 88 93 95 99 103 104 111 113 117 121 135
16  1 : 16
17  1 : 17
18  1 : 18
19  8 : 19 44 55 87 89 90 96 105
20  1 : 20
21  3 : 21 23 34
22  2 : 22 74
25  1 : 25
26  5 : 26 59 65 83 91
27  14 : 27 38 69 81 86 109 114 115 120 127 128 129 130 136
29  2 : 29 92
30  1 : 30
31  1 : 31
32  2 : 32 36
43  2 : 43 133
% end

% frame 24
% time 2.5
% start   2.5
% cluster-index, number-of-fibers : name-of-fibers
1  1 : 1
2  2 : 2 68
3  2 : 3 119
4  3 : 4 28 98
5  1 : 5
6  2 : 6 107
7  2 : 7 106
8  1 : 8
9  4 : 9 35 58 94
10  2 : 10 49
11  44 : 11 33 40 41 47 48 50 51 56 60 61 62 63 66 70 72 75 76 77 78 79 82 84 85 97 100 101 102 108 110 112 116 118 122 123 124 125 126 131 132 134 137 139 142
12  1 : 12
13  1 : 13
14  1 : 14
15  27 : 15 37 39 42 45 46 52 53 54 57 64 67 71 73 80 88 93 95 99 103 104 111 113 117 121 135 140
16  1 : 16
17  1 : 17
18  1 : 18
19  8 : 19 44 55 87 89 90 96 105
20  1 : 20
21  3 : 21 23 34
22  2 : 22 74
25  1 : 25
26  5 : 26 59 65 83 91
27  16 : 27 38 69 81 86 109 114 115 120 127 128 129 130 136 138 141
29  2 : 29 92
30  1 : 30
31  1 : 31
32  2 : 32 36
43  2 : 43 133
% end

% frame 25
% time 2.6
% start   2.6
% cluster-index, number-of-fibers : name-of-fibers
1  1 : 1
2  2 : 2 68
3  2 : 3 119
4  3 : 4 28 98
5  1 : 5
6  2 : 6 107
7  2 : 7 106
8  1 : 8
9  4 : 9 35 58 94
10  2 : 10 49
11  46 : 11 33 40 41 47 48 50 51 56 60 61 62 63 66 70 72 75 76 77 78 79 82 84 85 97 100 101 102 108 110 112 116 118 122 123 124 125 126 131 132 134 137 139 142 144 145
12  1 : 12
13  1 : 13
14  1 : 14
15  27 : 15 37 39 42 45 46 52 53 54 57 64 67 71 73 80 88 93 95 99 103 104 111 113 117 121 135 140
16  1 : 16
17  1 : 17
18  1 : 18
19  8 : 19 44 55 87 89 90 96 105
20  1 : 20
21  3 : 21 23 34
22  2 : 22 74
25  1 : 25
26  5 : 26 59 65 83 91
27  17 : 27 38 69 81 86 109 114 115 120 127 128 129 130 136 138 141 143
29  2 : 29 92
30  1 : 30
31  1 : 31
32  2 : 32 36
43  2 : 43 133
% end

% frame 26
% time 2.7
% start   2.7
% cluster-index, number-of-fibers : name-of-fibers
1  1 : 1
2  2 : 2 68
3  2 : 3 119
4  3 : 4 28 98
5  1 : 5
6  2 : 6 107
7  2 : 7 106
8  1 : 8
9  4 : 9 35 58 94
10  2 : 10 49
11  47 : 11 33 40 41 47 48 50 51 56 60 61 62 63 66 70 72 76 77 78 79 82 84 85 97 100 101 102 108 110 112 116 118 122 123 124 125 126 131 132 134 137 139 142 144 145 146 149
12  1 : 12
13  1 : 13
14  1 : 14
15  30 : 15 37 39 42 45 46 52 53 54 57 64 67 71 73 80 88 93 95 99 103 104 111 113 117 121 135 140 147 148 151
16  1 : 16
17  1 : 17
18  1 : 18
19  8 : 19 44 55 87 89 90 96 105
20  1 : 20
21  3 : 21 23 34
22  2 : 22 74
25  1 : 25
26  5 : 26 59 65 83 91
27  18 : 27 38 69 81 86 109 114 115 120 127 128 129 130 136 138 141 143 150
29  2 : 29 92
30  1 : 30
31  1 : 31
32  2 : 32 36
43  2 : 43 133
75  1 : 75
% end

% frame 27
% time 2.8
% start   2.8
% cluster-index, number-of-fibers : name-of-fibers
1  1 : 1
2  2 : 2 68
3  2 : 3 119
4  3 : 4 28 98
5  1 : 5
6  2 : 6 107
7  2 : 7 106
8  1 : 8
9  4 : 9 35 58 94
10  2 : 10 49
11  49 : 11 33 40 41 47 48 50 51 56 60 61 62 63 66 70 72 76 77 78 79 82 84 85 97 100 101 102 108 110 112 116 118 122 123 124 125 126 131 132 134 137 139 142 144 145 146 149 158 159
12  1 : 12
13  1 : 13
14  1 : 14
15  32 : 15 37 39 42 45 46 52 53 54 57 64 67 71 73 80 88 93 95 99 103 104 111 113 117 121 135 140 147 148 151 154 155
16  1 : 16
17  1 : 17
18  1 : 18
19  9 : 19 44 55 87 89 90 96 105 157
20  1 : 20
21  3 : 21 23 34
22  2 : 22 74
25  1 : 25
26  5 : 26 59 65 83 91
27  21 : 27 38 69 81 86 109 114 115 120 127 128 129 130 136 138 141 143 150 152 153 156
29  2 : 29 92
30  1 : 30
31  1 : 31
32  2 : 32 36
43  2 : 43 133
75  1 : 75
% end

% frame 28
% time 2.9
% start   2.9
% cluster-index, number-of-fibers : name-of-fibers
1  1 : 1
2  2 : 2 68
3  2 : 3 119
4  3 : 4 28 98
5  1 : 5
6  2 : 6 107
7  2 : 7 106
8  1 : 8
9  4 : 9 35 58 94
10  2 : 10 49
11  52 : 11 33 40 41 47 48 50 51 56 60 61 62 63 66 70 72 76 77 78 79 82 84 85 97 100 101 102 108 110 112 116 118 122 123 124 125 126 131 132 134 137 139 142 144 145 146 149 158 159 160 163 164
12  1 : 12
13  1 : 13
14  1 : 14
15  33 : 15 37 39 42 45 46 52 53 54 57 64 67 71 73 80 88 93 95 99 103 104 111 113 117 121 135 140 147 148 151 154 155 162
16  1 : 16
17  1 : 17
18  1 : 18
19  9 : 19 44 55 87 89 90 96 105 157
20  1 : 20
21  3 : 21 23 34
22  2 : 22 74
25  1 : 25
26  5 : 26 59 65 83 91
27  22 : 27 38 69 81 86 109 114 115 120 127 128 129 130 136 138 141 143 150 152 153 156 161
29  2 : 29 92
30  1 : 30
31  1 : 31
32  2 : 32 36
43  2 : 43 133
75  1 : 75
% end

% frame 29
% time 3
% start   3
% cluster-index, number-of-fibers : name-of-fibers
1  1 : 1
2  2 : 2 68
3  2 : 3 119
4  3 : 4 28 98
5  1 : 5
6  2 : 6 107
7  2 : 7 106
8  1 : 8
9  4 : 9 35 58 94
10  2 : 10 49
11  53 : 11 33 40 41 47 48 50 51 56 60 61 62 63 66 70 72 76 77 78 79 82 84 85 97 100 101 102 108 110 112 116 118 122 123 124 125 126 131 132 134 137 139 142 144 145 146 149 158 159 160 163 164 168
12  1 : 12
13  1 : 13
14  1 : 14
15  33 : 15 37 39 42 45 46 52 53 54 57 64 67 71 73 80 88 93 95 99 103 104 111 113 117 121 135 140 147 148 151 154 155 162
16  1 : 16
17  1 : 17
18  1 : 18
19  9 : 19 44 55 87 89 90 96 105 157
20  1 : 20
21  3 : 21 23 34
22  2 : 22 74
25  1 : 25
26  5 : 26 59 65 83 91
27  28 : 27 38 69 81 86 109 114 115 120 127 128 129 130 136 138 141 143 150 152 153 156 161 165 166 167 169 170 171
29  2 : 29 92
30  1 : 30
31  1 : 31
32  2 : 32 36
43  2 : 43 133
75  1 : 75
% end

% frame 30
% time 3.1
% start   3.1
% cluster-index, number-of-fibers : name-of-fibers
1  1 : 1
2  2 : 2 68
3  2 : 3 119
4  3 : 4 28 98
5  1 : 5
6  2 : 6 107
7  2 : 7 106
8  1 : 8
9  4 : 9 35 58 94
10  2 : 10 49
11  55 : 11 33 40 41 47 48 50 51 56 60 61 62 63 66 70 72 75 76 77 78 79 82 84 85 97 100 101 102 108 110 112 116 118 122 123 124 125 126 131 132 134 137 139 142 144 145 146 149 158 159 160 163 164 168 173
12  1 : 12
13  1 : 13
14  1 : 14
15  34 : 15 37 39 42 45 46 52 53 54 57 64 67 71 73 80 88 93 95 99 103 104 111 113 117 121 135 140 147 148 151 154 155 162 174
16  1 : 16
17  1 : 17
18  1 : 18
19  9 : 19 44 55 87 89 90 96 105 157
20  1 : 20
21  3 : 21 23 34
22  2 : 22 74
25  1 : 25
26  5 : 26 59 65 83 91
27  29 : 27 38 69 81 86 109 114 115 120 127 128 129 130 136 138 141 143 150 152 153 156 161 165 166 167 169 170 171 172
29  2 : 29 92
30  1 : 30
31  1 : 31
32  2 : 32 36
43  2 : 43 133
% end

% frame 31
% time 3.2
% start   3.2
% cluster-index, number-of-fibers : name-of-fibers
1  1 : 1
2  2 : 2 68
3  2 : 3 119
4  3 : 4 28 98
5  1 : 5
6  2 : 6 107
7  2 : 7 106
8  1 : 8
9  4 : 9 35 58 94
10  2 : 10 49
11  56 : 11 33 40 41 47 48 50 51 56 60 61 62 63 66 70 72 75 76 77 78 79 82 84 85 97 100 101 102 108 110 112 116 118 122 123 124 125 126 131 132 134 137 139 142 144 145 146 149 158 159 160 163 164 168 173 178
12  1 : 12
13  1 : 13
14  1 : 14
15  37 : 15 37 39 42 45 46 52 53 54 57 64 67 71 73 80 88 93 95 99 103 104 111 113 117 121 135 140 147 148 151 154 155 162 174 175 176 177
16  1 : 16
17  1 : 17
18  1 : 18
19  9 : 19 44 55 87 89 90 96 105 157
20  1 : 20
21  3 : 21 23 34
22  2 : 22 74
25  1 : 25
26  5 : 26 59 65 83 91
27  29 : 27 38 69 81 86 109 114 115 120 127 128 129 130 136 138 141 143 150 152 153 156 161 165 166 167 169 170 171 172
29  2 : 29 92
30  1 : 30
31  1 : 31
32  2 : 32 36
43  2 : 43 133
% end

% frame 32
% time 3.3
% start   3.3
% cluster-index, number-of-fibers : name-of-fibers
1  1 : 1
2  2 : 2 68
3  2 : 3 119
4  3 : 4 28 98
5  1 : 5
6  2 : 6 107
7  2 : 7 106
8  1 : 8
9  4 : 9 35 58 94
10  2 : 10 49
11  56 : 11 33 40 41 47 48 50 51 56 60 61 62 63 66 70 72 75 76 77 78 79 82 84 85 97 100 101 102 108 110 112 116 118 122 123 124 125 126 131 132 134 137 139 142 144 145 146 149 158 159 160 163 164 168 173 178
12  1 : 12
13  1 : 13
14  1 : 14
15  40 : 15 37 39 42 45 46 52 53 54 57 64 67 71 73 80 88 93 95 99 103 104 111 113 117 121 135 140 147 148 151 154 155 162 174 175 176 177 180 181 182
16  1 : 16
17  1 : 17
18  1 : 18
19  9 : 19 44 55 87 89 90 96 105 157
20  1 : 20
21  3 : 21 23 34
22  2 : 22 74
25  1 : 25
26  5 : 26 59 65 83 91
27  31 : 27 38 69 81 86 109 114 115 120 127 128 129 130 136 138 141 143 150 152 153 156 161 165 166 167 169 170 171 172 179 183
29  2 : 29 92
30  1 : 30
31  1 : 31
32  2 : 32 36
43  2 : 43 133
% end

% frame 33
% time 3.4
% start   3.4
% cluster-index, number-of-fibers : name-of-fibers
1  1 : 1
2  2 : 2 68
3  2 : 3 119
4  3 : 4 28 98
5  1 : 5
6  2 : 6 107
7  2 : 7 106
8  1 : 8
9  4 : 9 35 58 94
10  2 : 10 49
11  56 : 11 33 40 41 47 48 50 51 56 60 61 62 63 66 70 72 75 76 77 78 79 82 84 85 97 100 101 102 108 110 112 116 118 122 123 124 125 126 131 132 134 137 139 142 144 145 146 149 158 159 160 163 164 168 173 178
12  1 : 12
13  1 : 13
14  1 : 14
15  41 : 15 37 39 42 45 46 52 53 54 57 64 67 71 73 80 88 93 95 99 103 104 111 113 117 121 135 140 147 148 151 154 155 162 174 175 176 177 180 181 182 184
16  1 : 16
17  1 : 17
18  1 : 18
19  9 : 19 44 55 87 89 90 96 105 157
20  1 : 20
21  3 : 21 23 34
22  2 : 22 74
25  1 : 25
26  5 : 26 59 65 83 91
27  31 : 27 38 69 81 86 109 114 115 120 127 128 129 130 136 138 141 143 150 152 153 156 161 165 166 167 169 170 171 172 179 183
29  2 : 29 92
30  1 : 30
31  1 : 31
32  2 : 32 36
43  2 : 43 133
% end

% frame 34
% time 3.5
% start   3.5
% cluster-index, number-of-fibers : name-of-fibers
1  1 : 1
2  2 : 2 68
3  2 : 3 119
4  3 : 4 28 98
5  1 : 5
6  2 : 6 107
7  2 : 7 106
8  1 : 8
9  4 : 9 35 58 94
10  2 : 10 49
11  57 : 11 33 40 41 47 48 50 51 56 60 61 62 63 66 70 72 75 76 77 78 79 82 84 85 97 100 101 102 108 110 112 116 118 122 123 124 125 126 131 132 134 137 139 142 144 145 146 149 158 159 160 163 164 168 173 178 186
12  1 : 12
13  1 : 13
14  1 : 14
15  43 : 15 37 39 42 45 46 52 53 54 57 64 67 71 73 80 88 93 95 99 103 104 111 113 117 121 135 140 147 148 151 154 155 162 174 175 176 177 180 181 182 184 185 187
16  1 : 16
17  1 : 17
18  1 : 18
19  9 : 19 44 55 87 89 90 96 105 157
20  1 : 20
21  3 : 21 23 34
22  2 : 22 74
25  1 : 25
26  5 : 26 59 65 83 91
27  33 : 27 38 69 81 86 109 114 115 120 127 128 129 130 136 138 141 143 150 152 153 156 161 165 166 167 169 170 171 172 179 183 188 189
29  2 : 29 92
30  1 : 30
31  1 : 31
32  2 : 32 36
43  2 : 43 133
% end

% frame 35
% time 3.6
% start   3.6
% cluster-index, number-of-fibers : name-of-fibers
1  1 : 1
2  2 : 2 68
3  2 : 3 119
4  3 : 4 28 98
5  1 : 5
6  2 : 6 107
7  2 : 7 106
8  1 : 8
9  4 : 9 35 58 94
10  2 : 10 49
11  57 : 11 33 40 41 47 48 50 51 56 60 61 62 63 66 70 72 75 76 77 78 79 82 84 85 97 100 101 102 108 110 112 116 118 122 123 124 125 126 131 132 134 137 139 142 144 145 146 149 158 159 160 163 164 168 173 178 186
12  1 : 12
13  1 : 13
14  1 : 14
15  44 : 15 37 39 42 45 46 52 53 54 57 64 67 71 73 80 88 93 95 99 103 104 111 113 117 121 135 140 147 148 151 154 155 162 174 175 176 177 180 181 182 184 185 187 190
16  1 : 16
17  1 : 17
18  1 : 18
19  9 : 19 44 55 87 89 90 96 105 157
20  1 : 20
21  3 : 21 23 34
22  2 : 22 74
25  1 : 25
26  5 : 26 59 65 83 91
27  33 : 27 38 69 81 86 109 114 115 120 127 128 129 130 136 138 141 143 150 152 153 156 161 165 166 167 169 170 171 172 179 183 188 189
29  2 : 29 92
30  1 : 30
31  1 : 31
32  2 : 32 36
43  2 : 43 133
% end

% frame 36
% time 3.7
% start   3.7
% cluster-index, number-of-fibers : name-of-fibers
1  1 : 1
2  2 : 2 68
3  2 : 3 119
4  3 : 4 28 98
5  1 : 5
6  2 : 6 107
7  2 : 7 106
8  1 : 8
9  4 : 9 35 58 94
10  2 : 10 49
11  60 : 11 33 40 41 47 48 50 51 56 60 61 62 63 66 70 72 75 76 77 78 79 82 84 85 97 100 101 102 108 110 112 116 118 122 123 124 125 126 131 132 134 137 139 142 144 145 146 149 158 159 160 163 164 168 173 178 186 191 192 193
12  1 : 12
13  1 : 13
14  1 : 14
15  44 : 15 37 39 42 45 46 52 53 54 57 64 67 71 73 80 88 93 95 99 103 104 111 113 117 121 135 140 147 148 151 154 155 162 174 175 176 177 180 181 182 184 185 187 190
16  1 : 16
17  1 : 17
18  1 : 18
19  9 : 19 44 55 87 89 90 96 105 157
20  1 : 20
21  3 : 21 23 34
22  2 : 22 74
25  1 : 25
26  5 : 26 59 65 83 91
27  33 : 27 38 69 81 86 109 114 115 120 127 128 129 130 136 138 141 143 150 152 153 156 161 165 166 167 169 170 171 172 179 183 188 189
29  2 : 29 92
30  1 : 30
31  1 : 31
32  2 : 32 36
43  2 : 43 133
% end

% frame 37
% time 3.8
% start   3.8
% cluster-index, number-of-fibers : name-of-fibers
1  1 : 1
2  2 : 2 68
3  2 : 3 119
4  3 : 4 28 98
5  1 : 5
6  2 : 6 107
7  2 : 7 106
8  1 : 8
9  4 : 9 35 58 94
10  2 : 10 49
11  61 : 11 33 40 41 47 48 50 51 56 60 61 62 63 66 70 72 75 76 77 78 79 82 84 85 97 100 101 102 108 110 112 116 118 122 123 124 125 126 131 132 134 137 139 142 144 145 146 149 158 159 160 163 164 168 173 178 186 191 192 193 197
12  1 : 12
13  1 : 13
14  1 : 14
15  46 : 15 37 39 42 45 46 52 53 54 57 64 67 71 73 80 88 93 95 99 103 104 111 113 117 121 135 140 147 148 151 154 155 162 174 175 176 177 180 181 182 184 185 187 190 194 196
16  1 : 16
17  1 : 17
18  1 : 18
19  9 : 19 44 55 87 89 90 96 105 157
20  1 : 20
21  3 : 21 23 34
22  2 : 22 74
25  1 : 25
26  5 : 26 59 65 83 91
27  34 : 27 38 69 81 86 109 114 115 120 127 128 129 130 136 138 141 143 150 152 153 156 161 165 166 167 169 170 171 172 179 183 188 189 195
29  2 : 29 92
30  1 : 30
31  1 : 31
32  2 : 32 36
43  2 : 43 133
% end

% frame 38
% time 3.9
% start   3.9
% cluster-index, number-of-fibers : name-of-fibers
1  1 : 1
2  2 : 2 68
3  2 : 3 119
4  3 : 4 28 98
5  1 : 5
6  2 : 6 107
7  2 : 7 106
8  1 : 8
9  4 : 9 35 58 94
10  2 : 10 49
11  61 : 11 33 40 41 47 48 50 51 56 60 61 62 63 66 70 72 75 76 77 78 79 82 84 85 97 100 101 102 108 110 112 116 118 122 123 124 125 126 131 132 134 137 139 142 144 145 146 149 158 159 160 163 164 168 173 178 186 191 192 193 197
12  1 : 12
13  1 : 13
14  1 : 14
15  46 : 15 37 39 42 45 46 52 53 54 57 64 67 71 73 80 88 93 95 99 103 104 111 113 117 121 135 140 147 148 151 154 155 162 174 175 176 177 180 181 182 184 185 187 190 194 196
16  1 : 16
17  1 : 17
18  1 : 18
19  9 : 19 44 55 87 89 90 96 105 157
20  1 : 20
21  3 : 21 23 34
22  2 : 22 74
25  1 : 25
26  5 : 26 59 65 83 91
27  36 : 27 38 69 81 86 109 114 115 120 127 128 129 130 136 138 141 143 150 152 153 156 161 165 166 167 169 170 171 172 179 183 188 189 195 198 199
29  2 : 29 92
30  1 : 30
31  1 : 31
32  2 : 32 36
43  2 : 43 133
% end

% frame 39
% time 4
% start   4
% cluster-index, number-of-fibers : name-of-fibers
1  1 : 1
2  2 : 2 68
3  2 : 3 119
4  3 : 4 28 98
5  1 : 5
6  2 : 6 107
7  2 : 7 106
8  1 : 8
9  4 : 9 35 58 94
10  2 : 10 49
11  62 : 11 33 40 41 47 48 50 51 56 60 61 62 63 66 70 72 75 76 77 78 79 82 84 85 97 100 101 102 108 110 112 116 118 122 123 124 125 126 131 132 134 137 139 142 144 145 146 149 158 159 160 163 164 168 173 178 186 191 192 193 197 202
12  1 : 12
13  1 : 13
14  1 : 14
15  47 : 15 37 39 42 45 46 52 53 54 57 64 67 71 73 80 88 93 95 99 103 104 111 113 117 121 135 140 147 148 151 154 155 162 174 175 176 177 180 181 182 184 185 187 190 194 196 200
16  1 : 16
17  1 : 17
18  1 : 18
19  9 : 19 44 55 87 89 90 96 105 157
20  1 : 20
21  3 : 21 23 34
22  2 : 22 74
25  1 : 25
26  5 : 26 59 65 83 91
27  37 : 27 38 69 81 86 109 114 115 120 127 128 129 130 136 138 141 143 150 152 153 156 161 165 166 167 169 170 171 172 179 183 188 189 195 198 199 201
29  2 : 29 92
30  1 : 30
31  1 : 31
32  2 : 32 36
43  2 : 43 133
% end

% frame 40
% time 4.1
% start   4.1
% cluster-index, number-of-fibers : name-of-fibers
1  1 : 1
2  2 : 2 68
3  2 : 3 119
4  3 : 4 28 98
5  1 : 5
6  2 : 6 107
7  2 : 7 106
8  1 : 8
9  4 : 9 35 58 94
10  2 : 10 49
11  62 : 11 33 40 41 47 48 50 51 56 60 61 62 63 66 70 72 75 76 77 78 79 82 84 85 97 100 101 102 108 110 112 116 118 122 123 124 125 126 131 132 134 137 139 142 144 145 146 149 158 159 160 163 164 168 173 178 186 191 192 193 197 202
12  1 : 12
13  1 : 13
14  1 : 14
15  48 : 15 37 39 42 45 46 52 53 54 57 64 67 71 73 80 88 93 95 99 103 104 111 113 117 121 135 140 147 148 151 154 155 162 174 175 176 177 180 181 182 184 185 187 190 194 196 200 203
16  1 : 16
17  1 : 17
18  1 : 18
19  9 : 19 44 55 87 89 90 96 105 157
20  1 : 20
21  3 : 21 23 34
22  2 : 22 74
25  1 : 25
26  5 : 26 59 65 83 91
27  37 : 27 38 69 81 86 109 114 115 120 127 128 129 130 136 138 141 143 150 152 153 156 161 165 166 167 169 170 171 172 179 183 188 189 195 198 199 201
29  2 : 29 92
30  1 : 30
31  1 : 31
32  2 : 32 36
43  2 : 43 133
% end

% frame 41
% time 4.2
% start   4.2
% cluster-index, number-of-fibers : name-of-fibers
1  1 : 1
2  2 : 2 68
3  2 : 3 119
4  3 : 4 28 98
5  1 : 5
6  2 : 6 107
7  2 : 7 106
8  1 : 8
9  4 : 9 35 58 94
10  2 : 10 49
11  64 : 11 33 40 41 47 48 50 51 56 60 61 62 63 66 70 72 75 76 77 78 79 82 84 85 97 100 101 102 108 110 112 116 118 122 123 124 125 126 131 132 134 137 139 142 144 145 146 149 158 159 160 163 164 168 173 178 186 191 192 193 197 202 204 206
12  1 : 12
13  1 : 13
14  1 : 14
15  49 : 15 37 39 42 45 46 52 53 54 57 64 67 71 73 80 88 93 95 99 103 104 111 113 117 121 135 140 147 148 151 154 155 162 174 175 176 177 180 181 182 184 185 187 190 194 196 200 203 205
16  1 : 16
17  1 : 17
18  1 : 18
19  9 : 19 44 55 87 89 90 96 105 157
20  1 : 20
21  3 : 21 23 34
22  2 : 22 74
25  1 : 25
26  5 : 26 59 65 83 91
27  38 : 27 38 69 81 86 109 114 115 120 127 128 129 130 136 138 141 143 150 152 153 156 161 165 166 167 169 170 171 172 179 183 188 189 195 198 199 201 207
29  2 : 29 92
30  1 : 30
31  1 : 31
32  2 : 32 36
43  2 : 43 133
% end

% frame 42
% time 4.3
% start   4.3
% cluster-index, number-of-fibers : name-of-fibers
1  1 : 1
2  2 : 2 68
3  2 : 3 119
4  3 : 4 28 98
5  1 : 5
6  2 : 6 107
7  2 : 7 106
8  1 : 8
9  4 : 9 35 58 94
10  2 : 10 49
11  65 : 11 33 40 41 47 48 50 51 56 60 61 62 63 66 70 72 75 76 77 78 79 82 84 85 97 100 101 102 108 110 112 116 118 122 123 124 125 126 131 132 134 137 139 142 144 145 146 149 158 159 160 163 164 168 173 178 186 191 192 193 197 202 204 206 208
12  1 : 12
13  1 : 13
14  1 : 14
15  49 : 15 37 39 42 45 46 52 53 54 57 64 67 71 73 80 88 93 95 99 103 104 111 113 117 121 135 140 147 148 151 154 155 162 174 175 176 177 180 181 182 184 185 187 190 194 196 200 203 205
16  1 : 16
17  1 : 17
18  1 : 18
19  9 : 19 44 55 87 89 90 96 105 157
20  1 : 20
21  3 : 21 23 34
22  2 : 22 74
25  1 : 25
26  5 : 26 59 65 83 91
27  38 : 27 38 69 81 86 109 114 115 120 127 128 129 130 136 138 141 143 150 152 153 156 161 165 166 167 169 170 171 172 179 183 188 189 195 198 199 201 207
29  2 : 29 92
30  1 : 30
31  1 : 31
32  2 : 32 36
43  2 : 43 133
% end

% frame 43
% time 4.4
% start   4.4
% cluster-index, number-of-fibers : name-of-fibers
1  1 : 1
2  2 : 2 68
3  2 : 3 119
4  3 : 4 28 98
5  1 : 5
6  2 : 6 107
7  2 : 7 106
8  1 : 8
9  4 : 9 35 58 94
10  2 : 10 49
11  65 : 11 33 40 41 47 48 50 51 56 60 61 62 63 66 70 72 75 76 77 78 79 82 84 85 97 100 101 102 108 110 112 116 118 122 123 124 125 126 131 132 134 137 139 142 144 145 146 149 158 159 160 163 164 168 173 178 186 191 192 193 197 202 204 206 208
12  1 : 12
13  1 : 13
14  1 : 14
15  51 : 15 37 39 42 45 46 52 53 54 57 64 67 71 73 80 88 93 95 99 103 104 111 113 117 121 135 140 147 148 151 154 155 162 174 175 176 177 180 181 182 184 185 187 190 194 196 200 203 205 211 212
16  1 : 16
17  1 : 17
18  1 : 18
19  9 : 19 44 55 87 89 90 96 105 157
20  1 : 20
21  3 : 21 23 34
22  2 : 22 74
25  1 : 25
26  5 : 26 59 65 83 91
27  40 : 27 38 69 81 86 109 114 115 120 127 128 129 130 136 138 141 143 150 152 153 156 161 165 166 167 169 170 171 172 179 183 188 189 195 198 199 201 207 209 210
29  2 : 29 92
30  1 : 30
31  1 : 31
32  2 : 32 36
43  2 : 43 133
% end

% frame 44
% time 4.5
% start   4.5
% cluster-index, number-of-fibers : name-of-fibers
1  1 : 1
2  2 : 2 68
3  2 : 3 119
4  3 : 4 28 98
5  1 : 5
6  2 : 6 107
7  2 : 7 106
8  1 : 8
9  4 : 9 35 58 94
10  2 : 10 49
11  65 : 11 33 40 41 47 48 50 51 56 60 61 62 63 66 70 72 75 76 77 78 79 82 84 85 97 100 101 102 108 110 112 116 118 122 123 124 125 126 131 132 134 137 139 142 144 145 146 149 158 159 160 163 164 168 173 178 186 191 192 193 197 202 204 206 208
12  1 : 12
13  1 : 13
14  1 : 14
15  52 : 15 37 39 42 45 46 52 53 54 57 64 67 71 73 80 88 93 95 99 103 104 111 113 117 121 135 140 147 148 151 154 155 162 174 175 176 177 180 181 182 184 185 187 190 194 196 200 203 205 211 212 213
16  1 : 16
17  1 : 17
18  1 : 18
19  9 : 19 44 55 87 89 90 96 105 157
20  1 : 20
21  3 : 21 23 34
22  2 : 22 74
25  1 : 25
26  5 : 26 59 65 83 91
27  40 : 27 38 69 81 86 109 114 115 120 127 128 129 130 136 138 141 143 150 152 153 156 161 165 166 167 169 170 171 172 179 183 188 189 195 198 199 201 207 209 210
29  2 : 29 92
30  1 : 30
31  1 : 31
32  2 : 32 36
43  2 : 43 133
% end

% frame 45
% time 4.6
% start   4.6
% cluster-index, number-of-fibers : name-of-fibers
1  1 : 1
2  2 : 2 68
3  2 : 3 119
4  3 : 4 28 98
5  1 : 5
6  2 : 6 107
7  2 : 7 106
8  1 : 8
9  4 : 9 35 58 94
10  2 : 10 49
11  65 : 11 33 40 41 47 48 50 51 56 60 61 62 63 66 70 72 75 76 77 78 79 82 84 85 97 100 101 102 108 110 112 116 118 122 123 124 125 126 131 132 134 137 139 142 144 145 146 149 158 159 160 163 164 168 173 178 186 191 192 193 197 202 204 206 208
12  1 : 12
13  1 : 13
14  1 : 14
15  52 : 15 37 39 42 45 46 52 53 54 57 64 67 71 73 80 88 93 95 99 103 104 111 113 117 121 135 140 147 148 151 154 155 162 174 175 176 177 180 181 182 184 185 187 190 194 196 200 203 205 211 212 213
16  1 : 16
17  1 : 17
18  1 : 18
19  9 : 19 44 55 87 89 90 96 105 157
20  1 : 20
21  3 : 21 23 34
22  2 : 22 74
25  1 : 25
26  5 : 26 59 65 83 91
27  42 : 27 38 69 81 86 109 114 115 120 127 128 129 130 136 138 141 143 150 152 153 156 161 165 166 167 169 170 171 172 179 183 188 189 195 198 199 201 207 209 210 214 215
29  2 : 29 92
30  1 : 30
31  1 : 31
32  2 : 32 36
43  2 : 43 133
% end

% frame 46
% time 4.7
% start   4.7
% cluster-index, number-of-fibers : name-of-fibers
1  1 : 1
2  2 : 2 68
3  2 : 3 119
4  3 : 4 28 98
5  1 : 5
6  2 : 6 107
7  2 : 7 106
8  1 : 8
9  4 : 9 35 58 94
10  2 : 10 49
11  65 : 11 33 40 41 47 48 50 51 56 60 61 62 63 66 70 72 75 76 77 78 79 82 84 85 97 100 101 102 108 110 112 116 118 122 123 124 125 126 131 132 134 137 139 142 144 145 146 149 158 159 160 163 164 168 173 178 186 191 192 193 197 202 204 206 208
12  1 : 12
13  1 : 13
14  1 : 14
15  52 : 15 37 39 42 45 46 52 53 54 57 64 67 71 73 80 88 93 95 99 103 104 111 113 117 121 135 140 147 148 151 154 155 162 174 175 176 177 180 181 182 184 185 187 190 194 196 200 203 205 211 212 213
16  1 : 16
17  1 : 17
18  1 : 18
19  9 : 19 44 55 87 89 90 96 105 157
20  1 : 20
21  3 : 21 23 34
22  2 : 22 74
25  1 : 25
26  5 : 26 59 65 83 91
27  42 : 27 38 69 81 86 109 114 115 120 127 128 129 130 136 138 141 143 150 152 153 156 161 165 166 167 169 170 171 172 179 183 188 189 195 198 199 201 207 209 210 214 215
29  2 : 29 92
30  1 : 30
31  1 : 31
32  2 : 32 36
43  2 : 43 133
% end

% frame 47
% time 4.8
% start   4.8
% cluster-index, number-of-fibers : name-of-fibers
1  1 : 1
2  2 : 2 68
3  2 : 3 119
4  3 : 4 28 98
5  1 : 5
6  2 : 6 107
7  2 : 7 106
8  1 : 8
9  4 : 9 35 58 94
10  3 : 10 49 216
11  65 : 11 33 40 41 47 48 50 51 56 60 61 62 63 66 70 72 75 76 77 78 79 82 84 85 97 100 101 102 108 110 112 116 118 122 123 124 125 126 131 132 134 137 139 142 144 145 146 149 158 159 160 163 164 168 173 178 186 191 192 193 197 202 204 206 208
12  1 : 12
13  1 : 13
14  1 : 14
15  52 : 15 37 39 42 45 46 52 53 54 57 64 67 71 73 80 88 93 95 99 103 104 111 113 117 121 135 140 147 148 151 154 155 162 174 175 176 177 180 181 182 184 185 187 190 194 196 200 203 205 211 212 213
16  1 : 16
17  1 : 17
18  1 : 18
19  9 : 19 44 55 87 89 90 96 105 157
20  1 : 20
21  3 : 21 23 34
22  2 : 22 74
25  1 : 25
26  5 : 26 59 65 83 91
27  42 : 27 38 69 81 86 109 114 115 120 127 128 129 130 136 138 141 143 150 152 153 156 161 165 166 167 169 170 171 172 179 183 188 189 195 198 199 201 207 209 210 214 215
29  2 : 29 92
30  1 : 30
31  1 : 31
32  2 : 32 36
43  2 : 43 133
% end

% frame 48
% time 4.9
% start   4.9
% cluster-index, number-of-fibers : name-of-fibers
1  1 : 1
2  2 : 2 68
3  2 : 3 119
4  3 : 4 28 98
5  1 : 5
6  2 : 6 107
7  2 : 7 106
8  1 : 8
9  4 : 9 35 58 94
10  3 : 10 49 216
11  65 : 11 33 40 41 47 48 50 51 56 60 61 62 63 66 70 72 75 76 77 78 79 82 84 85 97 100 101 102 108 110 112 116 118 122 123 124 125 126 131 132 134 137 139 142 144 145 146 149 158 159 160 163 164 168 173 178 186 191 192 193 197 202 204 206 208
12  1 : 12
13  1 : 13
14  1 : 14
15  52 : 15 37 39 42 45 46 52 53 54 57 64 67 71 73 80 88 93 95 99 103 104 111 113 117 121 135 140 147 148 151 154 155 162 174 175 176 177 180 181 182 184 185 187 190 194 196 200 203 205 211 212 213
16  1 : 16
17  1 : 17
18  1 : 18
19  9 : 19 44 55 87 89 90 96 105 157
20  1 : 20
21  3 : 21 23 34
22  2 : 22 74
25  1 : 25
26  5 : 26 59 65 83 91
27  42 : 27 38 69 81 86 109 114 115 120 127 128 129 130 136 138 141 143 150 152 153 156 161 165 166 167 169 170 171 172 179 183 188 189 195 198 199 201 207 209 210 214 215
29  2 : 29 92
30  1 : 30
31  1 : 31
32  2 : 32 36
43  2 : 43 133
% end

% frame 49
% time 5
% start   5
% cluster-index, number-of-fibers : name-of-fibers
1  1 : 1
2  2 : 2 68
3  2 : 3 119
4  3 : 4 28 98
5  1 : 5
6  2 : 6 107
7  2 : 7 106
8  1 : 8
9  4 : 9 35 58 94
10  3 : 10 49 216
11  65 : 11 33 40 41 47 48 50 51 56 60 61 62 63 66 70 72 75 76 77 78 79 82 84 85 97 100 101 102 108 110 112 116 118 122 123 124 125 126 131 132 134 137 139 142 144 145 146 149 158 159 160 163 164 168 173 178 186 191 192 193 197 202 204 206 208
12  1 : 12
13  1 : 13
14  1 : 14
15  52 : 15 37 39 42 45 46 52 53 54 57 64 67 71 73 80 88 93 95 99 103 104 111 113 117 121 135 140 147 148 151 154 155 162 174 175 176 177 180 181 182 184 185 187 190 194 196 200 203 205 211 212 213
16  1 : 16
17  1 : 17
18  1 : 18
19  9 : 19 44 55 87 89 90 96 105 157
20  1 : 20
21  3 : 21 23 34
22  2 : 22 74
25  1 : 25
26  5 : 26 59 65 83 91
27  43 : 27 38 69 81 86 109 114 115 120 127 128 129 130 136 138 141 143 150 152 153 156 161 165 166 167 169 170 171 172 179 183 188 189 195 198 199 201 207 209 210 214 215 217
29  2 : 29 92
30  1 : 30
31  1 : 31
32  2 : 32 36
43  2 : 43 133
% end

% frame 50
% time 5.1
% start   5.1
% cluster-index, number-of-fibers : name-of-fibers
1  1 : 1
2  2 : 2 68
3  2 : 3 119
4  3 : 4 28 98
5  1 : 5
6  2 : 6 107
7  2 : 7 106
8  1 : 8
9  4 : 9 35 58 94
10  3 : 10 49 216
11  65 : 11 33 40 41 47 48 50 51 56 60 61 62 63 66 70 72 75 76 77 78 79 82 84 85 97 100 101 102 108 110 112 116 118 122 123 124 125 126 131 132 134 137 139 142 144 145 146 149 158 159 160 163 164 168 173 178 186 191 192 193 197 202 204 206 208
12  1 : 12
13  1 : 13
14  1 : 14
15  52 : 15 37 39 42 45 46 52 53 54 57 64 67 71 73 80 88 93 95 99 103 104 111 113 117 121 135 140 147 148 151 154 155 162 174 175 176 177 180 181 182 184 185 187 190 194 196 200 203 205 211 212 213
16  1 : 16
17  1 : 17
18  1 : 18
19  9 : 19 44 55 87 89 90 96 105 157
20  1 : 20
21  3 : 21 23 34
22  2 : 22 74
25  1 : 25
26  5 : 26 59 65 83 91
27  43 : 27 38 69 81 86 109 114 115 120 127 128 129 130 136 138 141 143 150 152 153 156 161 165 166 167 169 170 171 172 179 183 188 189 195 198 199 201 207 209 210 214 215 217
29  2 : 29 92
30  1 : 30
31  1 : 31
32  2 : 32 36
43  2 : 43 133
% end

% frame 51
% time 5.2
% start   5.2
% cluster-index, number-of-fibers : name-of-fibers
1  1 : 1
2  2 : 2 68
3  2 : 3 119
4  3 : 4 28 98
5  1 : 5
6  2 : 6 107
7  2 : 7 106
8  1 : 8
9  4 : 9 35 58 94
10  3 : 10 49 216
11  65 : 11 33 40 41 47 48 50 51 56 60 61 62 63 66 70 72 75 76 77 78 79 82 84 85 97 100 101 102 108 110 112 116 118 122 123 124 125 126 131 132 134 137 139 142 144 145 146 149 158 159 160 163 164 168 173 178 186 191 192 193 197 202 204 206 208
12  1 : 12
13  1 : 13
14  1 : 14
15  52 : 15 37 39 42 45 46 52 53 54 57 64 67 71 73 80 88 93 95 99 103 104 111 113 117 121 135 140 147 148 151 154 155 162 174 175 176 177 180 181 182 184 185 187 190 194 196 200 203 205 211 212 213
16  1 : 16
17  1 : 17
18  1 : 18
19  9 : 19 44 55 87 89 90 96 105 157
20  1 : 20
21  3 : 21 23 34
22  2 : 22 74
25  1 : 25
26  5 : 26 59 65 83 91
27  43 : 27 38 69 81 86 109 114 115 120 127 128 129 130 136 138 141 143 150 152 153 156 161 165 166 167 169 170 171 172 179 183 188 189 195 198 199 201 207 209 210 214 215 217
29  2 : 29 92
30  1 : 30
31  1 : 31
32  2 : 32 36
43  2 : 43 133
% end

% frame 52
% time 5.3
% start   5.3
% cluster-index, number-of-fibers : name-of-fibers
1  1 : 1
2  2 : 2 68
3  2 : 3 119
4  3 : 4 28 98
5  1 : 5
6  2 : 6 107
7  2 : 7 106
8  1 : 8
9  4 : 9 35 58 94
10  3 : 10 49 216
11  65 : 11 33 40 41 47 48 50 51 56 60 61 62 63 66 70 72 75 76 77 78 79 82 84 85 97 100 101 102 108 110 112 116 118 122 123 124 125 126 131 132 134 137 139 142 144 145 146 149 158 159 160 163 164 168 173 178 186 191 192 193 197 202 204 206 208
12  1 : 12
13  1 : 13
14  1 : 14
15  53 : 15 37 39 42 45 46 52 53 54 57 64 67 71 73 80 88 93 95 99 103 104 111 113 117 121 135 140 147 148 151 154 155 162 174 175 176 177 180 181 182 184 185 187 190 194 196 200 203 205 211 212 213 218
16  1 : 16
17  1 : 17
18  1 : 18
19  9 : 19 44 55 87 89 90 96 105 157
20  1 : 20
21  3 : 21 23 34
22  2 : 22 74
25  1 : 25
26  5 : 26 59 65 83 91
27  43 : 27 38 69 81 86 109 114 115 120 127 128 129 130 136 138 141 143 150 152 153 156 161 165 166 167 169 170 171 172 179 183 188 189 195 198 199 201 207 209 210 214 215 217
29  2 : 29 92
30  1 : 30
31  1 : 31
32  2 : 32 36
43  2 : 43 133
% end

% frame 53
% time 5.4
% start   5.4
% cluster-index, number-of-fibers : name-of-fibers
1  1 : 1
2  2 : 2 68
3  2 : 3 119
4  3 : 4 28 98
5  1 : 5
6  2 : 6 107
7  2 : 7 106
8  1 : 8
9  4 : 9 35 58 94
10  3 : 10 49 216
11  65 : 11 33 40 41 47 48 50 51 56 60 61 62 63 66 70 72 75 76 77 78 79 82 84 85 97 100 101 102 108 110 112 116 118 122 123 124 125 126 131 132 134 137 139 142 144 145 146 149 158 159 160 163 164 168 173 178 186 191 192 193 197 202 204 206 208
12  1 : 12
13  1 : 13
14  1 : 14
15  55 : 15 37 39 42 45 46 52 53 54 57 64 67 71 73 80 88 93 95 99 103 104 111 113 117 121 135 140 147 148 151 154 155 162 174 175 176 177 180 181 182 184 185 187 190 194 196 200 203 205 211 212 213 218 219 220
16  1 : 16
17  1 : 17
18  1 : 18
19  9 : 19 44 55 87 89 90 96 105 157
20  1 : 20
21  3 : 21 23 34
22  2 : 22 74
25  1 : 25
26  5 : 26 59 65 83 91
27  43 : 27 38 69 81 86 109 114 115 120 127 128 129 130 136 138 141 143 150 152 153 156 161 165 166 167 169 170 171 172 179 183 188 189 195 198 199 201 207 209 210 214 215 217
29  2 : 29 92
30  1 : 30
31  1 : 31
32  2 : 32 36
43  2 : 43 133
% end

% frame 54
% time 5.5
% start   5.5
% cluster-index, number-of-fibers : name-of-fibers
1  1 : 1
2  2 : 2 68
3  2 : 3 119
4  3 : 4 28 98
5  1 : 5
6  2 : 6 107
7  2 : 7 106
8  1 : 8
9  4 : 9 35 58 94
10  3 : 10 49 216
11  65 : 11 33 40 41 47 48 50 51 56 60 61 62 63 66 70 72 75 76 77 78 79 82 84 85 97 100 101 102 108 110 112 116 118 122 123 124 125 126 131 132 134 137 139 142 144 145 146 149 158 159 160 163 164 168 173 178 186 191 192 193 197 202 204 206 208
12  1 : 12
13  1 : 13
14  1 : 14
15  56 : 15 37 39 42 45 46 52 53 54 57 64 67 71 73 80 88 93 95 99 103 104 111 113 117 121 135 140 147 148 151 154 155 162 174 175 176 177 180 181 182 184 185 187 190 194 196 200 203 205 211 212 213 218 219 220 221
16  1 : 16
17  1 : 17
18  1 : 18
19  9 : 19 44 55 87 89 90 96 105 157
20  1 : 20
21  3 : 21 23 34
22  2 : 22 74
25  1 : 25
26  5 : 26 59 65 83 91
27  43 : 27 38 69 81 86 109 114 115 120 127 128 129 130 136 138 141 143 150 152 153 156 161 165 166 167 169 170 171 172 179 183 188 189 195 198 199 201 207 209 210 214 215 217
29  2 : 29 92
30  1 : 30
31  1 : 31
32  2 : 32 36
43  2 : 43 133
% end

% frame 55
% time 5.6
% start   5.6
% cluster-index, number-of-fibers : name-of-fibers
1  1 : 1
2  2 : 2 68
3  2 : 3 119
4  3 : 4 28 98
5  1 : 5
6  2 : 6 107
7  2 : 7 106
8  1 : 8
9  4 : 9 35 58 94
10  3 : 10 49 216
11  65 : 11 33 40 41 47 48 50 51 56 60 61 62 63 66 70 72 75 76 77 78 79 82 84 85 97 100 101 102 108 110 112 116 118 122 123 124 125 126 131 132 134 137 139 142 144 145 146 149 158 159 160 163 164 168 173 178 186 191 192 193 197 202 204 206 208
12  1 : 12
13  1 : 13
14  1 : 14
15  56 : 15 37 39 42 45 46 52 53 54 57 64 67 71 73 80 88 93 95 99 103 104 111 113 117 121 135 140 147 148 151 154 155 162 174 175 176 177 180 181 182 184 185 187 190 194 196 200 203 205 211 212 213 218 219 220 221
16  1 : 16
17  1 : 17
18  1 : 18
19  9 : 19 44 55 87 89 90 96 105 157
20  1 : 20
21  3 : 21 23 34
22  2 : 22 74
25  1 : 25
26  5 : 26 59 65 83 91
27  43 : 27 38 69 81 86 109 114 115 120 127 128 129 130 136 138 141 143 150 152 153 156 161 165 166 167 169 170 171 172 179 183 188 189 195 198 199 201 207 209 210 214 215 217
29  2 : 29 92
30  1 : 30
31  1 : 31
32  2 : 32 36
43  2 : 43 133
% end

% frame 56
% time 5.7
% start   5.7
% cluster-index, number-of-fibers : name-of-fibers
1  1 : 1
2  2 : 2 68
3  2 : 3 119
4  3 : 4 28 98
5  1 : 5
6  2 : 6 107
7  2 : 7 106
8  1 : 8
9  4 : 9 35 58 94
10  3 : 10 49 216
11  65 : 11 33 40 41 47 48 50 51 56 60 61 62 63 66 70 72 75 76 77 78 79 82 84 85 97 100 101 102 108 110 112 116 118 122 123 124 125 126 131 132 134 137 139 142 144 145 146 149 158 159 160 163 164 168 173 178 186 191 192 193 197 202 204 206 208
12  1 : 12
13  1 : 13
14  1 : 14
15  56 : 15 37 39 42 45 46 52 53 54 57 64 67 71 73 80 88 93 95 99 103 104 111 113 117 121 135 140 147 148 151 154 155 162 174 175 176 177 180 181 182 184 185 187 190 194 196 200 203 205 211 212 213 218 219 220 221
16  1 : 16
17  1 : 17
18  1 : 18
19  9 : 19 44 55 87 89 90 96 105 157
20  1 : 20
21  3 : 21 23 34
22  2 : 22 74
25  1 : 25
26  5 : 26 59 65 83 91
27  43 : 27 38 69 81 86 109 114 115 120 127 128 129 130 136 138 141 143 150 152 153 156 161 165 166 167 169 170 171 172 179 183 188 189 195 198 199 201 207 209 210 214 215 217
29  2 : 29 92
30  1 : 30
31  1 : 31
32  2 : 32 36
43  2 : 43 133
% end

% frame 57
% time 5.8
% start   5.8
% cluster-index, number-of-fibers : name-of-fibers
1  1 : 1
2  2 : 2 68
3  2 : 3 119
4  3 : 4 28 98
5  1 : 5
6  2 : 6 107
7  2 : 7 106
8  1 : 8
9  4 : 9 35 58 94
10  3 : 10 49 216
11  64 : 11 33 40 41 47 48 50 51 56 60 61 62 63 66 70 72 75 76 77 78 79 82 84 85 97 100 101 102 108 110 112 116 118 122 123 124 125 126 131 132 134 137 139 142 144 145 146 149 158 159 160 164 168 173 178 186 191 192 193 197 202 204 206 208
12  1 : 12
13  1 : 13
14  1 : 14
15  56 : 15 37 39 42 45 46 52 53 54 57 64 67 71 73 80 88 93 95 99 103 104 111 113 117 121 135 140 147 148 151 154 155 162 174 175 176 177 180 181 182 184 185 187 190 194 196 200 203 205 211 212 213 218 219 220 221
16  1 : 16
17  1 : 17
18  1 : 18
19  9 : 19 44 55 87 89 90 96 105 157
20  1 : 20
21  3 : 21 23 34
22  2 : 22 74
25  1 : 25
26  5 : 26 59 65 83 91
27  43 : 27 38 69 81 86 109 114 115 120 127 128 129 130 136 138 141 143 150 152 153 156 161 165 166 167 169 170 171 172 179 183 188 189 195 198 199 201 207 209 210 214 215 217
29  2 : 29 92
30  1 : 30
31  1 : 31
32  2 : 32 36
43  2 : 43 133
163  1 : 163
% end

% frame 58
% time 5.9
% start   5.9
% cluster-index, number-of-fibers : name-of-fibers
1  1 : 1
2  2 : 2 68
3  2 : 3 119
4  3 : 4 28 98
5  1 : 5
6  2 : 6 107
7  2 : 7 106
8  1 : 8
9  4 : 9 35 58 94
10  3 : 10 49 216
11  64 : 11 33 40 41 47 48 50 51 56 60 61 62 63 66 70 72 75 76 77 78 79 82 84 85 97 100 101 102 108 110 112 116 118 122 123 124 125 126 131 132 134 137 139 142 144 145 146 149 158 159 160 164 168 173 178 186 191 192 193 197 202 204 206 208
12  1 : 12
13  1 : 13
14  1 : 14
15  56 : 15 37 39 42 45 46 52 53 54 57 64 67 71 73 80 88 93 95 99 103 104 111 113 117 121 135 140 147 148 151 154 155 162 174 175 176 177 180 181 182 184 185 187 190 194 196 200 203 205 211 212 213 218 219 220 221
16  1 : 16
17  1 : 17
18  1 : 18
19  9 : 19 44 55 87 89 90 96 105 157
20  1 : 20
21  3 : 21 23 34
22  2 : 22 74
25  1 : 25
26  5 : 26 59 65 83 91
27  44 : 27 38 69 81 86 109 114 115 120 127 128 129 130 136 138 141 143 150 152 153 156 161 165 166 167 169 170 171 172 179 183 188 189 195 198 199 201 207 209 210 214 215 217 222
29  2 : 29 92
30  1 : 30
31  1 : 31
32  2 : 32 36
43  2 : 43 133
163  1 : 163
% end

% frame 59
% time 6
% start   6
% cluster-index, number-of-fibers : name-of-fibers
1  1 : 1
2  2 : 2 68
3  2 : 3 119
4  3 : 4 28 98
5  1 : 5
6  2 : 6 107
7  2 : 7 106
8  1 : 8
9  4 : 9 35 58 94
10  3 : 10 49 216
11  64 : 11 33 40 41 47 48 50 51 56 60 61 62 63 66 70 72 75 76 77 78 79 82 84 85 97 100 101 102 108 110 112 116 118 122 123 124 125 126 131 132 134 137 139 142 144 145 146 149 158 159 160 164 168 173 178 186 191 192 193 197 202 204 206 208
12  1 : 12
13  1 : 13
14  1 : 14
15  56 : 15 37 39 42 45 46 52 53 54 57 64 67 71 73 80 88 93 95 99 103 104 111 113 117 121 135 140 147 148 151 154 155 162 174 175 176 177 180 181 182 184 185 187 190 194 196 200 203 205 211 212 213 218 219 220 221
16  1 : 16
17  1 : 17
18  1 : 18
19  9 : 19 44 55 87 89 90 96 105 157
20  1 : 20
21  3 : 21 23 34
22  2 : 22 74
25  1 : 25
26  5 : 26 59 65 83 91
27  44 : 27 38 69 81 86 109 114 115 120 127 128 129 130 136 138 141 143 150 152 153 156 161 165 166 167 169 170 171 172 179 183 188 189 195 198 199 201 207 209 210 214 215 217 222
29  2 : 29 92
30  1 : 30
31  1 : 31
32  2 : 32 36
43  2 : 43 133
163  1 : 163
% end

% frame 60
% time 6.1
% start   6.1
% cluster-index, number-of-fibers : name-of-fibers
1  1 : 1
2  2 : 2 68
3  2 : 3 119
4  3 : 4 28 98
5  1 : 5
6  2 : 6 107
7  2 : 7 106
8  1 : 8
9  4 : 9 35 58 94
10  3 : 10 49 216
11  64 : 11 33 40 41 47 48 50 51 56 60 61 62 63 66 70 72 75 76 77 78 79 82 84 85 97 100 101 102 108 110 112 116 118 122 123 124 125 126 131 132 134 137 139 142 144 145 146 149 158 159 160 164 168 173 178 186 191 192 193 197 202 204 206 208
12  1 : 12
13  1 : 13
14  1 : 14
15  57 : 15 37 39 42 45 46 52 53 54 57 64 67 71 73 80 88 93 95 99 103 104 111 113 117 121 135 140 147 148 151 154 155 162 174 175 176 177 180 181 182 184 185 187 190 194 196 200 203 205 211 212 213 218 219 220 221 223
16  1 : 16
17  1 : 17
18  1 : 18
19  9 : 19 44 55 87 89 90 96 105 157
20  1 : 20
21  3 : 21 23 34
22  2 : 22 74
25  1 : 25
26  5 : 26 59 65 83 91
27  44 : 27 38 69 81 86 109 114 115 120 127 128 129 130 136 138 141 143 150 152 153 156 161 165 166 167 169 170 171 172 179 183 188 189 195 198 199 201 207 209 210 214 215 217 222
29  2 : 29 92
30  1 : 30
31  1 : 31
32  2 : 32 36
43  2 : 43 133
163  1 : 163
% end

% frame 61
% time 6.2
% start   6.2
% cluster-index, number-of-fibers : name-of-fibers
1  1 : 1
2  2 : 2 68
3  2 : 3 119
4  3 : 4 28 98
5  1 : 5
6  2 : 6 107
7  2 : 7 106
8  1 : 8
9  4 : 9 35 58 94
10  3 : 10 49 216
11  64 : 11 33 40 41 47 48 50 51 56 60 61 62 63 66 70 72 75 76 77 78 79 82 84 85 97 100 101 102 108 110 112 116 118 122 123 124 125 126 131 132 134 137 139 142 144 145 146 149 158 159 160 164 168 173 178 186 191 192 193 197 202 204 206 208
12  1 : 12
13  1 : 13
14  1 : 14
15  57 : 15 37 39 42 45 46 52 53 54 57 64 67 71 73 80 88 93 95 99 103 104 111 113 117 121 135 140 147 148 151 154 155 162 174 175 176 177 180 181 182 184 185 187 190 194 196 200 203 205 211 212 213 218 219 220 221 223
16  1 : 16
17  1 : 17
18  1 : 18
19  9 : 19 44 55 87 89 90 96 105 157
20  1 : 20
21  3 : 21 23 34
22  2 : 22 74
25  1 : 25
26  5 : 26 59 65 83 91
27  44 : 27 38 69 81 86 109 114 115 120 127 128 129 130 136 138 141 143 150 152 153 156 161 165 166 167 169 170 171 172 179 183 188 189 195 198 199 201 207 209 210 214 215 217 222
29  2 : 29 92
30  1 : 30
31  1 : 31
32  2 : 32 36
43  2 : 43 133
163  1 : 163
% end

% frame 62
% time 6.3
% start   6.3
% cluster-index, number-of-fibers : name-of-fibers
1  1 : 1
2  2 : 2 68
3  2 : 3 119
4  3 : 4 28 98
5  1 : 5
6  2 : 6 107
7  2 : 7 106
8  1 : 8
9  4 : 9 35 58 94
10  3 : 10 49 216
11  64 : 11 33 40 41 47 48 50 51 56 60 61 62 63 66 70 72 75 76 77 78 79 82 84 85 97 100 101 102 108 110 112 116 118 122 123 124 125 126 131 132 134 137 139 142 144 145 146 149 158 159 160 164 168 173 178 186 191 192 193 197 202 204 206 208
12  1 : 12
13  1 : 13
14  1 : 14
15  58 : 15 37 39 42 45 46 52 53 54 57 64 67 71 73 80 88 93 95 99 103 104 111 113 117 121 135 140 147 148 151 154 155 162 174 175 176 177 180 181 182 184 185 187 190 194 196 200 203 205 211 212 213 218 219 220 221 223 224
16  1 : 16
17  1 : 17
18  1 : 18
19  9 : 19 44 55 87 89 90 96 105 157
20  1 : 20
21  3 : 21 23 34
22  2 : 22 74
25  1 : 25
26  5 : 26 59 65 83 91
27  44 : 27 38 69 81 86 109 114 115 120 127 128 129 130 136 138 141 143 150 152 153 156 161 165 166 167 169 170 171 172 179 183 188 189 195 198 199 201 207 209 210 214 215 217 222
29  2 : 29 92
30  1 : 30
31  1 : 31
32  2 : 32 36
43  2 : 43 133
163  1 : 163
% end

% frame 63
% time 6.4
% start   6.4
% cluster-index, number-of-fibers : name-of-fibers
1  1 : 1
2  2 : 2 68
3  2 : 3 119
4  3 : 4 28 98
5  1 : 5
6  2 : 6 107
7  2 : 7 106
8  1 : 8
9  4 : 9 35 58 94
10  3 : 10 49 216
11  64 : 11 33 40 41 47 48 50 51 56 60 61 62 63 66 70 72 75 76 77 78 79 82 84 85 97 100 101 102 108 110 112 116 118 122 123 124 125 126 131 132 134 137 139 142 144 145 146 149 158 159 160 164 168 173 178 186 191 192 193 197 202 204 206 208
12  1 : 12
13  1 : 13
14  1 : 14
15  58 : 15 37 39 42 45 46 52 53 54 57 64 67 71 73 80 88 93 95 99 103 104 111 113 117 121 135 140 147 148 151 154 155 162 174 175 176 177 180 181 182 184 185 187 190 194 196 200 203 205 211 212 213 218 219 220 221 223 224
16  1 : 16
17  1 : 17
18  1 : 18
19  9 : 19 44 55 87 89 90 96 105 157
20  1 : 20
21  3 : 21 23 34
22  2 : 22 74
25  1 : 25
26  5 : 26 59 65 83 91
27  44 : 27 38 69 81 86 109 114 115 120 127 128 129 130 136 138 141 143 150 152 153 156 161 165 166 167 169 170 171 172 179 183 188 189 195 198 199 201 207 209 210 214 215 217 222
29  2 : 29 92
30  1 : 30
31  1 : 31
32  2 : 32 36
43  2 : 43 133
163  1 : 163
% end

% frame 64
% time 6.5
% start   6.5
% cluster-index, number-of-fibers : name-of-fibers
1  1 : 1
2  2 : 2 68
3  2 : 3 119
4  3 : 4 28 98
5  1 : 5
6  2 : 6 107
7  2 : 7 106
8  1 : 8
9  4 : 9 35 58 94
10  3 : 10 49 216
11  64 : 11 33 40 41 47 48 50 51 56 60 61 62 63 66 70 72 75 76 77 78 79 82 84 85 97 100 101 102 108 110 112 116 118 122 123 124 125 126 131 132 134 137 139 142 144 145 146 149 158 159 160 164 168 173 178 186 191 192 193 197 202 204 206 208
12  1 : 12
13  1 : 13
14  1 : 14
15  58 : 15 37 39 42 45 46 52 53 54 57 64 67 71 73 80 88 93 95 99 103 104 111 113 117 121 135 140 147 148 151 154 155 162 174 175 176 177 180 181 182 184 185 187 190 194 196 200 203 205 211 212 213 218 219 220 221 223 224
16  1 : 16
17  1 : 17
18  1 : 18
19  9 : 19 44 55 87 89 90 96 105 157
20  1 : 20
21  3 : 21 23 34
22  2 : 22 74
25  1 : 25
26  5 : 26 59 65 83 91
27  44 : 27 38 69 81 86 109 114 115 120 127 128 129 130 136 138 141 143 150 152 153 156 161 165 166 167 169 170 171 172 179 183 188 189 195 198 199 201 207 209 210 214 215 217 222
29  2 : 29 92
30  1 : 30
31  1 : 31
32  2 : 32 36
43  2 : 43 133
163  1 : 163
% end

% frame 65
% time 6.6
% start   6.6
% cluster-index, number-of-fibers : name-of-fibers
1  1 : 1
2  2 : 2 68
3  2 : 3 119
4  3 : 4 28 98
5  1 : 5
6  2 : 6 107
7  2 : 7 106
8  1 : 8
9  4 : 9 35 58 94
10  3 : 10 49 216
11  64 : 11 33 40 41 47 48 50 51 56 60 61 62 63 66 70 72 75 76 77 78 79 82 84 85 97 100 101 102 108 110 112 116 118 122 123 124 125 126 131 132 134 137 139 142 144 145 146 149 158 159 160 164 168 173 178 186 191 192 193 197 202 204 206 208
12  1 : 12
13  1 : 13
14  1 : 14
15  58 : 15 37 39 42 45 46 52 53 54 57 64 67 71 73 80 88 93 95 99 103 104 111 113 117 121 135 140 147 148 151 154 155 162 174 175 176 177 180 181 182 184 185 187 190 194 196 200 203 205 211 212 213 218 219 220 221 223 224
16  1 : 16
17  1 : 17
18  1 : 18
19  9 : 19 44 55 87 89 90 96 105 157
20  1 : 20
21  3 : 21 23 34
22  2 : 22 74
25  1 : 25
26  5 : 26 59 65 83 91
27  44 : 27 38 69 81 86 109 114 115 120 127 128 129 130 136 138 141 143 150 152 153 156 161 165 166 167 169 170 171 172 179 183 188 189 195 198 199 201 207 209 210 214 215 217 222
29  2 : 29 92
30  1 : 30
31  1 : 31
32  2 : 32 36
43  2 : 43 133
163  1 : 163
% end

% frame 66
% time 6.7
% start   6.7
% cluster-index, number-of-fibers : name-of-fibers
1  1 : 1
2  2 : 2 68
3  2 : 3 119
4  3 : 4 28 98
5  1 : 5
6  2 : 6 107
7  2 : 7 106
8  1 : 8
9  4 : 9 35 58 94
10  3 : 10 49 216
11  64 : 11 33 40 41 47 48 50 51 56 60 61 62 63 66 70 72 75 76 77 78 79 82 84 85 97 100 101 102 108 110 112 116 118 122 123 124 125 126 131 132 134 137 139 142 144 145 146 149 158 159 160 164 168 173 178 186 191 192 193 197 202 204 206 208
12  1 : 12
13  1 : 13
14  1 : 14
15  59 : 15 37 39 42 45 46 52 53 54 57 64 67 71 73 80 88 93 95 99 103 104 111 113 117 121 135 140 147 148 151 154 155 162 174 175 176 177 180 181 182 184 185 187 190 194 196 200 203 205 211 212 213 218 219 220 221 223 224 225
16  1 : 16
17  1 : 17
18  1 : 18
19  9 : 19 44 55 87 89 90 96 105 157
20  1 : 20
21  3 : 21 23 34
22  2 : 22 74
25  1 : 25
26  5 : 26 59 65 83 91
27  44 : 27 38 69 81 86 109 114 115 120 127 128 129 130 136 138 141 143 150 152 153 156 161 165 166 167 169 170 171 172 179 183 188 189 195 198 199 201 207 209 210 214 215 217 222
29  2 : 29 92
30  1 : 30
31  1 : 31
32  2 : 32 36
43  2 : 43 133
163  1 : 163
% end

% frame 67
% time 6.8
% start   6.8
% cluster-index, number-of-fibers : name-of-fibers
1  1 : 1
2  2 : 2 68
3  2 : 3 119
4  3 : 4 28 98
5  1 : 5
6  2 : 6 107
7  2 : 7 106
8  1 : 8
9  4 : 9 35 58 94
10  3 : 10 49 216
11  64 : 11 33 40 41 47 48 50 51 56 60 61 62 63 66 70 72 75 76 77 78 79 82 84 85 97 100 101 102 108 110 112 116 118 122 123 124 125 126 131 132 134 137 139 142 144 145 146 149 158 159 160 164 168 173 178 186 191 192 193 197 202 204 206 208
12  1 : 12
13  1 : 13
14  1 : 14
15  59 : 15 37 39 42 45 46 52 53 54 57 64 67 71 73 80 88 93 95 99 103 104 111 113 117 121 135 140 147 148 151 154 155 162 174 175 176 177 180 181 182 184 185 187 190 194 196 200 203 205 211 212 213 218 219 220 221 223 224 225
16  1 : 16
17  1 : 17
18  1 : 18
19  9 : 19 44 55 87 89 90 96 105 157
20  1 : 20
21  3 : 21 23 34
22  2 : 22 74
25  1 : 25
26  5 : 26 59 65 83 91
27  44 : 27 38 69 81 86 109 114 115 120 127 128 129 130 136 138 141 143 150 152 153 156 161 165 166 167 169 170 171 172 179 183 188 189 195 198 199 201 207 209 210 214 215 217 222
29  2 : 29 92
30  1 : 30
31  1 : 31
32  2 : 32 36
43  2 : 43 133
163  1 : 163
% end

% frame 68
% time 6.9
% start   6.9
% cluster-index, number-of-fibers : name-of-fibers
1  1 : 1
2  2 : 2 68
3  2 : 3 119
4  3 : 4 28 98
5  1 : 5
6  2 : 6 107
7  2 : 7 106
8  1 : 8
9  4 : 9 35 58 94
10  3 : 10 49 216
11  64 : 11 33 40 41 47 48 50 51 56 60 61 62 63 66 70 72 75 76 77 78 79 82 84 85 97 100 101 102 108 110 112 116 118 122 123 124 125 126 131 132 134 137 139 142 144 145 146 149 158 159 160 164 168 173 178 186 191 192 193 197 202 204 206 208
12  1 : 12
13  1 : 13
14  1 : 14
15  59 : 15 37 39 42 45 46 52 53 54 57 64 67 71 73 80 88 93 95 99 103 104 111 113 117 121 135 140 147 148 151 154 155 162 174 175 176 177 180 181 182 184 185 187 190 194 196 200 203 205 211 212 213 218 219 220 221 223 224 225
16  1 : 16
17  1 : 17
18  1 : 18
19  9 : 19 44 55 87 89 90 96 105 157
20  1 : 20
21  3 : 21 23 34
22  2 : 22 74
25  1 : 25
26  5 : 26 59 65 83 91
27  44 : 27 38 69 81 86 109 114 115 120 127 128 129 130 136 138 141 143 150 152 153 156 161 165 166 167 169 170 171 172 179 183 188 189 195 198 199 201 207 209 210 214 215 217 222
29  2 : 29 92
30  1 : 30
31  1 : 31
32  2 : 32 36
43  2 : 43 133
163  1 : 163
% end

% frame 69
% time 7
% start   7
% cluster-index, number-of-fibers : name-of-fibers
1  1 : 1
2  2 : 2 68
3  2 : 3 119
4  3 : 4 28 98
5  1 : 5
6  2 : 6 107
7  2 : 7 106
8  1 : 8
9  4 : 9 35 58 94
10  3 : 10 49 216
11  64 : 11 33 40 41 47 48 50 51 56 60 61 62 63 66 70 72 75 76 77 78 79 82 84 85 97 100 101 102 108 110 112 116 118 122 123 124 125 126 131 132 134 137 139 142 144 145 146 149 158 159 160 164 168 173 178 186 191 192 193 197 202 204 206 208
12  1 : 12
13  1 : 13
14  1 : 14
15  59 : 15 37 39 42 45 46 52 53 54 57 64 67 71 73 80 88 93 95 99 103 104 111 113 117 121 135 140 147 148 151 154 155 162 174 175 176 177 180 181 182 184 185 187 190 194 196 200 203 205 211 212 213 218 219 220 221 223 224 225
16  1 : 16
17  1 : 17
18  1 : 18
19  9 : 19 44 55 87 89 90 96 105 157
20  1 : 20
21  3 : 21 23 34
22  2 : 22 74
25  1 : 25
26  5 : 26 59 65 83 91
27  45 : 27 38 69 81 86 109 114 115 120 127 128 129 130 136 138 141 143 150 152 153 156 161 165 166 167 169 170 171 172 179 183 188 189 195 198 199 201 207 209 210 214 215 217 222 226
29  2 : 29 92
30  1 : 30
31  1 : 31
32  2 : 32 36
43  2 : 43 133
163  1 : 163
% end

% frame 70
% time 7.1
% start   7.1
% cluster-index, number-of-fibers : name-of-fibers
1  1 : 1
2  2 : 2 68
3  2 : 3 119
4  3 : 4 28 98
5  1 : 5
6  2 : 6 107
7  2 : 7 106
8  1 : 8
9  4 : 9 35 58 94
10  3 : 10 49 216
11  64 : 11 33 40 41 47 48 50 51 56 60 61 62 63 66 70 72 75 76 77 78 79 82 84 85 97 100 101 102 108 110 112 116 118 122 123 124 125 126 131 132 134 137 139 142 144 145 146 149 158 159 160 164 168 173 178 186 191 192 193 197 202 204 206 208
12  1 : 12
13  1 : 13
14  1 : 14
15  59 : 15 37 39 42 45 46 52 53 54 57 64 67 71 73 80 88 93 95 99 103 104 111 113 117 121 135 140 147 148 151 154 155 162 174 175 176 177 180 181 182 184 185 187 190 194 196 200 203 205 211 212 213 218 219 220 221 223 224 225
16  1 : 16
17  1 : 17
18  1 : 18
19  9 : 19 44 55 87 89 90 96 105 157
20  1 : 20
21  3 : 21 23 34
22  2 : 22 74
25  1 : 25
26  5 : 26 59 65 83 91
27  45 : 27 38 69 81 86 109 114 115 120 127 128 129 130 136 138 141 143 150 152 153 156 161 165 166 167 169 170 171 172 179 183 188 189 195 198 199 201 207 209 210 214 215 217 222 226
29  2 : 29 92
30  1 : 30
31  1 : 31
32  2 : 32 36
43  2 : 43 133
163  1 : 163
% end

% frame 71
% time 7.2
% start   7.2
% cluster-index, number-of-fibers : name-of-fibers
1  1 : 1
2  2 : 2 68
3  2 : 3 119
4  3 : 4 28 98
5  1 : 5
6  2 : 6 107
7  2 : 7 106
8  1 : 8
9  4 : 9 35 58 94
10  3 : 10 49 216
11  64 : 11 33 40 41 47 48 50 51 56 60 61 62 63 66 70 72 75 76 77 78 79 82 84 85 97 100 101 102 108 110 112 116 118 122 123 124 125 126 131 132 134 137 139 142 144 145 146 149 158 159 160 164 168 173 178 186 191 192 193 197 202 204 206 208
12  1 : 12
13  1 : 13
14  1 : 14
15  59 : 15 37 39 42 45 46 52 53 54 57 64 67 71 73 80 88 93 95 99 103 104 111 113 117 121 135 140 147 148 151 154 155 162 174 175 176 177 180 181 182 184 185 187 190 194 196 200 203 205 211 212 213 218 219 220 221 223 224 225
16  1 : 16
17  1 : 17
18  1 : 18
19  9 : 19 44 55 87 89 90 96 105 157
20  1 : 20
21  3 : 21 23 34
22  2 : 22 74
25  1 : 25
26  5 : 26 59 65 83 91
27  45 : 27 38 69 81 86 109 114 115 120 127 128 129 130 136 138 141 143 150 152 153 156 161 165 166 167 169 170 171 172 179 183 188 189 195 198 199 201 207 209 210 214 215 217 222 226
29  2 : 29 92
30  1 : 30
31  1 : 31
32  2 : 32 36
43  2 : 43 133
163  1 : 163
% end

% frame 72
% time 7.3
% start   7.3
% cluster-index, number-of-fibers : name-of-fibers
1  1 : 1
2  2 : 2 68
3  2 : 3 119
4  3 : 4 28 98
5  1 : 5
6  2 : 6 107
7  2 : 7 106
8  1 : 8
9  4 : 9 35 58 94
10  3 : 10 49 216
11  64 : 11 33 40 41 47 48 50 51 56 60 61 62 63 66 70 72 75 76 77 78 79 82 84 85 97 100 101 102 108 110 112 116 118 122 123 124 125 126 131 132 134 137 139 142 144 145 146 149 158 159 160 164 168 173 178 186 191 192 193 197 202 204 206 208
12  1 : 12
13  1 : 13
14  1 : 14
15  59 : 15 37 39 42 45 46 52 53 54 57 64 67 71 73 80 88 93 95 99 103 104 111 113 117 121 135 140 147 148 151 154 155 162 174 175 176 177 180 181 182 184 185 187 190 194 196 200 203 205 211 212 213 218 219 220 221 223 224 225
16  1 : 16
17  1 : 17
18  1 : 18
19  9 : 19 44 55 87 89 90 96 105 157
20  1 : 20
21  3 : 21 23 34
22  2 : 22 74
25  1 : 25
26  5 : 26 59 65 83 91
27  45 : 27 38 69 81 86 109 114 115 120 127 128 129 130 136 138 141 143 150 152 153 156 161 165 166 167 169 170 171 172 179 183 188 189 195 198 199 201 207 209 210 214 215 217 222 226
29  2 : 29 92
30  1 : 30
31  1 : 31
32  2 : 32 36
43  2 : 43 133
163  1 : 163
% end

% frame 73
% time 7.4
% start   7.4
% cluster-index, number-of-fibers : name-of-fibers
1  1 : 1
2  2 : 2 68
3  2 : 3 119
4  3 : 4 28 98
5  1 : 5
6  2 : 6 107
7  2 : 7 106
8  1 : 8
9  4 : 9 35 58 94
10  3 : 10 49 216
11  64 : 11 33 40 41 47 48 50 51 56 60 61 62 63 66 70 72 75 76 77 78 79 82 84 85 97 100 101 102 108 110 112 116 118 122 123 124 125 126 131 132 134 137 139 142 144 145 146 149 158 159 160 164 168 173 178 186 191 192 193 197 202 204 206 208
12  1 : 12
13  1 : 13
14  1 : 14
15  59 : 15 37 39 42 45 46 52 53 54 57 64 67 71 73 80 88 93 95 99 103 104 111 113 117 121 135 140 147 148 151 154 155 162 174 175 176 177 180 181 182 184 185 187 190 194 196 200 203 205 211 212 213 218 219 220 221 223 224 225
16  1 : 16
17  1 : 17
18  1 : 18
19  9 : 19 44 55 87 89 90 96 105 157
20  1 : 20
21  3 : 21 23 34
22  2 : 22 74
25  1 : 25
26  5 : 26 59 65 83 91
27  45 : 27 38 69 81 86 109 114 115 120 127 128 129 130 136 138 141 143 150 152 153 156 161 165 166 167 169 170 171 172 179 183 188 189 195 198 199 201 207 209 210 214 215 217 222 226
29  2 : 29 92
30  1 : 30
31  1 : 31
32  2 : 32 36
43  2 : 43 133
163  1 : 163
% end

% frame 74
% time 7.5
% start   7.5
% cluster-index, number-of-fibers : name-of-fibers
1  1 : 1
2  2 : 2 68
3  2 : 3 119
4  3 : 4 28 98
5  1 : 5
6  2 : 6 107
7  2 : 7 106
8  1 : 8
9  4 : 9 35 58 94
10  3 : 10 49 216
11  64 : 11 33 40 41 47 48 50 51 56 60 61 62 63 66 70 72 75 76 77 78 79 82 84 85 97 100 101 102 108 110 112 116 118 122 123 124 125 126 131 132 134 137 139 142 144 145 146 149 158 159 160 164 168 173 178 186 191 192 193 197 202 204 206 208
12  1 : 12
13  1 : 13
14  1 : 14
15  59 : 15 37 39 42 45 46 52 53 54 57 64 67 71 73 80 88 93 95 99 103 104 111 113 117 121 135 140 147 148 151 154 155 162 174 175 176 177 180 181 182 184 185 187 190 194 196 200 203 205 211 212 213 218 219 220 221 223 224 225
16  1 : 16
17  1 : 17
18  1 : 18
19  9 : 19 44 55 87 89 90 96 105 157
20  1 : 20
21  3 : 21 23 34
22  2 : 22 74
25  1 : 25
26  5 : 26 59 65 83 91
27  45 : 27 38 69 81 86 109 114 115 120 127 128 129 130 136 138 141 143 150 152 153 156 161 165 166 167 169 170 171 172 179 183 188 189 195 198 199 201 207 209 210 214 215 217 222 226
29  2 : 29 92
30  1 : 30
31  1 : 31
32  2 : 32 36
43  2 : 43 133
163  1 : 163
% end

% frame 75
% time 7.6
% start   7.6
% cluster-index, number-of-fibers : name-of-fibers
1  1 : 1
2  2 : 2 68
3  2 : 3 119
4  3 : 4 28 98
5  1 : 5
6  2 : 6 107
7  2 : 7 106
8  1 : 8
9  4 : 9 35 58 94
10  3 : 10 49 216
11  64 : 11 33 40 41 47 48 50 51 56 60 61 62 63 66 70 72 75 76 77 78 79 82 84 85 97 100 101 102 108 110 112 116 118 122 123 124 125 126 131 132 134 137 139 142 144 145 146 149 158 159 160 164 168 173 178 186 191 192 193 197 202 204 206 208
12  1 : 12
13  1 : 13
14  1 : 14
15  59 : 15 37 39 42 45 46 52 53 54 57 64 67 71 73 80 88 93 95 99 103 104 111 113 117 121 135 140 147 148 151 154 155 162 174 175 176 177 180 181 182 184 185 187 190 194 196 200 203 205 211 212 213 218 219 220 221 223 224 225
16  1 : 16
17  1 : 17
18  1 : 18
19  9 : 19 44 55 87 89 90 96 105 157
20  1 : 20
21  3 : 21 23 34
22  2 : 22 74
25  1 : 25
26  5 : 26 59 65 83 91
27  45 : 27 38 69 81 86 109 114 115 120 127 128 129 130 136 138 141 143 150 152 153 156 161 165 166 167 169 170 171 172 179 183 188 189 195 198 199 201 207 209 210 214 215 217 222 226
29  2 : 29 92
30  1 : 30
31  1 : 31
32  2 : 32 36
43  2 : 43 133
163  1 : 163
% end

% frame 76
% time 7.7
% start   7.7
% cluster-index, number-of-fibers : name-of-fibers
1  1 : 1
2  2 : 2 68
3  2 : 3 119
4  3 : 4 28 98
5  1 : 5
6  2 : 6 107
7  2 : 7 106
8  1 : 8
9  4 : 9 35 58 94
10  3 : 10 49 216
11  64 : 11 33 40 41 47 48 50 51 56 60 61 62 63 66 70 72 75 76 77 78 79 82 84 85 97 100 101 102 108 110 112 116 118 122 123 124 125 126 131 132 134 137 139 142 144 145 146 149 158 159 160 164 168 173 178 186 191 192 193 197 202 204 206 208
12  1 : 12
13  1 : 13
14  1 : 14
15  59 : 15 37 39 42 45 46 52 53 54 57 64 67 71 73 80 88 93 95 99 103 104 111 113 117 121 135 140 147 148 151 154 155 162 174 175 176 177 180 181 182 184 185 187 190 194 196 200 203 205 211 212 213 218 219 220 221 223 224 225
16  1 : 16
17  1 : 17
18  1 : 18
19  9 : 19 44 55 87 89 90 96 105 157
20  1 : 20
21  3 : 21 23 34
22  2 : 22 74
25  1 : 25
26  5 : 26 59 65 83 91
27  45 : 27 38 69 81 86 109 114 115 120 127 128 129 130 136 138 141 143 150 152 153 156 161 165 166 167 169 170 171 172 179 183 188 189 195 198 199 201 207 209 210 214 215 217 222 226
29  2 : 29 92
30  1 : 30
31  1 : 31
32  2 : 32 36
43  2 : 43 133
163  1 : 163
% end

% frame 77
% time 7.8
% start   7.8
% cluster-index, number-of-fibers : name-of-fibers
1  1 : 1
2  2 : 2 68
3  2 : 3 119
4  3 : 4 28 98
5  1 : 5
6  2 : 6 107
7  2 : 7 106
8  1 : 8
9  4 : 9 35 58 94
10  3 : 10 49 216
11  64 : 11 33 40 41 47 48 50 51 56 60 61 62 63 66 70 72 75 76 77 78 79 82 84 85 97 100 101 102 108 110 112 116 118 122 123 124 125 126 131 132 134 137 139 142 144 145 146 149 158 159 160 164 168 173 178 186 191 192 193 197 202 204 206 208
12  1 : 12
13  1 : 13
14  1 : 14
15  59 : 15 37 39 42 45 46 52 53 54 57 64 67 71 73 80 88 93 95 99 103 104 111 113 117 121 135 140 147 148 151 154 155 162 174 175 176 177 180 181 182 184 185 187 190 194 196 200 203 205 211 212 213 218 219 220 221 223 224 225
16  1 : 16
17  1 : 17
18  1 : 18
19  9 : 19 44 55 87 89 90 96 105 157
20  1 : 20
21  3 : 21 23 34
22  2 : 22 74
25  1 : 25
26  5 : 26 59 65 83 91
27  45 : 27 38 69 81 86 109 114 115 120 127 128 129 130 136 138 141 143 150 152 153 156 161 165 166 167 169 170 171 172 179 183 188 189 195 198 199 201 207 209 210 214 215 217 222 226
29  2 : 29 92
30  1 : 30
31  1 : 31
32  2 : 32 36
43  2 : 43 133
163  1 : 163
% end

% frame 78
% time 7.9
% start   7.9
% cluster-index, number-of-fibers : name-of-fibers
1  1 : 1
2  2 : 2 68
3  2 : 3 119
4  3 : 4 28 98
5  1 : 5
6  2 : 6 107
7  2 : 7 106
8  1 : 8
9  4 : 9 35 58 94
10  3 : 10 49 216
11  64 : 11 33 40 41 47 48 50 51 56 60 61 62 63 66 70 72 75 76 77 78 79 82 84 85 97 100 101 102 108 110 112 116 118 122 123 124 125 126 131 132 134 137 139 142 144 145 146 149 158 159 160 164 168 173 178 186 191 192 193 197 202 204 206 208
12  1 : 12
13  1 : 13
14  1 : 14
15  59 : 15 37 39 42 45 46 52 53 54 57 64 67 71 73 80 88 93 95 99 103 104 111 113 117 121 135 140 147 148 151 154 155 162 174 175 176 177 180 181 182 184 185 187 190 194 196 200 203 205 211 212 213 218 219 220 221 223 224 225
16  1 : 16
17  1 : 17
18  1 : 18
19  9 : 19 44 55 87 89 90 96 105 157
20  1 : 20
21  3 : 21 23 34
22  2 : 22 74
25  1 : 25
26  5 : 26 59 65 83 91
27  45 : 27 38 69 81 86 109 114 115 120 127 128 129 130 136 138 141 143 150 152 153 156 161 165 166 167 169 170 171 172 179 183 188 189 195 198 199 201 207 209 210 214 215 217 222 226
29  2 : 29 92
30  1 : 30
31  1 : 31
32  2 : 32 36
43  2 : 43 133
163  1 : 163
% end

% frame 79
% time 8
% start   8
% cluster-index, number-of-fibers : name-of-fibers
1  1 : 1
2  2 : 2 68
3  2 : 3 119
4  3 : 4 28 98
5  1 : 5
6  2 : 6 107
7  2 : 7 106
8  1 : 8
9  4 : 9 35 58 94
10  3 : 10 49 216
11  64 : 11 33 40 41 47 48 50 51 56 60 61 62 63 66 70 72 75 76 77 78 79 82 84 85 97 100 101 102 108 110 112 116 118 122 123 124 125 126 131 132 134 137 139 142 144 145 146 149 158 159 160 164 168 173 178 186 191 192 193 197 202 204 206 208
12  1 : 12
13  1 : 13
14  1 : 14
15  59 : 15 37 39 42 45 46 52 53 54 57 64 67 71 73 80 88 93 95 99 103 104 111 113 117 121 135 140 147 148 151 154 155 162 174 175 176 177 180 181 182 184 185 187 190 194 196 200 203 205 211 212 213 218 219 220 221 223 224 225
16  1 : 16
17  1 : 17
18  1 : 18
19  9 : 19 44 55 87 89 90 96 105 157
20  1 : 20
21  3 : 21 23 34
22  2 : 22 74
25  1 : 25
26  5 : 26 59 65 83 91
27  45 : 27 38 69 81 86 109 114 115 120 127 128 129 130 136 138 141 143 150 152 153 156 161 165 166 167 169 170 171 172 179 183 188 189 195 198 199 201 207 209 210 214 215 217 222 226
29  2 : 29 92
30  1 : 30
31  1 : 31
32  2 : 32 36
43  2 : 43 133
163  1 : 163
% end

% frame 80
% time 8.1
% start   8.1
% cluster-index, number-of-fibers : name-of-fibers
1  1 : 1
2  2 : 2 68
3  2 : 3 119
4  3 : 4 28 98
5  1 : 5
6  2 : 6 107
7  2 : 7 106
8  1 : 8
9  4 : 9 35 58 94
10  3 : 10 49 216
11  64 : 11 33 40 41 47 48 50 51 56 60 61 62 63 66 70 72 75 76 77 78 79 82 84 85 97 100 101 102 108 110 112 116 118 122 123 124 125 126 131 132 134 137 139 142 144 145 146 149 158 159 160 164 168 173 178 186 191 192 193 197 202 204 206 208
12  1 : 12
13  1 : 13
14  1 : 14
15  59 : 15 37 39 42 45 46 52 53 54 57 64 67 71 73 80 88 93 95 99 103 104 111 113 117 121 135 140 147 148 151 154 155 162 174 175 176 177 180 181 182 184 185 187 190 194 196 200 203 205 211 212 213 218 219 220 221 223 224 225
16  1 : 16
17  1 : 17
18  1 : 18
19  9 : 19 44 55 87 89 90 96 105 157
20  1 : 20
21  3 : 21 23 34
22  2 : 22 74
25  1 : 25
26  5 : 26 59 65 83 91
27  45 : 27 38 69 81 86 109 114 115 120 127 128 129 130 136 138 141 143 150 152 153 156 161 165 166 167 169 170 171 172 179 183 188 189 195 198 199 201 207 209 210 214 215 217 222 226
29  2 : 29 92
30  1 : 30
31  1 : 31
32  2 : 32 36
43  2 : 43 133
163  1 : 163
% end

