% frame 0
% time 0.1
% start   0.1
% cluster-index, number-of-fibers : name-of-fibers
1  1 : 1
2  1 : 2
3  1 : 3
4  1 : 4
5  1 : 5
6  1 : 6
7  1 : 7
8  1 : 8
9  1 : 9
10  1 : 10
11  1 : 11
12  1 : 12
13  1 : 13
14  1 : 14
15  1 : 15
16  1 : 16
% end

% frame 1
% time 0.2
% start   0.2
% cluster-index, number-of-fibers : name-of-fibers
1  1 : 1
2  1 : 2
3  1 : 3
4  1 : 4
5  1 : 5
6  1 : 6
7  1 : 7
8  1 : 8
9  1 : 9
10  1 : 10
11  1 : 11
12  1 : 12
13  1 : 13
14  1 : 14
15  1 : 15
16  1 : 16
17  1 : 17
18  1 : 18
19  1 : 19
20  1 : 20
21  1 : 21
22  1 : 22
24  1 : 24
% end

% frame 2
% time 0.3
% start   0.3
% cluster-index, number-of-fibers : name-of-fibers
1  1 : 1
2  1 : 2
3  1 : 3
4  1 : 4
5  1 : 5
6  1 : 6
7  1 : 7
8  1 : 8
9  1 : 9
10  1 : 10
11  1 : 11
12  1 : 12
13  1 : 13
14  1 : 14
15  1 : 15
16  1 : 16
17  1 : 17
18  1 : 18
19  1 : 19
20  1 : 20
21  1 : 21
22  1 : 22
24  1 : 24
25  1 : 25
26  1 : 26
27  1 : 27
28  1 : 28
% end

% frame 3
% time 0.4
% start   0.4
% cluster-index, number-of-fibers : name-of-fibers
1  2 : 1 29
2  1 : 2
3  1 : 3
4  2 : 4 31
5  1 : 5
6  1 : 6
7  1 : 7
8  1 : 8
9  1 : 9
10  1 : 10
11  1 : 11
12  1 : 12
13  1 : 13
14  1 : 14
15  1 : 15
16  1 : 16
17  1 : 17
18  1 : 18
19  1 : 19
20  1 : 20
21  1 : 21
22  1 : 22
24  1 : 24
25  1 : 25
26  1 : 26
27  1 : 27
28  1 : 28
30  1 : 30
% end

% frame 4
% time 0.5
% start   0.5
% cluster-index, number-of-fibers : name-of-fibers
1  2 : 1 29
2  1 : 2
3  1 : 3
4  5 : 4 31 32 34 35
5  1 : 5
6  2 : 6 33
7  1 : 7
8  1 : 8
9  1 : 9
10  2 : 10 36
11  1 : 11
12  1 : 12
13  1 : 13
14  1 : 14
15  1 : 15
16  1 : 16
17  1 : 17
18  1 : 18
19  1 : 19
20  1 : 20
21  1 : 21
22  1 : 22
24  1 : 24
25  1 : 25
26  1 : 26
27  1 : 27
28  1 : 28
30  1 : 30
% end

% frame 5
% time 0.6
% start   0.6
% cluster-index, number-of-fibers : name-of-fibers
1  2 : 1 29
2  2 : 2 39
3  1 : 3
4  5 : 4 31 32 34 35
5  1 : 5
6  3 : 6 33 37
7  1 : 7
8  1 : 8
9  1 : 9
10  2 : 10 36
11  1 : 11
12  1 : 12
13  1 : 13
14  1 : 14
15  1 : 15
16  1 : 16
17  1 : 17
18  1 : 18
19  1 : 19
20  1 : 20
21  1 : 21
22  1 : 22
24  1 : 24
25  1 : 25
26  1 : 26
27  1 : 27
28  1 : 28
30  1 : 30
38  1 : 38
% end

% frame 6
% time 0.7
% start   0.7
% cluster-index, number-of-fibers : name-of-fibers
1  2 : 1 29
2  2 : 2 39
3  1 : 3
4  5 : 4 31 32 34 35
5  1 : 5
6  3 : 6 33 37
7  1 : 7
8  1 : 8
9  1 : 9
10  2 : 10 36
11  1 : 11
12  1 : 12
13  1 : 13
14  1 : 14
15  1 : 15
16  1 : 16
17  1 : 17
18  1 : 18
19  1 : 19
20  1 : 20
21  1 : 21
22  1 : 22
24  1 : 24
25  2 : 25 41
26  1 : 26
27  1 : 27
28  1 : 28
30  1 : 30
38  1 : 38
40  1 : 40
% end

% frame 7
% time 0.8
% start   0.8
% cluster-index, number-of-fibers : name-of-fibers
1  3 : 1 29 42
2  2 : 2 39
3  1 : 3
4  6 : 4 31 32 34 35 43
5  1 : 5
6  3 : 6 33 37
7  1 : 7
8  1 : 8
9  1 : 9
10  2 : 10 36
11  1 : 11
12  1 : 12
13  1 : 13
14  1 : 14
15  1 : 15
16  1 : 16
17  1 : 17
18  1 : 18
19  1 : 19
20  1 : 20
21  1 : 21
22  1 : 22
24  1 : 24
25  2 : 25 41
26  1 : 26
27  1 : 27
28  1 : 28
30  1 : 30
38  1 : 38
40  1 : 40
% end

% frame 8
% time 0.9
% start   0.9
% cluster-index, number-of-fibers : name-of-fibers
1  3 : 1 29 42
2  2 : 2 39
3  1 : 3
4  8 : 4 31 32 34 35 43 44 45
5  1 : 5
6  3 : 6 33 37
7  1 : 7
8  1 : 8
9  1 : 9
10  2 : 10 36
11  1 : 11
12  1 : 12
13  1 : 13
14  1 : 14
15  1 : 15
16  1 : 16
17  1 : 17
18  1 : 18
19  1 : 19
20  1 : 20
21  1 : 21
22  1 : 22
24  1 : 24
25  2 : 25 41
26  1 : 26
27  1 : 27
28  1 : 28
30  1 : 30
38  1 : 38
40  1 : 40
% end

% frame 9
% time 1
% start   1
% cluster-index, number-of-fibers : name-of-fibers
1  3 : 1 29 42
2  2 : 2 39
3  1 : 3
4  11 : 4 31 32 34 35 43 44 45 46 47 48
5  1 : 5
6  3 : 6 33 37
7  1 : 7
8  1 : 8
9  1 : 9
10  2 : 10 36
11  1 : 11
12  1 : 12
13  1 : 13
14  1 : 14
15  1 : 15
16  1 : 16
17  1 : 17
18  1 : 18
19  1 : 19
20  1 : 20
21  1 : 21
22  1 : 22
24  1 : 24
25  2 : 25 41
26  1 : 26
27  1 : 27
28  1 : 28
30  1 : 30
38  1 : 38
40  1 : 40
% end

% frame 10
% time 1.1
% start   1.1
% cluster-index, number-of-fibers : name-of-fibers
1  3 : 1 29 42
2  2 : 2 39
3  1 : 3
4  12 : 4 31 32 34 35 43 44 45 46 47 48 49
5  1 : 5
6  3 : 6 33 37
7  1 : 7
8  1 : 8
9  1 : 9
10  2 : 10 36
11  1 : 11
12  1 : 12
13  1 : 13
14  1 : 14
15  1 : 15
16  1 : 16
17  1 : 17
18  1 : 18
19  1 : 19
20  1 : 20
21  2 : 21 50
22  1 : 22
24  1 : 24
25  2 : 25 41
26  1 : 26
27  1 : 27
28  1 : 28
30  1 : 30
38  1 : 38
40  1 : 40
% end

% frame 11
% time 1.2
% start   1.2
% cluster-index, number-of-fibers : name-of-fibers
1  3 : 1 29 42
2  2 : 2 39
3  1 : 3
4  12 : 4 31 32 34 35 43 44 45 46 47 48 49
5  1 : 5
6  3 : 6 33 37
7  1 : 7
8  1 : 8
9  1 : 9
10  2 : 10 36
11  1 : 11
12  1 : 12
13  1 : 13
14  1 : 14
15  1 : 15
16  1 : 16
17  1 : 17
18  1 : 18
19  1 : 19
20  1 : 20
21  2 : 21 50
22  1 : 22
24  1 : 24
25  2 : 25 41
26  1 : 26
27  1 : 27
28  1 : 28
30  1 : 30
38  1 : 38
40  1 : 40
% end

% frame 12
% time 1.3
% start   1.3
% cluster-index, number-of-fibers : name-of-fibers
1  3 : 1 29 42
2  3 : 2 39 53
3  1 : 3
4  13 : 4 31 32 34 35 43 44 45 46 47 48 49 52
5  1 : 5
6  3 : 6 33 37
7  1 : 7
8  1 : 8
9  2 : 9 51
10  2 : 10 36
11  1 : 11
12  1 : 12
13  1 : 13
14  1 : 14
15  1 : 15
16  1 : 16
17  1 : 17
18  1 : 18
19  1 : 19
20  1 : 20
21  2 : 21 50
22  1 : 22
24  1 : 24
25  2 : 25 41
26  2 : 26 54
27  1 : 27
28  1 : 28
30  1 : 30
38  1 : 38
40  1 : 40
% end

% frame 13
% time 1.4
% start   1.4
% cluster-index, number-of-fibers : name-of-fibers
1  3 : 1 29 42
2  3 : 2 39 53
3  1 : 3
4  16 : 4 31 32 34 35 43 44 45 46 47 48 49 52 55 56 58
5  1 : 5
6  3 : 6 33 37
7  1 : 7
8  1 : 8
9  2 : 9 51
10  2 : 10 36
11  1 : 11
12  1 : 12
13  1 : 13
14  1 : 14
15  1 : 15
16  1 : 16
17  1 : 17
18  2 : 18 57
19  1 : 19
20  1 : 20
21  2 : 21 50
22  1 : 22
24  1 : 24
25  2 : 25 41
26  2 : 26 54
27  1 : 27
28  1 : 28
30  1 : 30
38  1 : 38
40  1 : 40
% end

% frame 14
% time 1.5
% start   1.5
% cluster-index, number-of-fibers : name-of-fibers
1  3 : 1 29 42
2  3 : 2 39 53
3  1 : 3
4  16 : 4 31 32 34 35 43 44 45 46 47 48 49 52 55 56 58
5  1 : 5
6  3 : 6 33 37
7  1 : 7
8  1 : 8
9  2 : 9 51
10  2 : 10 36
11  2 : 11 59
12  1 : 12
13  1 : 13
14  1 : 14
15  1 : 15
16  1 : 16
17  1 : 17
18  2 : 18 57
19  1 : 19
20  1 : 20
21  2 : 21 50
22  1 : 22
24  1 : 24
25  2 : 25 41
26  2 : 26 54
27  1 : 27
28  1 : 28
30  1 : 30
38  1 : 38
40  1 : 40
% end

% frame 15
% time 1.6
% start   1.6
% cluster-index, number-of-fibers : name-of-fibers
1  3 : 1 29 42
2  3 : 2 39 53
3  1 : 3
4  20 : 4 31 32 34 35 43 44 45 46 47 48 49 52 55 56 58 61 62 64 65
5  1 : 5
6  3 : 6 33 37
7  1 : 7
8  1 : 8
9  2 : 9 51
10  2 : 10 36
11  5 : 11 59 60 63 66
12  1 : 12
13  1 : 13
14  1 : 14
15  1 : 15
16  1 : 16
17  1 : 17
18  2 : 18 57
19  1 : 19
20  1 : 20
21  2 : 21 50
22  1 : 22
24  1 : 24
25  2 : 25 41
26  2 : 26 54
27  1 : 27
28  1 : 28
30  1 : 30
38  1 : 38
40  1 : 40
% end

% frame 16
% time 1.7
% start   1.7
% cluster-index, number-of-fibers : name-of-fibers
1  3 : 1 29 42
2  3 : 2 39 53
3  1 : 3
4  20 : 4 31 32 34 35 43 44 45 46 47 48 49 52 55 56 58 61 62 64 65
5  1 : 5
6  3 : 6 33 37
7  1 : 7
8  1 : 8
9  2 : 9 51
10  2 : 10 36
11  6 : 11 59 60 63 66 67
12  1 : 12
13  1 : 13
14  1 : 14
15  1 : 15
16  1 : 16
17  1 : 17
18  2 : 18 57
19  1 : 19
20  1 : 20
21  3 : 21 50 68
22  1 : 22
24  1 : 24
25  2 : 25 41
26  2 : 26 54
27  1 : 27
28  1 : 28
30  1 : 30
38  1 : 38
40  1 : 40
% end

% frame 17
% time 1.8
% start   1.8
% cluster-index, number-of-fibers : name-of-fibers
1  3 : 1 29 42
2  3 : 2 39 53
3  1 : 3
4  20 : 4 31 32 34 35 43 44 45 46 47 48 49 52 55 56 58 61 62 64 65
5  1 : 5
6  4 : 6 33 37 69
7  1 : 7
8  1 : 8
9  2 : 9 51
10  2 : 10 36
11  6 : 11 59 60 63 66 67
12  1 : 12
13  1 : 13
14  1 : 14
15  1 : 15
16  1 : 16
17  1 : 17
18  2 : 18 57
19  1 : 19
20  1 : 20
21  3 : 21 50 68
22  1 : 22
24  1 : 24
25  2 : 25 41
26  2 : 26 54
27  1 : 27
28  1 : 28
30  1 : 30
38  1 : 38
40  1 : 40
% end

% frame 18
% time 1.9
% start   1.9
% cluster-index, number-of-fibers : name-of-fibers
1  3 : 1 29 42
2  3 : 2 39 53
3  1 : 3
4  22 : 4 31 32 34 35 43 44 45 46 47 48 49 52 55 56 58 61 62 64 65 70 71
5  1 : 5
6  4 : 6 33 37 69
7  1 : 7
8  1 : 8
9  2 : 9 51
10  2 : 10 36
11  6 : 11 59 60 63 66 67
12  1 : 12
13  1 : 13
14  1 : 14
15  1 : 15
16  1 : 16
17  1 : 17
18  2 : 18 57
19  1 : 19
20  1 : 20
21  3 : 21 50 68
22  1 : 22
24  1 : 24
25  2 : 25 41
26  2 : 26 54
27  1 : 27
28  1 : 28
30  1 : 30
38  1 : 38
40  1 : 40
% end

% frame 19
% time 2
% start   2
% cluster-index, number-of-fibers : name-of-fibers
1  3 : 1 29 42
2  3 : 2 39 53
3  1 : 3
4  23 : 4 31 32 34 35 43 44 45 46 47 48 49 52 55 56 58 61 62 64 65 70 71 72
5  1 : 5
6  5 : 6 33 37 69 73
7  1 : 7
8  1 : 8
9  2 : 9 51
10  2 : 10 36
11  7 : 11 59 60 63 66 67 74
12  1 : 12
13  1 : 13
14  1 : 14
15  1 : 15
16  1 : 16
17  1 : 17
18  2 : 18 57
19  1 : 19
20  1 : 20
21  3 : 21 50 68
22  1 : 22
24  1 : 24
25  2 : 25 41
26  2 : 26 54
27  1 : 27
28  1 : 28
30  1 : 30
38  1 : 38
40  1 : 40
% end

% frame 20
% time 2.1
% start   2.1
% cluster-index, number-of-fibers : name-of-fibers
1  3 : 1 29 42
2  4 : 2 39 53 77
3  1 : 3
4  26 : 4 31 32 34 35 43 44 45 46 47 48 49 52 55 56 58 61 62 64 65 70 71 72 75 76 78
5  1 : 5
6  5 : 6 33 37 69 73
7  1 : 7
8  1 : 8
9  2 : 9 51
10  2 : 10 36
11  7 : 11 59 60 63 66 67 74
12  1 : 12
13  1 : 13
14  1 : 14
15  1 : 15
16  1 : 16
17  1 : 17
18  2 : 18 57
19  1 : 19
20  1 : 20
21  3 : 21 50 68
22  1 : 22
24  1 : 24
25  2 : 25 41
26  2 : 26 54
27  1 : 27
28  1 : 28
30  1 : 30
38  1 : 38
40  1 : 40
% end

% frame 21
% time 2.2
% start   2.2
% cluster-index, number-of-fibers : name-of-fibers
1  3 : 1 29 42
2  4 : 2 39 53 77
3  1 : 3
4  28 : 4 31 32 34 35 43 44 45 46 47 48 49 52 55 56 58 61 62 64 65 70 71 72 75 76 78 79 80
5  1 : 5
6  5 : 6 33 37 69 73
7  1 : 7
8  1 : 8
9  2 : 9 51
10  2 : 10 36
11  7 : 11 59 60 63 66 67 74
12  1 : 12
13  1 : 13
14  1 : 14
15  1 : 15
16  1 : 16
17  1 : 17
18  2 : 18 57
19  1 : 19
20  1 : 20
21  3 : 21 50 68
22  1 : 22
24  1 : 24
25  2 : 25 41
26  2 : 26 54
27  1 : 27
28  1 : 28
30  1 : 30
38  1 : 38
40  1 : 40
% end

% frame 22
% time 2.3
% start   2.3
% cluster-index, number-of-fibers : name-of-fibers
1  3 : 1 29 42
2  4 : 2 39 53 77
3  1 : 3
4  29 : 4 31 32 34 35 43 44 45 46 47 48 49 52 55 56 58 61 62 64 65 70 71 72 75 76 78 79 80 81
5  1 : 5
6  5 : 6 33 37 69 73
7  1 : 7
8  1 : 8
9  2 : 9 51
10  2 : 10 36
11  7 : 11 59 60 63 66 67 74
12  2 : 12 83
13  2 : 13 82
14  1 : 14
15  1 : 15
16  1 : 16
17  1 : 17
18  2 : 18 57
19  1 : 19
20  1 : 20
21  3 : 21 50 68
22  1 : 22
24  1 : 24
25  2 : 25 41
26  2 : 26 54
27  1 : 27
28  1 : 28
30  1 : 30
38  1 : 38
40  1 : 40
% end

% frame 23
% time 2.4
% start   2.4
% cluster-index, number-of-fibers : name-of-fibers
1  3 : 1 29 42
2  4 : 2 39 53 77
3  1 : 3
4  29 : 4 31 32 34 35 43 44 45 46 47 48 49 52 55 56 58 61 62 64 65 70 71 72 75 76 78 79 80 81
5  1 : 5
6  5 : 6 33 37 69 73
7  1 : 7
8  1 : 8
9  2 : 9 51
10  2 : 10 36
11  8 : 11 59 60 63 66 67 74 85
12  3 : 12 83 84
13  2 : 13 82
14  1 : 14
15  1 : 15
16  1 : 16
17  1 : 17
18  2 : 18 57
19  1 : 19
20  1 : 20
21  3 : 21 50 68
22  1 : 22
24  1 : 24
25  2 : 25 41
26  2 : 26 54
27  1 : 27
28  1 : 28
30  1 : 30
38  1 : 38
40  1 : 40
% end

% frame 24
% time 2.5
% start   2.5
% cluster-index, number-of-fibers : name-of-fibers
1  3 : 1 29 42
2  4 : 2 39 53 77
3  1 : 3
4  31 : 4 31 32 34 35 43 44 45 46 47 48 49 52 55 56 58 61 62 64 65 70 71 72 75 76 78 79 80 81 87 90
5  1 : 5
6  5 : 6 33 37 69 73
7  1 : 7
8  1 : 8
9  2 : 9 51
10  2 : 10 36
11  9 : 11 59 60 63 66 67 74 85 86
12  5 : 12 83 84 88 89
13  2 : 13 82
14  1 : 14
15  1 : 15
16  1 : 16
17  1 : 17
18  2 : 18 57
19  1 : 19
20  1 : 20
21  3 : 21 50 68
22  1 : 22
24  1 : 24
25  2 : 25 41
26  2 : 26 54
27  1 : 27
28  1 : 28
30  1 : 30
38  1 : 38
40  1 : 40
% end

% frame 25
% time 2.6
% start   2.6
% cluster-index, number-of-fibers : name-of-fibers
1  3 : 1 29 42
2  4 : 2 39 53 77
3  1 : 3
4  31 : 4 31 32 34 35 43 44 45 46 47 48 49 52 55 56 58 61 62 64 65 70 71 72 75 76 78 79 80 81 87 90
5  1 : 5
6  5 : 6 33 37 69 73
7  1 : 7
8  1 : 8
9  2 : 9 51
10  2 : 10 36
11  10 : 11 59 60 63 66 67 74 85 86 91
12  5 : 12 83 84 88 89
13  2 : 13 82
14  2 : 14 92
15  1 : 15
16  1 : 16
17  1 : 17
18  2 : 18 57
19  1 : 19
20  1 : 20
21  3 : 21 50 68
22  1 : 22
24  1 : 24
25  2 : 25 41
26  2 : 26 54
27  1 : 27
28  1 : 28
30  1 : 30
38  1 : 38
40  1 : 40
% end

% frame 26
% time 2.7
% start   2.7
% cluster-index, number-of-fibers : name-of-fibers
1  3 : 1 29 42
2  4 : 2 39 53 77
3  1 : 3
4  33 : 4 31 32 34 35 43 44 45 46 47 48 49 52 55 56 58 61 62 64 65 70 71 72 75 76 78 79 80 81 87 90 94 96
5  1 : 5
6  5 : 6 33 37 69 73
7  1 : 7
8  1 : 8
9  2 : 9 51
10  2 : 10 36
11  11 : 11 59 60 63 66 67 74 85 86 91 95
12  7 : 12 83 84 88 89 93 97
13  2 : 13 82
14  2 : 14 92
15  1 : 15
16  1 : 16
17  1 : 17
18  2 : 18 57
19  1 : 19
20  1 : 20
21  3 : 21 50 68
22  1 : 22
24  1 : 24
25  2 : 25 41
26  2 : 26 54
27  1 : 27
28  1 : 28
30  1 : 30
38  1 : 38
40  1 : 40
% end

% frame 27
% time 2.8
% start   2.8
% cluster-index, number-of-fibers : name-of-fibers
1  3 : 1 29 42
2  4 : 2 39 53 77
3  1 : 3
4  34 : 4 31 32 34 35 43 44 45 46 47 48 49 52 55 56 58 61 62 64 65 70 71 72 75 76 78 79 80 81 87 90 94 96 98
5  1 : 5
6  5 : 6 33 37 69 73
7  1 : 7
8  1 : 8
9  2 : 9 51
10  2 : 10 36
11  13 : 11 59 60 63 66 67 74 85 86 91 95 100 102
12  8 : 12 83 84 88 89 93 97 99
13  2 : 13 82
14  2 : 14 92
15  1 : 15
16  1 : 16
17  1 : 17
18  2 : 18 57
19  1 : 19
20  1 : 20
21  3 : 21 50 68
22  1 : 22
24  1 : 24
25  2 : 25 41
26  2 : 26 54
27  1 : 27
28  1 : 28
30  1 : 30
38  1 : 38
40  1 : 40
% end

% frame 28
% time 2.9
% start   2.9
% cluster-index, number-of-fibers : name-of-fibers
1  3 : 1 29 42
2  4 : 2 39 53 77
3  1 : 3
4  39 : 4 31 32 34 35 43 44 45 46 47 48 49 52 55 56 58 61 62 64 65 70 71 72 75 76 78 79 80 81 87 90 94 96 98 104 105 106 108 109
5  1 : 5
6  5 : 6 33 37 69 73
7  1 : 7
8  1 : 8
9  2 : 9 51
10  2 : 10 36
11  14 : 11 59 60 63 66 67 74 85 86 91 95 100 102 103
12  9 : 12 83 84 88 89 93 97 99 107
13  2 : 13 82
14  2 : 14 92
15  1 : 15
16  1 : 16
17  1 : 17
18  2 : 18 57
19  1 : 19
20  1 : 20
21  3 : 21 50 68
22  1 : 22
24  1 : 24
25  2 : 25 41
26  2 : 26 54
27  1 : 27
28  1 : 28
30  1 : 30
38  1 : 38
40  1 : 40
% end

% frame 29
% time 3
% start   3
% cluster-index, number-of-fibers : name-of-fibers
1  3 : 1 29 42
2  4 : 2 39 53 77
3  1 : 3
4  42 : 4 31 32 34 35 43 44 45 46 47 48 49 52 55 56 58 61 62 64 65 70 71 72 75 76 78 79 80 81 87 90 94 96 98 104 105 106 108 109 110 112 115
5  1 : 5
6  5 : 6 33 37 69 73
7  1 : 7
8  1 : 8
9  2 : 9 51
10  2 : 10 36
11  17 : 11 59 60 63 66 67 74 85 86 91 95 100 102 103 111 113 116
12  10 : 12 83 84 88 89 93 97 99 107 114
13  2 : 13 82
14  2 : 14 92
15  1 : 15
16  1 : 16
17  1 : 17
18  2 : 18 57
19  1 : 19
20  1 : 20
21  3 : 21 50 68
22  1 : 22
24  1 : 24
25  2 : 25 41
26  2 : 26 54
27  1 : 27
28  1 : 28
30  1 : 30
38  1 : 38
40  1 : 40
% end

% frame 30
% time 3.1
% start   3.1
% cluster-index, number-of-fibers : name-of-fibers
1  3 : 1 29 42
2  4 : 2 39 53 77
3  1 : 3
4  44 : 4 31 32 34 35 43 44 45 46 47 48 49 52 55 56 58 61 62 64 65 70 71 72 75 76 78 79 80 81 87 90 94 96 98 104 105 106 108 109 110 112 115 118 123
5  1 : 5
6  5 : 6 33 37 69 73
7  1 : 7
8  1 : 8
9  2 : 9 51
10  2 : 10 36
11  18 : 11 59 60 63 66 67 74 85 86 91 95 100 102 103 111 113 116 122
12  14 : 12 83 84 88 89 93 97 99 107 114 117 119 120 121
13  2 : 13 82
14  2 : 14 92
15  1 : 15
16  1 : 16
17  1 : 17
18  2 : 18 57
19  1 : 19
20  1 : 20
21  3 : 21 50 68
22  1 : 22
24  1 : 24
25  2 : 25 41
26  2 : 26 54
27  1 : 27
28  1 : 28
30  1 : 30
38  1 : 38
40  1 : 40
% end

% frame 31
% time 3.2
% start   3.2
% cluster-index, number-of-fibers : name-of-fibers
1  3 : 1 29 42
2  4 : 2 39 53 77
3  1 : 3
4  45 : 4 31 32 34 35 43 44 45 46 47 48 49 52 55 56 58 61 62 64 65 70 71 72 75 76 78 79 80 81 87 90 94 96 98 104 105 106 108 109 110 112 115 118 123 126
5  1 : 5
6  5 : 6 33 37 69 73
7  1 : 7
8  1 : 8
9  2 : 9 51
10  2 : 10 36
11  20 : 11 59 60 63 66 67 74 85 86 91 95 100 102 103 111 113 116 122 124 125
12  14 : 12 83 84 88 89 93 97 99 107 114 117 119 120 121
13  2 : 13 82
14  2 : 14 92
15  1 : 15
16  1 : 16
17  1 : 17
18  2 : 18 57
19  1 : 19
20  1 : 20
21  3 : 21 50 68
22  1 : 22
24  1 : 24
25  2 : 25 41
26  2 : 26 54
27  1 : 27
28  1 : 28
30  1 : 30
38  1 : 38
40  1 : 40
% end

% frame 32
% time 3.3
% start   3.3
% cluster-index, number-of-fibers : name-of-fibers
1  3 : 1 29 42
2  4 : 2 39 53 77
3  1 : 3
4  46 : 4 31 32 34 35 43 44 45 46 47 48 49 52 55 56 58 61 62 64 65 70 71 72 75 76 78 79 80 81 87 90 94 96 98 104 105 106 108 109 110 112 115 118 123 126 127
5  1 : 5
6  5 : 6 33 37 69 73
7  1 : 7
8  1 : 8
9  2 : 9 51
10  2 : 10 36
11  20 : 11 59 60 63 66 67 74 85 86 91 95 100 102 103 111 113 116 122 124 125
12  15 : 12 83 84 88 89 93 97 99 107 114 117 119 120 121 128
13  2 : 13 82
14  2 : 14 92
15  1 : 15
16  1 : 16
17  1 : 17
18  2 : 18 57
19  1 : 19
20  1 : 20
21  3 : 21 50 68
22  1 : 22
24  1 : 24
25  2 : 25 41
26  2 : 26 54
27  1 : 27
28  1 : 28
30  1 : 30
38  1 : 38
40  1 : 40
% end

% frame 33
% time 3.4
% start   3.4
% cluster-index, number-of-fibers : name-of-fibers
1  3 : 1 29 42
2  4 : 2 39 53 77
3  1 : 3
4  49 : 4 31 32 34 35 43 44 45 46 47 48 49 52 55 56 58 61 62 64 65 70 71 72 75 76 78 79 80 81 87 90 94 96 98 104 105 106 108 109 110 112 115 118 123 126 127 129 131 133
5  1 : 5
6  5 : 6 33 37 69 73
7  1 : 7
8  1 : 8
9  2 : 9 51
10  2 : 10 36
11  21 : 11 59 60 63 66 67 74 85 86 91 95 100 102 103 111 113 116 122 124 125 132
12  16 : 12 83 84 88 89 93 97 99 107 114 117 119 120 121 128 130
13  2 : 13 82
14  2 : 14 92
15  1 : 15
16  1 : 16
17  1 : 17
18  2 : 18 57
19  1 : 19
20  1 : 20
21  3 : 21 50 68
22  1 : 22
24  1 : 24
25  2 : 25 41
26  2 : 26 54
27  1 : 27
28  1 : 28
30  1 : 30
38  1 : 38
40  1 : 40
% end

% frame 34
% time 3.5
% start   3.5
% cluster-index, number-of-fibers : name-of-fibers
1  3 : 1 29 42
2  4 : 2 39 53 77
3  1 : 3
4  50 : 4 31 32 34 35 43 44 45 46 47 48 49 52 55 56 58 61 62 64 65 70 71 72 75 76 78 79 80 81 87 90 94 96 98 104 105 106 108 109 110 112 115 118 123 126 127 129 131 133 136
5  1 : 5
6  5 : 6 33 37 69 73
7  1 : 7
8  1 : 8
9  2 : 9 51
10  2 : 10 36
11  22 : 11 59 60 63 66 67 74 85 86 91 95 100 102 103 111 113 116 122 124 125 132 137
12  19 : 12 83 84 88 89 93 97 99 107 114 117 119 120 121 128 130 134 135 138
13  2 : 13 82
14  2 : 14 92
15  1 : 15
16  1 : 16
17  1 : 17
18  2 : 18 57
19  1 : 19
20  1 : 20
21  3 : 21 50 68
22  1 : 22
24  1 : 24
25  2 : 25 41
26  2 : 26 54
27  1 : 27
28  1 : 28
30  1 : 30
38  1 : 38
40  1 : 40
% end

% frame 35
% time 3.6
% start   3.6
% cluster-index, number-of-fibers : name-of-fibers
1  3 : 1 29 42
2  4 : 2 39 53 77
3  1 : 3
4  54 : 4 31 32 34 35 43 44 45 46 47 48 49 52 55 56 58 61 62 64 65 70 71 72 75 76 78 79 80 81 87 90 94 96 98 104 105 106 108 109 110 112 115 118 123 126 127 129 131 133 136 140 141 143 146
5  1 : 5
6  5 : 6 33 37 69 73
7  1 : 7
8  1 : 8
9  2 : 9 51
10  2 : 10 36
11  24 : 11 59 60 63 66 67 74 85 86 91 95 100 102 103 111 113 116 122 124 125 132 137 142 145
12  21 : 12 83 84 88 89 93 97 99 107 114 117 119 120 121 128 130 134 135 138 139 144
13  2 : 13 82
14  2 : 14 92
15  1 : 15
16  1 : 16
17  1 : 17
18  2 : 18 57
19  1 : 19
20  1 : 20
21  3 : 21 50 68
22  1 : 22
24  1 : 24
25  2 : 25 41
26  2 : 26 54
27  1 : 27
28  1 : 28
30  1 : 30
38  1 : 38
40  1 : 40
% end

% frame 36
% time 3.7
% start   3.7
% cluster-index, number-of-fibers : name-of-fibers
1  3 : 1 29 42
2  4 : 2 39 53 77
3  1 : 3
4  56 : 4 31 32 34 35 43 44 45 46 47 48 49 52 55 56 58 61 62 64 65 70 71 72 75 76 78 79 80 81 87 90 94 96 98 104 105 106 108 109 110 112 115 118 123 126 127 129 131 133 136 140 141 143 146 148 150
5  1 : 5
6  5 : 6 33 37 69 73
7  1 : 7
8  1 : 8
9  2 : 9 51
10  2 : 10 36
11  26 : 11 59 60 63 66 67 74 85 86 91 95 100 102 103 111 113 116 122 124 125 132 137 142 145 147 149
12  21 : 12 83 84 88 89 93 97 99 107 114 117 119 120 121 128 130 134 135 138 139 144
13  2 : 13 82
14  2 : 14 92
15  1 : 15
16  1 : 16
17  1 : 17
18  2 : 18 57
19  1 : 19
20  1 : 20
21  3 : 21 50 68
22  1 : 22
24  1 : 24
25  2 : 25 41
26  2 : 26 54
27  1 : 27
28  1 : 28
30  1 : 30
38  1 : 38
40  1 : 40
% end

% frame 37
% time 3.8
% start   3.8
% cluster-index, number-of-fibers : name-of-fibers
1  3 : 1 29 42
2  4 : 2 39 53 77
3  1 : 3
4  57 : 4 31 32 34 35 43 44 45 46 47 48 49 52 55 56 58 61 62 64 65 70 71 72 75 76 78 79 80 81 87 90 94 96 98 104 105 106 108 109 110 112 115 118 123 126 127 129 131 133 136 140 141 143 146 148 150 151
5  1 : 5
6  5 : 6 33 37 69 73
7  1 : 7
8  1 : 8
9  2 : 9 51
10  2 : 10 36
11  26 : 11 59 60 63 66 67 74 85 86 91 95 100 102 103 111 113 116 122 124 125 132 137 142 145 147 149
12  21 : 12 83 84 88 89 93 97 99 107 114 117 119 120 121 128 130 134 135 138 139 144
13  2 : 13 82
14  2 : 14 92
15  1 : 15
16  1 : 16
17  1 : 17
18  2 : 18 57
19  1 : 19
20  1 : 20
21  3 : 21 50 68
22  1 : 22
24  1 : 24
25  2 : 25 41
26  2 : 26 54
27  1 : 27
28  1 : 28
30  1 : 30
38  1 : 38
40  1 : 40
% end

% frame 38
% time 3.9
% start   3.9
% cluster-index, number-of-fibers : name-of-fibers
1  3 : 1 29 42
2  4 : 2 39 53 77
3  1 : 3
4  57 : 4 31 32 34 35 43 44 45 46 47 48 49 52 55 56 58 61 62 64 65 70 71 72 75 76 78 79 80 81 87 90 94 96 98 104 105 106 108 109 110 112 115 118 123 126 127 129 131 133 136 140 141 143 146 148 150 151
5  1 : 5
6  5 : 6 33 37 69 73
7  1 : 7
8  1 : 8
9  2 : 9 51
10  2 : 10 36
11  26 : 11 59 60 63 66 67 74 85 86 91 95 100 102 103 111 113 116 122 124 125 132 137 142 145 147 149
12  23 : 12 83 84 88 89 93 97 99 107 114 117 119 120 121 128 130 134 135 138 139 144 152 153
13  2 : 13 82
14  2 : 14 92
15  1 : 15
16  1 : 16
17  1 : 17
18  2 : 18 57
19  1 : 19
20  1 : 20
21  3 : 21 50 68
22  1 : 22
24  1 : 24
25  2 : 25 41
26  2 : 26 54
27  1 : 27
28  1 : 28
30  1 : 30
38  1 : 38
40  1 : 40
% end

% frame 39
% time 4
% start   4
% cluster-index, number-of-fibers : name-of-fibers
1  3 : 1 29 42
2  4 : 2 39 53 77
3  1 : 3
4  58 : 4 31 32 34 35 43 44 45 46 47 48 49 52 55 56 58 61 62 64 65 70 71 72 75 76 78 79 80 81 87 90 94 96 98 104 105 106 108 109 110 112 115 118 123 126 127 129 131 133 136 140 141 143 146 148 150 151 154
5  1 : 5
6  5 : 6 33 37 69 73
7  1 : 7
8  1 : 8
9  2 : 9 51
10  2 : 10 36
11  25 : 11 59 60 63 66 67 74 85 86 91 95 100 102 111 113 116 122 124 125 132 137 142 145 147 149
12  27 : 12 83 84 88 89 93 97 99 107 114 117 119 120 121 128 130 134 135 138 139 144 152 153 155 156 157 158
13  2 : 13 82
14  2 : 14 92
15  1 : 15
16  1 : 16
17  1 : 17
18  2 : 18 57
19  1 : 19
20  1 : 20
21  3 : 21 50 68
22  1 : 22
24  1 : 24
25  2 : 25 41
26  2 : 26 54
27  1 : 27
28  1 : 28
30  1 : 30
38  1 : 38
40  1 : 40
103  1 : 103
% end

% frame 40
% time 4.1
% start   4.1
% cluster-index, number-of-fibers : name-of-fibers
1  3 : 1 29 42
2  4 : 2 39 53 77
3  1 : 3
4  61 : 4 31 32 34 35 43 44 45 46 47 48 49 52 55 56 58 61 62 64 65 70 71 72 75 76 78 79 80 81 87 90 94 96 98 104 105 106 108 109 110 112 115 118 123 126 127 129 131 133 136 140 141 143 146 148 150 151 154 161 162 164
5  1 : 5
6  5 : 6 33 37 69 73
7  1 : 7
8  1 : 8
9  2 : 9 51
10  2 : 10 36
11  26 : 11 59 60 63 66 67 74 85 86 91 95 100 102 111 113 116 122 124 125 132 137 142 145 147 149 163
12  29 : 12 83 84 88 89 93 97 99 107 114 117 119 120 121 128 130 134 135 138 139 144 152 153 155 156 157 158 159 160
13  2 : 13 82
14  2 : 14 92
15  1 : 15
16  1 : 16
17  1 : 17
18  2 : 18 57
19  1 : 19
20  1 : 20
21  3 : 21 50 68
22  1 : 22
24  1 : 24
25  2 : 25 41
26  2 : 26 54
27  1 : 27
28  1 : 28
30  1 : 30
38  1 : 38
40  1 : 40
103  1 : 103
% end

% frame 41
% time 4.2
% start   4.2
% cluster-index, number-of-fibers : name-of-fibers
1  3 : 1 29 42
2  4 : 2 39 53 77
3  1 : 3
4  63 : 4 31 32 34 35 43 44 45 46 47 48 49 52 55 56 58 61 62 64 65 70 71 72 75 76 78 79 80 81 87 90 94 96 98 104 105 106 108 109 110 112 115 118 123 126 127 129 131 133 136 140 141 143 146 148 150 151 154 161 162 164 165 166
5  1 : 5
6  5 : 6 33 37 69 73
7  1 : 7
8  1 : 8
9  2 : 9 51
10  2 : 10 36
11  26 : 11 59 60 63 66 67 74 85 86 91 95 100 102 111 113 116 122 124 125 132 137 142 145 147 149 163
12  30 : 12 83 84 88 89 93 97 99 107 114 117 119 120 121 128 130 134 135 138 139 144 152 153 155 156 157 158 159 160 167
13  2 : 13 82
14  2 : 14 92
15  1 : 15
16  1 : 16
17  1 : 17
18  2 : 18 57
19  1 : 19
20  1 : 20
21  3 : 21 50 68
22  1 : 22
24  1 : 24
25  2 : 25 41
26  2 : 26 54
27  1 : 27
28  1 : 28
30  1 : 30
38  1 : 38
40  1 : 40
103  1 : 103
% end

% frame 42
% time 4.3
% start   4.3
% cluster-index, number-of-fibers : name-of-fibers
1  3 : 1 29 42
2  4 : 2 39 53 77
3  1 : 3
4  64 : 4 31 32 34 35 43 44 45 46 47 48 49 52 55 56 58 61 62 64 65 70 71 72 75 76 78 79 80 81 87 90 94 96 98 104 105 106 108 109 110 112 115 118 123 126 127 129 131 133 136 140 141 143 146 148 150 151 154 161 162 164 165 166 168
5  1 : 5
6  5 : 6 33 37 69 73
7  1 : 7
8  1 : 8
9  2 : 9 51
10  2 : 10 36
11  26 : 11 59 60 63 66 67 74 85 86 91 95 100 102 111 113 116 122 124 125 132 137 142 145 147 149 163
12  30 : 12 83 84 88 89 93 97 99 107 114 117 119 120 121 128 130 134 135 138 139 144 152 153 155 156 157 158 159 160 167
13  2 : 13 82
14  2 : 14 92
15  1 : 15
16  1 : 16
17  1 : 17
18  2 : 18 57
19  2 : 19 169
20  1 : 20
21  3 : 21 50 68
22  1 : 22
24  1 : 24
25  2 : 25 41
26  2 : 26 54
27  1 : 27
28  1 : 28
30  1 : 30
38  1 : 38
40  1 : 40
103  1 : 103
% end

% frame 43
% time 4.4
% start   4.4
% cluster-index, number-of-fibers : name-of-fibers
1  3 : 1 29 42
2  4 : 2 39 53 77
3  1 : 3
4  66 : 4 31 32 34 35 43 44 45 46 47 48 49 52 55 56 58 61 62 64 65 70 71 72 75 76 78 79 80 81 87 90 94 96 98 104 105 106 108 109 110 112 115 118 123 126 127 129 131 133 136 140 141 143 146 148 150 151 154 161 162 164 165 166 168 171 173
5  1 : 5
6  5 : 6 33 37 69 73
7  1 : 7
8  1 : 8
9  2 : 9 51
10  2 : 10 36
11  27 : 11 59 60 63 66 67 74 85 86 91 95 100 102 111 113 116 122 124 125 132 137 142 145 147 149 163 172
12  31 : 12 83 84 88 89 93 97 99 107 114 117 119 120 121 128 130 134 135 138 139 144 152 153 155 156 157 158 159 160 167 170
13  2 : 13 82
14  2 : 14 92
15  1 : 15
16  1 : 16
17  1 : 17
18  2 : 18 57
19  2 : 19 169
20  1 : 20
21  3 : 21 50 68
22  1 : 22
24  1 : 24
25  2 : 25 41
26  2 : 26 54
27  1 : 27
28  1 : 28
30  1 : 30
38  1 : 38
40  1 : 40
103  1 : 103
% end

% frame 44
% time 4.5
% start   4.5
% cluster-index, number-of-fibers : name-of-fibers
1  3 : 1 29 42
2  4 : 2 39 53 77
3  1 : 3
4  66 : 4 31 32 34 35 43 44 45 46 47 48 49 52 55 56 58 61 62 64 65 70 71 72 75 76 78 79 80 81 87 90 94 96 98 104 105 106 108 109 110 112 115 118 123 126 127 129 131 133 136 140 141 143 146 148 150 151 154 161 162 164 165 166 168 171 173
5  1 : 5
6  5 : 6 33 37 69 73
7  1 : 7
8  1 : 8
9  2 : 9 51
10  2 : 10 36
11  27 : 11 59 60 63 66 67 74 85 86 91 95 100 102 111 113 116 122 124 125 132 137 142 145 147 149 163 172
12  33 : 12 83 84 88 89 93 97 99 107 114 117 119 120 121 128 130 134 135 138 139 144 152 153 155 156 157 158 159 160 167 170 174 175
13  2 : 13 82
14  2 : 14 92
15  1 : 15
16  1 : 16
17  1 : 17
18  2 : 18 57
19  2 : 19 169
20  1 : 20
21  3 : 21 50 68
22  1 : 22
24  1 : 24
25  2 : 25 41
26  2 : 26 54
27  1 : 27
28  1 : 28
30  1 : 30
38  1 : 38
40  1 : 40
103  1 : 103
% end

% frame 45
% time 4.6
% start   4.6
% cluster-index, number-of-fibers : name-of-fibers
1  3 : 1 29 42
2  4 : 2 39 53 77
3  1 : 3
4  67 : 4 31 32 34 35 43 44 45 46 47 48 49 52 55 56 58 61 62 64 65 70 71 72 75 76 78 79 80 81 87 90 94 96 98 104 105 106 108 109 110 112 115 118 123 126 127 129 131 133 136 140 141 143 146 148 150 151 154 161 162 164 165 166 168 171 173 177
5  1 : 5
6  5 : 6 33 37 69 73
7  1 : 7
8  1 : 8
9  2 : 9 51
10  2 : 10 36
11  28 : 11 59 60 63 66 67 74 85 86 91 95 100 102 111 113 116 122 124 125 132 137 142 145 147 149 163 172 176
12  33 : 12 83 84 88 89 93 97 99 107 114 117 119 120 121 128 130 134 135 138 139 144 152 153 155 156 157 158 159 160 167 170 174 175
13  2 : 13 82
14  2 : 14 92
15  1 : 15
16  1 : 16
17  1 : 17
18  2 : 18 57
19  2 : 19 169
20  1 : 20
21  3 : 21 50 68
22  1 : 22
24  1 : 24
25  2 : 25 41
26  2 : 26 54
27  1 : 27
28  1 : 28
30  1 : 30
38  1 : 38
40  1 : 40
103  1 : 103
% end

% frame 46
% time 4.7
% start   4.7
% cluster-index, number-of-fibers : name-of-fibers
1  3 : 1 29 42
2  4 : 2 39 53 77
3  1 : 3
4  68 : 4 31 32 34 35 43 44 45 46 47 48 49 52 55 56 58 61 62 64 65 70 71 72 75 76 78 79 80 81 87 90 94 96 98 104 105 106 108 109 110 112 115 118 123 126 127 129 131 133 136 140 141 143 146 148 150 151 154 161 162 164 165 166 168 171 173 177 178
5  1 : 5
6  5 : 6 33 37 69 73
7  1 : 7
8  1 : 8
9  2 : 9 51
10  2 : 10 36
11  28 : 11 59 60 63 66 67 74 85 86 91 95 100 102 111 113 116 122 124 125 132 137 142 145 147 149 163 172 176
12  33 : 12 83 84 88 89 93 97 99 107 114 117 119 120 121 128 130 134 135 138 139 144 152 153 155 156 157 158 159 160 167 170 174 175
13  2 : 13 82
14  2 : 14 92
15  1 : 15
16  1 : 16
17  1 : 17
18  2 : 18 57
19  2 : 19 169
20  1 : 20
21  3 : 21 50 68
22  1 : 22
24  1 : 24
25  2 : 25 41
26  2 : 26 54
27  1 : 27
28  1 : 28
30  1 : 30
38  1 : 38
40  1 : 40
103  1 : 103
% end

% frame 47
% time 4.8
% start   4.8
% cluster-index, number-of-fibers : name-of-fibers
1  3 : 1 29 42
2  4 : 2 39 53 77
3  1 : 3
4  68 : 4 31 32 34 35 43 44 45 46 47 48 49 52 55 56 58 61 62 64 65 70 71 72 75 76 78 79 80 81 87 90 94 96 98 104 105 106 108 109 110 112 115 118 123 126 127 129 131 133 136 140 141 143 146 148 150 151 154 161 162 164 165 166 168 171 173 177 178
5  1 : 5
6  5 : 6 33 37 69 73
7  1 : 7
8  1 : 8
9  2 : 9 51
10  2 : 10 36
11  29 : 11 59 60 63 66 67 74 85 86 91 95 100 102 111 113 116 122 124 125 132 137 142 145 147 149 163 172 176 179
12  33 : 12 83 84 88 89 93 97 99 107 114 117 119 120 121 128 130 134 135 138 139 144 152 153 155 156 157 158 159 160 167 170 174 175
13  2 : 13 82
14  2 : 14 92
15  1 : 15
16  1 : 16
17  1 : 17
18  2 : 18 57
19  2 : 19 169
20  1 : 20
21  3 : 21 50 68
22  1 : 22
24  1 : 24
25  2 : 25 41
26  2 : 26 54
27  1 : 27
28  1 : 28
30  1 : 30
38  1 : 38
40  1 : 40
103  1 : 103
% end

% frame 48
% time 4.9
% start   4.9
% cluster-index, number-of-fibers : name-of-fibers
1  3 : 1 29 42
2  4 : 2 39 53 77
3  1 : 3
4  72 : 4 31 32 34 35 43 44 45 46 47 48 49 52 55 56 58 61 62 64 65 70 71 72 75 76 78 79 80 81 87 90 94 96 98 104 105 106 108 109 110 112 115 118 123 126 127 129 131 133 136 140 141 143 146 148 150 151 154 161 162 164 165 166 168 171 173 177 178 180 183 184 185
5  1 : 5
6  5 : 6 33 37 69 73
7  1 : 7
8  1 : 8
9  2 : 9 51
10  2 : 10 36
11  30 : 11 59 60 63 66 67 74 85 86 91 95 100 102 111 113 116 122 124 125 132 137 142 145 147 149 163 172 176 179 181
12  35 : 12 83 84 88 89 93 97 99 107 114 117 119 120 121 128 130 134 135 138 139 144 152 153 155 156 157 158 159 160 167 170 174 175 182 186
13  2 : 13 82
14  2 : 14 92
15  1 : 15
16  1 : 16
17  1 : 17
18  2 : 18 57
19  2 : 19 169
20  1 : 20
21  3 : 21 50 68
22  1 : 22
24  1 : 24
25  2 : 25 41
26  2 : 26 54
27  1 : 27
28  1 : 28
30  1 : 30
38  1 : 38
40  1 : 40
103  1 : 103
% end

% frame 49
% time 5
% start   5
% cluster-index, number-of-fibers : name-of-fibers
1  3 : 1 29 42
2  4 : 2 39 53 77
3  1 : 3
4  73 : 4 31 32 34 35 43 44 45 46 47 48 49 52 55 56 58 61 62 64 65 70 71 72 75 76 78 79 80 81 87 90 94 96 98 104 105 106 108 109 110 112 115 118 123 126 127 129 131 133 136 140 141 143 146 148 150 151 154 161 162 164 165 166 168 171 173 177 178 180 183 184 185 187
5  1 : 5
6  5 : 6 33 37 69 73
7  1 : 7
8  1 : 8
9  2 : 9 51
10  2 : 10 36
11  30 : 11 59 60 63 66 67 74 85 86 91 95 100 102 111 113 116 122 124 125 132 137 142 145 147 149 163 172 176 179 181
12  35 : 12 83 84 88 89 93 97 99 107 114 117 119 120 121 128 130 134 135 138 139 144 152 153 155 156 157 158 159 160 167 170 174 175 182 186
13  2 : 13 82
14  2 : 14 92
15  1 : 15
16  1 : 16
17  1 : 17
18  2 : 18 57
19  2 : 19 169
20  1 : 20
21  3 : 21 50 68
22  1 : 22
24  1 : 24
25  2 : 25 41
26  2 : 26 54
27  1 : 27
28  1 : 28
30  1 : 30
38  1 : 38
40  1 : 40
103  1 : 103
% end

% frame 50
% time 5.1
% start   5.1
% cluster-index, number-of-fibers : name-of-fibers
1  3 : 1 29 42
2  4 : 2 39 53 77
3  1 : 3
4  73 : 4 31 32 34 35 43 44 45 46 47 48 49 52 55 56 58 61 62 64 65 70 71 72 75 76 78 79 80 81 87 90 94 96 98 104 105 106 108 109 110 112 115 118 123 126 127 129 131 133 136 140 141 143 146 148 150 151 154 161 162 164 165 166 168 171 173 177 178 180 183 184 185 187
5  1 : 5
6  5 : 6 33 37 69 73
7  1 : 7
8  1 : 8
9  2 : 9 51
10  2 : 10 36
11  30 : 11 59 60 63 66 67 74 85 86 91 95 100 102 111 113 116 122 124 125 132 137 142 145 147 149 163 172 176 179 181
12  36 : 12 83 84 88 89 93 97 99 107 114 117 119 120 121 128 130 134 135 138 139 144 152 153 155 156 157 158 159 160 167 170 174 175 182 186 188
13  2 : 13 82
14  2 : 14 92
15  1 : 15
16  1 : 16
17  1 : 17
18  2 : 18 57
19  2 : 19 169
20  1 : 20
21  3 : 21 50 68
22  1 : 22
24  1 : 24
25  2 : 25 41
26  2 : 26 54
27  1 : 27
28  1 : 28
30  1 : 30
38  1 : 38
40  1 : 40
103  1 : 103
% end

% frame 51
% time 5.2
% start   5.2
% cluster-index, number-of-fibers : name-of-fibers
1  3 : 1 29 42
2  4 : 2 39 53 77
3  1 : 3
4  74 : 4 31 32 34 35 43 44 45 46 47 48 49 52 55 56 58 61 62 64 65 70 71 72 75 76 78 79 80 81 87 90 94 96 98 104 105 106 108 109 110 112 115 118 123 126 127 129 131 133 136 140 141 143 146 148 150 151 154 161 162 164 165 166 168 171 173 177 178 180 183 184 185 187 190
5  1 : 5
6  5 : 6 33 37 69 73
7  1 : 7
8  1 : 8
9  2 : 9 51
10  2 : 10 36
11  30 : 11 59 60 63 66 67 74 85 86 91 95 100 102 111 113 116 122 124 125 132 137 142 145 147 149 163 172 176 179 181
12  37 : 12 83 84 88 89 93 97 99 107 114 117 119 120 121 128 130 134 135 138 139 144 152 153 155 156 157 158 159 160 167 170 174 175 182 186 188 189
13  2 : 13 82
14  2 : 14 92
15  1 : 15
16  1 : 16
17  1 : 17
18  2 : 18 57
19  2 : 19 169
20  1 : 20
21  3 : 21 50 68
22  1 : 22
24  1 : 24
25  2 : 25 41
26  2 : 26 54
27  1 : 27
28  1 : 28
30  1 : 30
38  1 : 38
40  1 : 40
103  1 : 103
% end

% frame 52
% time 5.3
% start   5.3
% cluster-index, number-of-fibers : name-of-fibers
1  3 : 1 29 42
2  4 : 2 39 53 77
3  1 : 3
4  74 : 4 31 32 34 35 43 44 45 46 47 48 49 52 55 56 58 61 62 64 65 70 71 72 75 76 78 79 80 81 87 90 94 96 98 104 105 106 108 109 110 112 115 118 123 126 127 129 131 133 136 140 141 143 146 148 150 151 154 161 162 164 165 166 168 171 173 177 178 180 183 184 185 187 190
5  1 : 5
6  5 : 6 33 37 69 73
7  1 : 7
8  1 : 8
9  2 : 9 51
10  2 : 10 36
11  31 : 11 59 60 63 66 67 74 85 86 91 95 100 102 111 113 116 122 124 125 132 137 142 145 147 149 163 172 176 179 181 192
12  38 : 12 83 84 88 89 93 97 99 107 114 117 119 120 121 128 130 134 135 138 139 144 152 153 155 156 157 158 159 160 167 170 174 175 182 186 188 189 191
13  2 : 13 82
14  2 : 14 92
15  1 : 15
16  1 : 16
17  1 : 17
18  2 : 18 57
19  2 : 19 169
20  1 : 20
21  3 : 21 50 68
22  1 : 22
24  1 : 24
25  2 : 25 41
26  2 : 26 54
27  1 : 27
28  1 : 28
30  1 : 30
38  1 : 38
40  1 : 40
103  1 : 103
% end

% frame 53
% time 5.4
% start   5.4
% cluster-index, number-of-fibers : name-of-fibers
1  3 : 1 29 42
2  4 : 2 39 53 77
3  1 : 3
4  75 : 4 31 32 34 35 43 44 45 46 47 48 49 52 55 56 58 61 62 64 65 70 71 72 75 76 78 79 80 81 87 90 94 96 98 104 105 106 108 109 110 112 115 118 123 126 127 129 131 133 136 140 141 143 146 148 150 151 154 161 162 164 165 166 168 171 173 177 178 180 183 184 185 187 190 193
5  1 : 5
6  5 : 6 33 37 69 73
7  1 : 7
8  1 : 8
9  2 : 9 51
10  2 : 10 36
11  31 : 11 59 60 63 66 67 74 85 86 91 95 100 102 111 113 116 122 124 125 132 137 142 145 147 149 163 172 176 179 181 192
12  40 : 12 83 84 88 89 93 97 99 107 114 117 119 120 121 128 130 134 135 138 139 144 152 153 155 156 157 158 159 160 167 170 174 175 182 186 188 189 191 194 195
13  2 : 13 82
14  2 : 14 92
15  1 : 15
16  1 : 16
17  1 : 17
18  2 : 18 57
19  2 : 19 169
20  1 : 20
21  3 : 21 50 68
22  1 : 22
24  1 : 24
25  2 : 25 41
26  2 : 26 54
27  1 : 27
28  1 : 28
30  1 : 30
38  1 : 38
40  1 : 40
103  1 : 103
% end

% frame 54
% time 5.5
% start   5.5
% cluster-index, number-of-fibers : name-of-fibers
1  3 : 1 29 42
2  4 : 2 39 53 77
3  1 : 3
4  75 : 4 31 32 34 35 43 44 45 46 47 48 49 52 55 56 58 61 62 64 65 70 71 72 75 76 78 79 80 81 87 90 94 96 98 104 105 106 108 109 110 112 115 118 123 126 127 129 131 133 136 140 141 143 146 148 150 151 154 161 162 164 165 166 168 171 173 177 178 180 183 184 185 187 190 193
5  1 : 5
6  5 : 6 33 37 69 73
7  1 : 7
8  1 : 8
9  2 : 9 51
10  2 : 10 36
11  32 : 11 59 60 63 66 67 74 85 86 91 95 100 102 111 113 116 122 124 125 132 137 142 145 147 149 163 172 176 179 181 192 196
12  41 : 12 83 84 88 89 93 97 99 107 114 117 119 120 121 128 130 134 135 138 139 144 152 153 155 156 157 158 159 160 167 170 174 175 182 186 188 189 191 194 195 197
13  2 : 13 82
14  2 : 14 92
15  1 : 15
16  1 : 16
17  1 : 17
18  2 : 18 57
19  2 : 19 169
20  1 : 20
21  3 : 21 50 68
22  1 : 22
24  1 : 24
25  2 : 25 41
26  2 : 26 54
27  1 : 27
28  1 : 28
30  1 : 30
38  1 : 38
40  1 : 40
103  1 : 103
% end

% frame 55
% time 5.6
% start   5.6
% cluster-index, number-of-fibers : name-of-fibers
1  3 : 1 29 42
2  4 : 2 39 53 77
3  1 : 3
4  75 : 4 31 32 34 35 43 44 45 46 47 48 49 52 55 56 58 61 62 64 65 70 71 72 75 76 78 79 80 81 87 90 94 96 98 104 105 106 108 109 110 112 115 118 123 126 127 129 131 133 136 140 141 143 146 148 150 151 154 161 162 164 165 166 168 171 173 177 178 180 183 184 185 187 190 193
5  1 : 5
6  5 : 6 33 37 69 73
7  1 : 7
8  1 : 8
9  2 : 9 51
10  2 : 10 36
11  33 : 11 59 60 63 66 67 74 85 86 91 95 100 102 111 113 116 122 124 125 132 137 142 145 147 149 163 172 176 179 181 192 196 198
12  41 : 12 83 84 88 89 93 97 99 107 114 117 119 120 121 128 130 134 135 138 139 144 152 153 155 156 157 158 159 160 167 170 174 175 182 186 188 189 191 194 195 197
13  2 : 13 82
14  2 : 14 92
15  1 : 15
16  1 : 16
17  1 : 17
18  2 : 18 57
19  2 : 19 169
20  1 : 20
21  3 : 21 50 68
22  1 : 22
24  1 : 24
25  2 : 25 41
26  2 : 26 54
27  1 : 27
28  1 : 28
30  1 : 30
38  1 : 38
40  1 : 40
103  1 : 103
% end

% frame 56
% time 5.7
% start   5.7
% cluster-index, number-of-fibers : name-of-fibers
1  3 : 1 29 42
2  4 : 2 39 53 77
3  1 : 3
4  76 : 4 31 32 34 35 43 44 45 46 47 48 49 52 55 56 58 61 62 64 65 70 71 72 75 76 78 79 80 81 87 90 94 96 98 104 105 106 108 109 110 112 115 118 123 126 127 129 131 133 136 140 141 143 146 148 150 151 154 161 162 164 165 166 168 171 173 177 178 180 183 184 185 187 190 193 202
5  1 : 5
6  5 : 6 33 37 69 73
7  1 : 7
8  1 : 8
9  2 : 9 51
10  2 : 10 36
11  33 : 11 59 60 63 66 67 74 85 86 91 95 100 102 111 113 116 122 124 125 132 137 142 145 147 149 163 172 176 179 181 192 196 198
12  44 : 12 83 84 88 89 93 97 99 107 114 117 119 120 121 128 130 134 135 138 139 144 152 153 155 156 157 158 159 160 167 170 174 175 182 186 188 189 191 194 195 197 199 200 201
13  2 : 13 82
14  2 : 14 92
15  1 : 15
16  1 : 16
17  1 : 17
18  2 : 18 57
19  2 : 19 169
20  1 : 20
21  3 : 21 50 68
22  1 : 22
24  1 : 24
25  2 : 25 41
26  2 : 26 54
27  1 : 27
28  1 : 28
30  1 : 30
38  1 : 38
40  1 : 40
103  1 : 103
% end

% frame 57
% time 5.8
% start   5.8
% cluster-index, number-of-fibers : name-of-fibers
1  3 : 1 29 42
2  4 : 2 39 53 77
3  1 : 3
4  76 : 4 31 32 34 35 43 44 45 46 47 48 49 52 55 56 58 61 62 64 65 70 71 72 75 76 78 79 80 81 87 90 94 96 98 104 105 106 108 109 110 112 115 118 123 126 127 129 131 133 136 140 141 143 146 148 150 151 154 161 162 164 165 166 168 171 173 177 178 180 183 184 185 187 190 193 202
5  1 : 5
6  5 : 6 33 37 69 73
7  1 : 7
8  1 : 8
9  2 : 9 51
10  2 : 10 36
11  33 : 11 59 60 63 66 67 74 85 86 91 95 100 102 111 113 116 122 124 125 132 137 142 145 147 149 163 172 176 179 181 192 196 198
12  46 : 12 83 84 88 89 93 97 99 107 114 117 119 120 121 128 130 134 135 138 139 144 152 153 155 156 157 158 159 160 167 170 174 175 182 186 188 189 191 194 195 197 199 200 201 203 204
13  2 : 13 82
14  2 : 14 92
15  1 : 15
16  1 : 16
17  1 : 17
18  2 : 18 57
19  2 : 19 169
20  1 : 20
21  3 : 21 50 68
22  1 : 22
24  1 : 24
25  2 : 25 41
26  2 : 26 54
27  1 : 27
28  1 : 28
30  1 : 30
38  1 : 38
40  1 : 40
103  1 : 103
% end

% frame 58
% time 5.9
% start   5.9
% cluster-index, number-of-fibers : name-of-fibers
1  3 : 1 29 42
2  4 : 2 39 53 77
3  1 : 3
4  76 : 4 31 32 34 35 43 44 45 46 47 48 49 52 55 56 58 61 62 64 65 70 71 72 75 76 78 79 80 81 87 90 94 96 98 104 105 106 108 109 110 112 115 118 123 126 127 129 131 133 136 140 141 143 146 148 150 151 154 161 162 164 165 166 168 171 173 177 178 180 183 184 185 187 190 193 202
5  1 : 5
6  5 : 6 33 37 69 73
7  1 : 7
8  1 : 8
9  2 : 9 51
10  2 : 10 36
11  33 : 11 59 60 63 66 67 74 85 86 91 95 100 102 111 113 116 122 124 125 132 137 142 145 147 149 163 172 176 179 181 192 196 198
12  47 : 12 83 84 88 89 93 97 99 107 114 117 119 120 121 128 130 134 135 138 139 144 152 153 155 156 157 158 159 160 167 170 174 175 182 186 188 189 191 194 195 197 199 200 201 203 204 205
13  2 : 13 82
14  2 : 14 92
15  1 : 15
16  1 : 16
17  1 : 17
18  2 : 18 57
19  2 : 19 169
20  1 : 20
21  3 : 21 50 68
22  1 : 22
24  1 : 24
25  2 : 25 41
26  2 : 26 54
27  1 : 27
28  1 : 28
30  1 : 30
38  1 : 38
40  1 : 40
103  1 : 103
% end

% frame 59
% time 6
% start   6
% cluster-index, number-of-fibers : name-of-fibers
1  3 : 1 29 42
2  4 : 2 39 53 77
3  1 : 3
4  77 : 4 31 32 34 35 43 44 45 46 47 48 49 52 55 56 58 61 62 64 65 70 71 72 75 76 78 79 80 81 87 90 94 96 98 104 105 106 108 109 110 112 115 118 123 126 127 129 131 133 136 140 141 143 146 148 150 151 154 161 162 164 165 166 168 171 173 177 178 180 183 184 185 187 190 193 202 206
5  1 : 5
6  5 : 6 33 37 69 73
7  1 : 7
8  1 : 8
9  2 : 9 51
10  2 : 10 36
11  33 : 11 59 60 63 66 67 74 85 86 91 95 100 102 111 113 116 122 124 125 132 137 142 145 147 149 163 172 176 179 181 192 196 198
12  47 : 12 83 84 88 89 93 97 99 107 114 117 119 120 121 128 130 134 135 138 139 144 152 153 155 156 157 158 159 160 167 170 174 175 182 186 188 189 191 194 195 197 199 200 201 203 204 205
13  2 : 13 82
14  2 : 14 92
15  1 : 15
16  1 : 16
17  1 : 17
18  2 : 18 57
19  2 : 19 169
20  1 : 20
21  3 : 21 50 68
22  1 : 22
24  1 : 24
25  2 : 25 41
26  2 : 26 54
27  1 : 27
28  1 : 28
30  1 : 30
38  1 : 38
40  1 : 40
103  1 : 103
% end

% frame 60
% time 6.1
% start   6.1
% cluster-index, number-of-fibers : name-of-fibers
1  3 : 1 29 42
2  4 : 2 39 53 77
3  1 : 3
4  77 : 4 31 32 34 35 43 44 45 46 47 48 49 52 55 56 58 61 62 64 65 70 71 72 75 76 78 79 80 81 87 90 94 96 98 104 105 106 108 109 110 112 115 118 123 126 127 129 131 133 136 140 141 143 146 148 150 151 154 161 162 164 165 166 168 171 173 177 178 180 183 184 185 187 190 193 202 206
5  1 : 5
6  5 : 6 33 37 69 73
7  1 : 7
8  1 : 8
9  2 : 9 51
10  2 : 10 36
11  33 : 11 59 60 63 66 67 74 85 86 91 95 100 102 111 113 116 122 124 125 132 137 142 145 147 149 163 172 176 179 181 192 196 198
12  47 : 12 83 84 88 89 93 97 99 107 114 117 119 120 121 128 130 134 135 138 139 144 152 153 155 156 157 158 159 160 167 170 174 175 182 186 188 189 191 194 195 197 199 200 201 203 204 205
13  2 : 13 82
14  2 : 14 92
15  1 : 15
16  1 : 16
17  1 : 17
18  2 : 18 57
19  2 : 19 169
20  1 : 20
21  3 : 21 50 68
22  1 : 22
24  1 : 24
25  2 : 25 41
26  2 : 26 54
27  1 : 27
28  1 : 28
30  1 : 30
38  1 : 38
40  1 : 40
103  1 : 103
% end

% frame 61
% time 6.2
% start   6.2
% cluster-index, number-of-fibers : name-of-fibers
1  3 : 1 29 42
2  4 : 2 39 53 77
3  1 : 3
4  77 : 4 31 32 34 35 43 44 45 46 47 48 49 52 55 56 58 61 62 64 65 70 71 72 75 76 78 79 80 81 87 90 94 96 98 104 105 106 108 109 110 112 115 118 123 126 127 129 131 133 136 140 141 143 146 148 150 151 154 161 162 164 165 166 168 171 173 177 178 180 183 184 185 187 190 193 202 206
5  1 : 5
6  5 : 6 33 37 69 73
7  1 : 7
8  1 : 8
9  2 : 9 51
10  2 : 10 36
11  33 : 11 59 60 63 66 67 74 85 86 91 95 100 102 111 113 116 122 124 125 132 137 142 145 147 149 163 172 176 179 181 192 196 198
12  47 : 12 83 84 88 89 93 97 99 107 114 117 119 120 121 128 130 134 135 138 139 144 152 153 155 156 157 158 159 160 167 170 174 175 182 186 188 189 191 194 195 197 199 200 201 203 204 205
13  2 : 13 82
14  2 : 14 92
15  1 : 15
16  1 : 16
17  1 : 17
18  2 : 18 57
19  2 : 19 169
20  1 : 20
21  3 : 21 50 68
22  1 : 22
24  1 : 24
25  2 : 25 41
26  2 : 26 54
27  1 : 27
28  1 : 28
30  1 : 30
38  1 : 38
40  1 : 40
103  1 : 103
% end

% frame 62
% time 6.3
% start   6.3
% cluster-index, number-of-fibers : name-of-fibers
1  3 : 1 29 42
2  4 : 2 39 53 77
3  1 : 3
4  77 : 4 31 32 34 35 43 44 45 46 47 48 49 52 55 56 58 61 62 64 65 70 71 72 75 76 78 79 80 81 87 90 94 96 98 104 105 106 108 109 110 112 115 118 123 126 127 129 131 133 136 140 141 143 146 148 150 151 154 161 162 164 165 166 168 171 173 177 178 180 183 184 185 187 190 193 202 206
5  1 : 5
6  5 : 6 33 37 69 73
7  1 : 7
8  1 : 8
9  2 : 9 51
10  2 : 10 36
11  33 : 11 59 60 63 66 67 74 85 86 91 95 100 102 111 113 116 122 124 125 132 137 142 145 147 149 163 172 176 179 181 192 196 198
12  49 : 12 83 84 88 89 93 97 99 107 114 117 119 120 121 128 130 134 135 138 139 144 152 153 155 156 157 158 159 160 167 170 174 175 182 186 188 189 191 194 195 197 199 200 201 203 204 205 207 208
13  2 : 13 82
14  2 : 14 92
15  1 : 15
16  1 : 16
17  1 : 17
18  2 : 18 57
19  2 : 19 169
20  1 : 20
21  3 : 21 50 68
22  1 : 22
24  1 : 24
25  2 : 25 41
26  2 : 26 54
27  1 : 27
28  1 : 28
30  1 : 30
38  1 : 38
40  1 : 40
103  1 : 103
% end

% frame 63
% time 6.4
% start   6.4
% cluster-index, number-of-fibers : name-of-fibers
1  3 : 1 29 42
2  4 : 2 39 53 77
3  1 : 3
4  78 : 4 31 32 34 35 43 44 45 46 47 48 49 52 55 56 58 61 62 64 65 70 71 72 75 76 78 79 80 81 87 90 94 96 98 104 105 106 108 109 110 112 115 118 123 126 127 129 131 133 136 140 141 143 146 148 150 151 154 161 162 164 165 166 168 171 173 177 178 180 183 184 185 187 190 193 202 206 209
5  1 : 5
6  5 : 6 33 37 69 73
7  1 : 7
8  1 : 8
9  2 : 9 51
10  2 : 10 36
11  34 : 11 59 60 63 66 67 74 85 86 91 95 100 102 111 113 116 122 124 125 132 137 142 145 147 149 163 172 176 179 181 192 196 198 210
12  49 : 12 83 84 88 89 93 97 99 107 114 117 119 120 121 128 130 134 135 138 139 144 152 153 155 156 157 158 159 160 167 170 174 175 182 186 188 189 191 194 195 197 199 200 201 203 204 205 207 208
13  2 : 13 82
14  2 : 14 92
15  1 : 15
16  1 : 16
17  1 : 17
18  2 : 18 57
19  2 : 19 169
20  1 : 20
21  3 : 21 50 68
22  1 : 22
24  1 : 24
25  2 : 25 41
26  2 : 26 54
27  1 : 27
28  1 : 28
30  1 : 30
38  1 : 38
40  1 : 40
103  1 : 103
% end

% frame 64
% time 6.5
% start   6.5
% cluster-index, number-of-fibers : name-of-fibers
1  3 : 1 29 42
2  4 : 2 39 53 77
3  1 : 3
4  78 : 4 31 32 34 35 43 44 45 46 47 48 49 52 55 56 58 61 62 64 65 70 71 72 75 76 78 79 80 81 87 90 94 96 98 104 105 106 108 109 110 112 115 118 123 126 127 129 131 133 136 140 141 143 146 148 150 151 154 161 162 164 165 166 168 171 173 177 178 180 183 184 185 187 190 193 202 206 209
5  1 : 5
6  5 : 6 33 37 69 73
7  1 : 7
8  1 : 8
9  2 : 9 51
10  2 : 10 36
11  34 : 11 59 60 63 66 67 74 85 86 91 95 100 102 111 113 116 122 124 125 132 137 142 145 147 149 163 172 176 179 181 192 196 198 210
12  49 : 12 83 84 88 89 93 97 99 107 114 117 119 120 121 128 130 134 135 138 139 144 152 153 155 156 157 158 159 160 167 170 174 175 182 186 188 189 191 194 195 197 199 200 201 203 204 205 207 208
13  2 : 13 82
14  2 : 14 92
15  1 : 15
16  1 : 16
17  1 : 17
18  2 : 18 57
19  2 : 19 169
20  1 : 20
21  3 : 21 50 68
22  1 : 22
24  1 : 24
25  1 : 25
26  2 : 26 54
27  1 : 27
28  1 : 28
30  1 : 30
38  1 : 38
40  1 : 40
41  1 : 41
103  1 : 103
% end

% frame 65
% time 6.6
% start   6.6
% cluster-index, number-of-fibers : name-of-fibers
1  3 : 1 29 42
2  4 : 2 39 53 77
3  1 : 3
4  77 : 4 31 32 34 35 43 44 45 46 47 48 49 52 55 56 58 61 62 64 65 70 71 72 75 76 78 79 80 81 87 90 94 96 98 104 105 106 108 109 110 112 115 118 123 126 127 129 131 133 136 140 141 143 146 148 150 151 154 161 162 164 165 166 168 171 177 178 180 183 184 185 187 190 193 202 206 209
5  1 : 5
6  5 : 6 33 37 69 73
7  1 : 7
8  1 : 8
9  2 : 9 51
10  2 : 10 36
11  34 : 11 59 60 63 66 67 74 85 86 91 95 100 102 111 113 116 122 124 125 132 137 142 145 147 149 163 172 176 179 181 192 196 198 210
12  51 : 12 83 84 88 89 93 97 99 107 114 117 119 120 121 128 130 134 135 138 139 144 152 153 155 156 157 158 159 160 167 170 174 175 182 186 188 189 191 194 195 197 199 200 201 203 204 205 207 208 211 212
13  2 : 13 82
14  2 : 14 92
15  1 : 15
16  1 : 16
17  1 : 17
18  2 : 18 57
19  2 : 19 169
20  1 : 20
21  3 : 21 50 68
22  1 : 22
24  1 : 24
25  1 : 25
26  2 : 26 54
27  1 : 27
28  1 : 28
30  1 : 30
38  1 : 38
40  1 : 40
41  1 : 41
103  1 : 103
173  1 : 173
% end

% frame 66
% time 6.7
% start   6.7
% cluster-index, number-of-fibers : name-of-fibers
1  3 : 1 29 42
2  4 : 2 39 53 77
3  1 : 3
4  77 : 4 31 32 34 35 43 44 45 46 47 48 49 52 55 56 58 61 62 64 65 70 71 72 75 76 78 79 80 81 87 90 94 96 98 104 105 106 108 109 110 112 115 118 123 126 127 129 131 133 136 140 141 143 146 148 150 151 154 161 162 164 165 166 168 171 177 178 180 183 184 185 187 190 193 202 206 209
5  1 : 5
6  5 : 6 33 37 69 73
7  1 : 7
8  1 : 8
9  2 : 9 51
10  2 : 10 36
11  34 : 11 59 60 63 66 67 74 85 86 91 95 100 102 111 113 116 122 124 125 132 137 142 145 147 149 163 172 176 179 181 192 196 198 210
12  51 : 12 83 84 88 89 93 97 99 107 114 117 119 120 121 128 130 134 135 138 139 144 152 153 155 156 157 158 159 160 167 170 174 175 182 186 188 189 191 194 195 197 199 200 201 203 204 205 207 208 211 212
13  2 : 13 82
14  2 : 14 92
15  1 : 15
16  1 : 16
17  1 : 17
18  2 : 18 57
19  2 : 19 169
20  1 : 20
21  3 : 21 50 68
22  1 : 22
24  1 : 24
25  1 : 25
26  2 : 26 54
27  1 : 27
28  1 : 28
30  1 : 30
38  1 : 38
40  1 : 40
41  1 : 41
103  1 : 103
173  1 : 173
% end

% frame 67
% time 6.8
% start   6.8
% cluster-index, number-of-fibers : name-of-fibers
1  3 : 1 29 42
2  4 : 2 39 53 77
3  1 : 3
4  77 : 4 31 32 34 35 43 44 45 46 47 48 49 52 55 56 58 61 62 64 65 70 71 72 75 76 78 79 80 81 87 90 94 96 98 104 105 106 108 109 110 112 115 118 123 126 127 129 131 133 136 140 141 143 146 148 150 151 154 161 162 164 165 166 168 171 177 178 180 183 184 185 187 190 193 202 206 209
5  1 : 5
6  5 : 6 33 37 69 73
7  1 : 7
8  1 : 8
9  2 : 9 51
10  2 : 10 36
11  34 : 11 59 60 63 66 67 74 85 86 91 95 100 102 111 113 116 122 124 125 132 137 142 145 147 149 163 172 176 179 181 192 196 198 210
12  53 : 12 83 84 88 89 93 97 99 107 114 117 119 120 121 128 130 134 135 138 139 144 152 153 155 156 157 158 159 160 167 170 174 175 182 186 188 189 191 194 195 197 199 200 201 203 204 205 207 208 211 212 213 214
13  2 : 13 82
14  2 : 14 92
15  1 : 15
16  1 : 16
17  1 : 17
18  2 : 18 57
19  2 : 19 169
20  1 : 20
21  3 : 21 50 68
22  1 : 22
24  1 : 24
25  1 : 25
26  2 : 26 54
27  1 : 27
28  1 : 28
30  1 : 30
38  1 : 38
40  1 : 40
41  1 : 41
103  1 : 103
173  1 : 173
% end

% frame 68
% time 6.9
% start   6.9
% cluster-index, number-of-fibers : name-of-fibers
1  3 : 1 29 42
2  4 : 2 39 53 77
3  1 : 3
4  77 : 4 31 32 34 35 43 44 45 46 47 48 49 52 55 56 58 61 62 64 65 70 71 72 75 76 78 79 80 81 87 90 94 96 98 104 105 106 108 109 110 112 115 118 123 126 127 129 131 133 136 140 141 143 146 148 150 151 154 161 162 164 165 166 168 171 177 178 180 183 184 185 187 190 193 202 206 209
5  1 : 5
6  5 : 6 33 37 69 73
7  1 : 7
8  1 : 8
9  2 : 9 51
10  2 : 10 36
11  34 : 11 59 60 63 66 67 74 85 86 91 95 100 102 111 113 116 122 124 125 132 137 142 145 147 149 163 172 176 179 181 192 196 198 210
12  53 : 12 83 84 88 89 93 97 99 107 114 117 119 120 121 128 130 134 135 138 139 144 152 153 155 156 157 158 159 160 167 170 174 175 182 186 188 189 191 194 195 197 199 200 201 203 204 205 207 208 211 212 213 214
13  2 : 13 82
14  2 : 14 92
15  1 : 15
16  1 : 16
17  1 : 17
18  2 : 18 57
19  2 : 19 169
20  1 : 20
21  3 : 21 50 68
22  1 : 22
24  1 : 24
25  1 : 25
26  2 : 26 54
27  1 : 27
28  1 : 28
30  1 : 30
38  1 : 38
40  1 : 40
41  1 : 41
103  1 : 103
173  1 : 173
% end

% frame 69
% time 7
% start   7
% cluster-index, number-of-fibers : name-of-fibers
1  3 : 1 29 42
2  4 : 2 39 53 77
3  1 : 3
4  77 : 4 31 32 34 35 43 44 45 46 47 48 49 52 55 56 58 61 62 64 65 70 71 72 75 76 78 79 80 81 87 90 94 96 98 104 105 106 108 109 110 112 115 118 123 126 127 129 131 133 136 140 141 143 146 148 150 151 154 161 162 164 165 166 168 171 177 178 180 183 184 185 187 190 193 202 206 209
5  1 : 5
6  5 : 6 33 37 69 73
7  1 : 7
8  1 : 8
9  2 : 9 51
10  2 : 10 36
11  34 : 11 59 60 63 66 67 74 85 86 91 95 100 102 111 113 116 122 124 125 132 137 142 145 147 149 163 172 176 179 181 192 196 198 210
12  54 : 12 83 84 88 89 93 97 99 107 114 117 119 120 121 128 130 134 135 138 139 144 152 153 155 156 157 158 159 160 167 170 174 175 182 186 188 189 191 194 195 197 199 200 201 203 204 205 207 208 211 212 213 214 215
13  2 : 13 82
14  2 : 14 92
15  1 : 15
16  1 : 16
17  1 : 17
18  2 : 18 57
19  2 : 19 169
20  1 : 20
21  3 : 21 50 68
22  1 : 22
24  1 : 24
25  1 : 25
26  2 : 26 54
27  1 : 27
28  1 : 28
30  1 : 30
38  1 : 38
40  1 : 40
41  1 : 41
103  1 : 103
173  1 : 173
% end

% frame 70
% time 7.1
% start   7.1
% cluster-index, number-of-fibers : name-of-fibers
1  3 : 1 29 42
2  4 : 2 39 53 77
3  1 : 3
4  77 : 4 31 32 34 35 43 44 45 46 47 48 49 52 55 56 58 61 62 64 65 70 71 72 75 76 78 79 80 81 87 90 94 96 98 104 105 106 108 109 110 112 115 118 123 126 127 129 131 133 136 140 141 143 146 148 150 151 154 161 162 164 165 166 168 171 177 178 180 183 184 185 187 190 193 202 206 209
5  1 : 5
6  5 : 6 33 37 69 73
7  1 : 7
8  1 : 8
9  2 : 9 51
10  2 : 10 36
11  34 : 11 59 60 63 66 67 74 85 86 91 95 100 102 111 113 116 122 124 125 132 137 142 145 147 149 163 172 176 179 181 192 196 198 210
12  54 : 12 83 84 88 89 93 97 99 107 114 117 119 120 121 128 130 134 135 138 139 144 152 153 155 156 157 158 159 160 167 170 174 175 182 186 188 189 191 194 195 197 199 200 201 203 204 205 207 208 211 212 213 214 215
13  2 : 13 82
14  2 : 14 92
15  1 : 15
16  1 : 16
17  1 : 17
18  2 : 18 57
19  2 : 19 169
20  1 : 20
21  3 : 21 50 68
22  1 : 22
24  1 : 24
25  1 : 25
26  2 : 26 54
27  1 : 27
28  1 : 28
30  1 : 30
38  1 : 38
40  1 : 40
41  1 : 41
103  1 : 103
173  1 : 173
% end

% frame 71
% time 7.2
% start   7.2
% cluster-index, number-of-fibers : name-of-fibers
1  3 : 1 29 42
2  4 : 2 39 53 77
3  1 : 3
4  77 : 4 31 32 34 35 43 44 45 46 47 48 49 52 55 56 58 61 62 64 65 70 71 72 75 76 78 79 80 81 87 90 94 96 98 104 105 106 108 109 110 112 115 118 123 126 127 129 131 133 136 140 141 143 146 148 150 151 154 161 162 164 165 166 168 171 177 178 180 183 184 185 187 190 193 202 206 209
5  1 : 5
6  5 : 6 33 37 69 73
7  1 : 7
8  1 : 8
9  2 : 9 51
10  2 : 10 36
11  34 : 11 59 60 63 66 67 74 85 86 91 95 100 102 111 113 116 122 124 125 132 137 142 145 147 149 163 172 176 179 181 192 196 198 210
12  55 : 12 83 84 88 89 93 97 99 107 114 117 119 120 121 128 130 134 135 138 139 144 152 153 155 156 157 158 159 160 167 170 174 175 182 186 188 189 191 194 195 197 199 200 201 203 204 205 207 208 211 212 213 214 215 216
13  2 : 13 82
14  2 : 14 92
15  1 : 15
16  1 : 16
17  1 : 17
18  2 : 18 57
19  2 : 19 169
20  1 : 20
21  3 : 21 50 68
22  1 : 22
24  1 : 24
25  1 : 25
26  2 : 26 54
27  1 : 27
28  1 : 28
30  1 : 30
38  1 : 38
40  1 : 40
41  1 : 41
103  1 : 103
173  1 : 173
% end

% frame 72
% time 7.3
% start   7.3
% cluster-index, number-of-fibers : name-of-fibers
1  3 : 1 29 42
2  4 : 2 39 53 77
3  1 : 3
4  77 : 4 31 32 34 35 43 44 45 46 47 48 49 52 55 56 58 61 62 64 65 70 71 72 75 76 78 79 80 81 87 90 94 96 98 104 105 106 108 109 110 112 115 118 123 126 127 129 131 133 136 140 141 143 146 148 150 151 154 161 162 164 165 166 168 171 177 178 180 183 184 185 187 190 193 202 206 209
5  1 : 5
6  5 : 6 33 37 69 73
7  1 : 7
8  1 : 8
9  2 : 9 51
10  2 : 10 36
11  35 : 11 59 60 63 66 67 74 85 86 91 95 100 102 111 113 116 122 124 125 132 137 142 145 147 149 163 172 176 179 181 192 196 198 210 217
12  55 : 12 83 84 88 89 93 97 99 107 114 117 119 120 121 128 130 134 135 138 139 144 152 153 155 156 157 158 159 160 167 170 174 175 182 186 188 189 191 194 195 197 199 200 201 203 204 205 207 208 211 212 213 214 215 216
13  2 : 13 82
14  2 : 14 92
15  1 : 15
16  1 : 16
17  1 : 17
18  2 : 18 57
19  2 : 19 169
20  1 : 20
21  3 : 21 50 68
22  1 : 22
24  1 : 24
25  1 : 25
26  2 : 26 54
27  1 : 27
28  1 : 28
30  1 : 30
38  1 : 38
40  1 : 40
41  1 : 41
103  1 : 103
173  1 : 173
% end

% frame 73
% time 7.4
% start   7.4
% cluster-index, number-of-fibers : name-of-fibers
1  3 : 1 29 42
2  4 : 2 39 53 77
3  1 : 3
4  77 : 4 31 32 34 35 43 44 45 46 47 48 49 52 55 56 58 61 62 64 65 70 71 72 75 76 78 79 80 81 87 90 94 96 98 104 105 106 108 109 110 112 115 118 123 126 127 129 131 133 136 140 141 143 146 148 150 151 154 161 162 164 165 166 168 171 177 178 180 183 184 185 187 190 193 202 206 209
5  1 : 5
6  5 : 6 33 37 69 73
7  1 : 7
8  1 : 8
9  2 : 9 51
10  2 : 10 36
11  35 : 11 59 60 63 66 67 74 85 86 91 95 100 102 111 113 116 122 124 125 132 137 142 145 147 149 163 172 176 179 181 192 196 198 210 217
12  57 : 12 83 84 88 89 93 97 99 107 114 117 119 120 121 128 130 134 135 138 139 144 152 153 155 156 157 158 159 160 167 170 174 175 182 186 188 189 191 194 195 197 199 200 201 203 204 205 207 208 211 212 213 214 215 216 218 219
13  2 : 13 82
14  2 : 14 92
15  1 : 15
16  1 : 16
17  1 : 17
18  2 : 18 57
19  2 : 19 169
20  1 : 20
21  3 : 21 50 68
22  1 : 22
24  1 : 24
25  1 : 25
26  2 : 26 54
27  1 : 27
28  1 : 28
30  1 : 30
38  1 : 38
40  1 : 40
41  1 : 41
103  1 : 103
173  1 : 173
% end

% frame 74
% time 7.5
% start   7.5
% cluster-index, number-of-fibers : name-of-fibers
1  3 : 1 29 42
2  4 : 2 39 53 77
3  1 : 3
4  77 : 4 31 32 34 35 43 44 45 46 47 48 49 52 55 56 58 61 62 64 65 70 71 72 75 76 78 79 80 81 87 90 94 96 98 104 105 106 108 109 110 112 115 118 123 126 127 129 131 133 136 140 141 143 146 148 150 151 154 161 162 164 165 166 168 171 177 178 180 183 184 185 187 190 193 202 206 209
5  1 : 5
6  5 : 6 33 37 69 73
7  1 : 7
8  1 : 8
9  2 : 9 51
10  2 : 10 36
11  35 : 11 59 60 63 66 67 74 85 86 91 95 100 102 111 113 116 122 124 125 132 137 142 145 147 149 163 172 176 179 181 192 196 198 210 217
12  59 : 12 83 84 88 89 93 97 99 107 114 117 119 120 121 128 130 134 135 138 139 144 152 153 155 156 157 158 159 160 167 170 174 175 182 186 188 189 191 194 195 197 199 200 201 203 204 205 207 208 211 212 213 214 215 216 218 219 220 221
13  2 : 13 82
14  2 : 14 92
15  1 : 15
16  1 : 16
17  1 : 17
18  2 : 18 57
19  2 : 19 169
20  1 : 20
21  3 : 21 50 68
22  1 : 22
24  1 : 24
25  1 : 25
26  2 : 26 54
27  1 : 27
28  1 : 28
30  1 : 30
38  1 : 38
40  1 : 40
41  1 : 41
103  1 : 103
173  1 : 173
% end

% frame 75
% time 7.6
% start   7.6
% cluster-index, number-of-fibers : name-of-fibers
1  3 : 1 29 42
2  4 : 2 39 53 77
3  1 : 3
4  77 : 4 31 32 34 35 43 44 45 46 47 48 49 52 55 56 58 61 62 64 65 70 71 72 75 76 78 79 80 81 87 90 94 96 98 104 105 106 108 109 110 112 115 118 123 126 127 129 131 133 136 140 141 143 146 148 150 151 154 161 162 164 165 166 168 171 177 178 180 183 184 185 187 190 193 202 206 209
5  1 : 5
6  5 : 6 33 37 69 73
7  1 : 7
8  1 : 8
9  2 : 9 51
10  2 : 10 36
11  35 : 11 59 60 63 66 67 74 85 86 91 95 100 102 111 113 116 122 124 125 132 137 142 145 147 149 163 172 176 179 181 192 196 198 210 217
12  59 : 12 83 84 88 89 93 97 99 107 114 117 119 120 121 128 130 134 135 138 139 144 152 153 155 156 157 158 159 160 167 170 174 175 182 186 188 189 191 194 195 197 199 200 201 203 204 205 207 208 211 212 213 214 215 216 218 219 220 221
13  2 : 13 82
14  2 : 14 92
15  1 : 15
16  1 : 16
17  1 : 17
18  2 : 18 57
19  2 : 19 169
20  1 : 20
21  3 : 21 50 68
22  1 : 22
24  1 : 24
25  1 : 25
26  2 : 26 54
27  1 : 27
28  1 : 28
30  1 : 30
38  1 : 38
40  1 : 40
41  1 : 41
103  1 : 103
173  1 : 173
% end

% frame 76
% time 7.7
% start   7.7
% cluster-index, number-of-fibers : name-of-fibers
1  3 : 1 29 42
2  4 : 2 39 53 77
3  1 : 3
4  77 : 4 31 32 34 35 43 44 45 46 47 48 49 52 55 56 58 61 62 64 65 70 71 72 75 76 78 79 80 81 87 90 94 96 98 104 105 106 108 109 110 112 115 118 123 126 127 129 131 133 136 140 141 143 146 148 150 151 154 161 162 164 165 166 168 171 177 178 180 183 184 185 187 190 193 202 206 209
5  1 : 5
6  5 : 6 33 37 69 73
7  1 : 7
8  1 : 8
9  2 : 9 51
10  2 : 10 36
11  35 : 11 59 60 63 66 67 74 85 86 91 95 100 102 111 113 116 122 124 125 132 137 142 145 147 149 163 172 176 179 181 192 196 198 210 217
12  59 : 12 83 84 88 89 93 97 99 107 114 117 119 120 121 128 130 134 135 138 139 144 152 153 155 156 157 158 159 160 167 170 174 175 182 186 188 189 191 194 195 197 199 200 201 203 204 205 207 208 211 212 213 214 215 216 218 219 220 221
13  2 : 13 82
14  2 : 14 92
15  1 : 15
16  1 : 16
17  1 : 17
18  2 : 18 57
19  2 : 19 169
20  1 : 20
21  3 : 21 50 68
22  1 : 22
24  1 : 24
25  1 : 25
26  2 : 26 54
27  1 : 27
28  1 : 28
30  1 : 30
38  1 : 38
40  1 : 40
41  1 : 41
103  1 : 103
173  1 : 173
% end

% frame 77
% time 7.8
% start   7.8
% cluster-index, number-of-fibers : name-of-fibers
1  3 : 1 29 42
2  4 : 2 39 53 77
3  1 : 3
4  77 : 4 31 32 34 35 43 44 45 46 47 48 49 52 55 56 58 61 62 64 65 70 71 72 75 76 78 79 80 81 87 90 94 96 98 104 105 106 108 109 110 112 115 118 123 126 127 129 131 133 136 140 141 143 146 148 150 151 154 161 162 164 165 166 168 171 177 178 180 183 184 185 187 190 193 202 206 209
5  1 : 5
6  5 : 6 33 37 69 73
7  1 : 7
8  1 : 8
9  2 : 9 51
10  2 : 10 36
11  35 : 11 59 60 63 66 67 74 85 86 91 95 100 102 111 113 116 122 124 125 132 137 142 145 147 149 163 172 176 179 181 192 196 198 210 217
12  57 : 12 83 84 88 93 97 99 107 114 117 119 120 121 128 130 134 135 138 139 144 152 153 155 156 158 159 160 167 170 174 175 182 186 188 189 191 194 195 197 199 200 201 203 204 205 207 208 211 212 213 214 215 216 218 219 220 221
13  2 : 13 82
14  2 : 14 92
15  1 : 15
16  1 : 16
17  1 : 17
18  2 : 18 57
19  2 : 19 169
20  1 : 20
21  3 : 21 50 68
22  1 : 22
24  1 : 24
25  1 : 25
26  2 : 26 54
27  1 : 27
28  1 : 28
30  1 : 30
38  1 : 38
40  1 : 40
41  1 : 41
89  2 : 89 157
103  1 : 103
173  1 : 173
% end

% frame 78
% time 7.9
% start   7.9
% cluster-index, number-of-fibers : name-of-fibers
1  3 : 1 29 42
2  6 : 2 39 53 77 89 157
3  1 : 3
4  77 : 4 31 32 34 35 43 44 45 46 47 48 49 52 55 56 58 61 62 64 65 70 71 72 75 76 78 79 80 81 87 90 94 96 98 104 105 106 108 109 110 112 115 118 123 126 127 129 131 133 136 140 141 143 146 148 150 151 154 161 162 164 165 166 168 171 177 178 180 183 184 185 187 190 193 202 206 209
5  1 : 5
6  5 : 6 33 37 69 73
7  1 : 7
8  1 : 8
9  2 : 9 51
10  2 : 10 36
11  35 : 11 59 60 63 66 67 74 85 86 91 95 100 102 111 113 116 122 124 125 132 137 142 145 147 149 163 172 176 179 181 192 196 198 210 217
12  57 : 12 83 84 88 93 97 99 107 114 117 119 120 121 128 130 134 135 138 139 144 152 153 155 156 158 159 160 167 170 174 175 182 186 188 189 191 194 195 197 199 200 201 203 204 205 207 208 211 212 213 214 215 216 218 219 220 221
13  2 : 13 82
14  2 : 14 92
15  1 : 15
16  1 : 16
17  1 : 17
18  2 : 18 57
19  2 : 19 169
20  1 : 20
21  3 : 21 50 68
22  1 : 22
24  1 : 24
25  1 : 25
26  2 : 26 54
27  1 : 27
28  1 : 28
30  1 : 30
38  1 : 38
40  1 : 40
41  1 : 41
103  1 : 103
173  1 : 173
% end

% frame 79
% time 8
% start   8
% cluster-index, number-of-fibers : name-of-fibers
1  3 : 1 29 42
2  6 : 2 39 53 77 89 157
3  1 : 3
4  78 : 4 31 32 34 35 43 44 45 46 47 48 49 52 55 56 58 61 62 64 65 70 71 72 75 76 78 79 80 81 87 90 94 96 98 104 105 106 108 109 110 112 115 118 123 126 127 129 131 133 136 140 141 143 146 148 150 151 154 161 162 164 165 166 168 171 173 177 178 180 183 184 185 187 190 193 202 206 209
5  1 : 5
6  5 : 6 33 37 69 73
7  1 : 7
8  1 : 8
9  2 : 9 51
10  2 : 10 36
11  35 : 11 59 60 63 66 67 74 85 86 91 95 100 102 111 113 116 122 124 125 132 137 142 145 147 149 163 172 176 179 181 192 196 198 210 217
12  57 : 12 83 84 88 93 97 99 107 114 117 119 120 121 128 130 134 135 138 139 144 152 153 155 156 158 159 160 167 170 174 175 182 186 188 189 191 194 195 197 199 200 201 203 204 205 207 208 211 212 213 214 215 216 218 219 220 221
13  2 : 13 82
14  2 : 14 92
15  1 : 15
16  1 : 16
17  1 : 17
18  2 : 18 57
19  2 : 19 169
20  1 : 20
21  3 : 21 50 68
22  1 : 22
24  1 : 24
25  1 : 25
26  2 : 26 54
27  1 : 27
28  1 : 28
30  1 : 30
38  1 : 38
40  1 : 40
41  1 : 41
103  1 : 103
% end

% frame 80
% time 8.1
% start   8.1
% cluster-index, number-of-fibers : name-of-fibers
1  3 : 1 29 42
2  6 : 2 39 53 77 89 157
3  1 : 3
4  78 : 4 31 32 34 35 43 44 45 46 47 48 49 52 55 56 58 61 62 64 65 70 71 72 75 76 78 79 80 81 87 90 94 96 98 104 105 106 108 109 110 112 115 118 123 126 127 129 131 133 136 140 141 143 146 148 150 151 154 161 162 164 165 166 168 171 173 177 178 180 183 184 185 187 190 193 202 206 209
5  1 : 5
6  5 : 6 33 37 69 73
7  1 : 7
8  1 : 8
9  2 : 9 51
10  2 : 10 36
11  35 : 11 59 60 63 66 67 74 85 86 91 95 100 102 111 113 116 122 124 125 132 137 142 145 147 149 163 172 176 179 181 192 196 198 210 217
12  57 : 12 83 84 88 93 97 99 107 114 117 119 120 121 128 130 134 135 138 139 144 152 153 155 156 158 159 160 167 170 174 175 182 186 188 189 191 194 195 197 199 200 201 203 204 205 207 208 211 212 213 214 215 216 218 219 220 221
13  2 : 13 82
14  2 : 14 92
15  1 : 15
16  1 : 16
17  1 : 17
18  2 : 18 57
19  2 : 19 169
20  1 : 20
21  3 : 21 50 68
22  1 : 22
24  1 : 24
25  1 : 25
26  2 : 26 54
27  1 : 27
28  1 : 28
30  1 : 30
38  1 : 38
40  1 : 40
41  1 : 41
103  1 : 103
% end

% frame 81
% time 8.2
% start   8.2
% cluster-index, number-of-fibers : name-of-fibers
1  3 : 1 29 42
2  6 : 2 39 53 77 89 157
3  1 : 3
4  78 : 4 31 32 34 35 43 44 45 46 47 48 49 52 55 56 58 61 62 64 65 70 71 72 75 76 78 79 80 81 87 90 94 96 98 104 105 106 108 109 110 112 115 118 123 126 127 129 131 133 136 140 141 143 146 148 150 151 154 161 162 164 165 166 168 171 173 177 178 180 183 184 185 187 190 193 202 206 209
5  1 : 5
6  5 : 6 33 37 69 73
7  1 : 7
8  1 : 8
9  2 : 9 51
10  2 : 10 36
11  35 : 11 59 60 63 66 67 74 85 86 91 95 100 102 111 113 116 122 124 125 132 137 142 145 147 149 163 172 176 179 181 192 196 198 210 217
12  58 : 12 83 84 88 93 97 99 107 114 117 119 120 121 128 130 134 135 138 139 144 152 153 155 156 158 159 160 167 170 174 175 182 186 188 189 191 194 195 197 199 200 201 203 204 205 207 208 211 212 213 214 215 216 218 219 220 221 222
13  2 : 13 82
14  2 : 14 92
15  1 : 15
16  1 : 16
17  1 : 17
18  2 : 18 57
19  2 : 19 169
20  1 : 20
21  3 : 21 50 68
22  1 : 22
24  1 : 24
25  1 : 25
26  2 : 26 54
27  1 : 27
28  1 : 28
30  1 : 30
38  1 : 38
40  1 : 40
41  1 : 41
103  1 : 103
% end

% frame 82
% time 8.3
% start   8.3
% cluster-index, number-of-fibers : name-of-fibers
1  3 : 1 29 42
2  6 : 2 39 53 77 89 157
3  1 : 3
4  78 : 4 31 32 34 35 43 44 45 46 47 48 49 52 55 56 58 61 62 64 65 70 71 72 75 76 78 79 80 81 87 90 94 96 98 104 105 106 108 109 110 112 115 118 123 126 127 129 131 133 136 140 141 143 146 148 150 151 154 161 162 164 165 166 168 171 173 177 178 180 183 184 185 187 190 193 202 206 209
5  1 : 5
6  5 : 6 33 37 69 73
7  1 : 7
8  1 : 8
9  2 : 9 51
10  2 : 10 36
11  35 : 11 59 60 63 66 67 74 85 86 91 95 100 102 111 113 116 122 124 125 132 137 142 145 147 149 163 172 176 179 181 192 196 198 210 217
12  58 : 12 83 84 88 93 97 99 107 114 117 119 120 121 128 130 134 135 138 139 144 152 153 155 156 158 159 160 167 170 174 175 182 186 188 189 191 194 195 197 199 200 201 203 204 205 207 208 211 212 213 214 215 216 218 219 220 221 222
13  2 : 13 82
14  2 : 14 92
15  1 : 15
16  1 : 16
17  1 : 17
18  2 : 18 57
19  2 : 19 169
20  1 : 20
21  3 : 21 50 68
22  1 : 22
24  1 : 24
25  1 : 25
26  2 : 26 54
27  1 : 27
28  1 : 28
30  1 : 30
38  1 : 38
40  1 : 40
41  1 : 41
103  1 : 103
% end

% frame 83
% time 8.4
% start   8.4
% cluster-index, number-of-fibers : name-of-fibers
1  3 : 1 29 42
2  6 : 2 39 53 77 89 157
3  1 : 3
4  78 : 4 31 32 34 35 43 44 45 46 47 48 49 52 55 56 58 61 62 64 65 70 71 72 75 76 78 79 80 81 87 90 94 96 98 104 105 106 108 109 110 112 115 118 123 126 127 129 131 133 136 140 141 143 146 148 150 151 154 161 162 164 165 166 168 171 173 177 178 180 183 184 185 187 190 193 202 206 209
5  1 : 5
6  5 : 6 33 37 69 73
7  1 : 7
8  1 : 8
9  2 : 9 51
10  2 : 10 36
11  35 : 11 59 60 63 66 67 74 85 86 91 95 100 102 111 113 116 122 124 125 132 137 142 145 147 149 163 172 176 179 181 192 196 198 210 217
12  58 : 12 83 84 88 93 97 99 107 114 117 119 120 121 128 130 134 135 138 139 144 152 153 155 156 158 159 160 167 170 174 175 182 186 188 189 191 194 195 197 199 200 201 203 204 205 207 208 211 212 213 214 215 216 218 219 220 221 222
13  2 : 13 82
14  2 : 14 92
15  1 : 15
16  1 : 16
17  1 : 17
18  2 : 18 57
19  2 : 19 169
20  1 : 20
21  3 : 21 50 68
22  1 : 22
24  1 : 24
25  1 : 25
26  2 : 26 54
27  1 : 27
28  1 : 28
30  1 : 30
38  1 : 38
40  1 : 40
41  1 : 41
103  1 : 103
% end

% frame 84
% time 8.5
% start   8.5
% cluster-index, number-of-fibers : name-of-fibers
1  3 : 1 29 42
2  6 : 2 39 53 77 89 157
3  1 : 3
4  78 : 4 31 32 34 35 43 44 45 46 47 48 49 52 55 56 58 61 62 64 65 70 71 72 75 76 78 79 80 81 87 90 94 96 98 104 105 106 108 109 110 112 115 118 123 126 127 129 131 133 136 140 141 143 146 148 150 151 154 161 162 164 165 166 168 171 173 177 178 180 183 184 185 187 190 193 202 206 209
5  1 : 5
6  5 : 6 33 37 69 73
7  1 : 7
8  1 : 8
9  2 : 9 51
10  2 : 10 36
11  35 : 11 59 60 63 66 67 74 85 86 91 95 100 102 111 113 116 122 124 125 132 137 142 145 147 149 163 172 176 179 181 192 196 198 210 217
12  58 : 12 83 84 88 93 97 99 107 114 117 119 120 121 128 130 134 135 138 139 144 152 153 155 156 158 159 160 167 170 174 175 182 186 188 189 191 194 195 197 199 200 201 203 204 205 207 208 211 212 213 214 215 216 218 219 220 221 222
13  2 : 13 82
14  2 : 14 92
15  1 : 15
16  1 : 16
17  1 : 17
18  2 : 18 57
19  2 : 19 169
20  1 : 20
21  3 : 21 50 68
22  1 : 22
24  1 : 24
25  1 : 25
26  2 : 26 54
27  1 : 27
28  1 : 28
30  1 : 30
38  1 : 38
40  1 : 40
41  1 : 41
103  1 : 103
% end

% frame 85
% time 8.6
% start   8.6
% cluster-index, number-of-fibers : name-of-fibers
1  3 : 1 29 42
2  6 : 2 39 53 77 89 157
3  1 : 3
4  78 : 4 31 32 34 35 43 44 45 46 47 48 49 52 55 56 58 61 62 64 65 70 71 72 75 76 78 79 80 81 87 90 94 96 98 104 105 106 108 109 110 112 115 118 123 126 127 129 131 133 136 140 141 143 146 148 150 151 154 161 162 164 165 166 168 171 173 177 178 180 183 184 185 187 190 193 202 206 209
5  1 : 5
6  5 : 6 33 37 69 73
7  1 : 7
8  1 : 8
9  2 : 9 51
10  2 : 10 36
11  35 : 11 59 60 63 66 67 74 85 86 91 95 100 102 111 113 116 122 124 125 132 137 142 145 147 149 163 172 176 179 181 192 196 198 210 217
12  58 : 12 83 84 88 93 97 99 107 114 117 119 120 121 128 130 134 135 138 139 144 152 153 155 156 158 159 160 167 170 174 175 182 186 188 189 191 194 195 197 199 200 201 203 204 205 207 208 211 212 213 214 215 216 218 219 220 221 222
13  2 : 13 82
14  2 : 14 92
15  1 : 15
16  1 : 16
17  1 : 17
18  2 : 18 57
19  2 : 19 169
20  1 : 20
21  3 : 21 50 68
22  1 : 22
24  1 : 24
25  1 : 25
26  2 : 26 54
27  1 : 27
28  1 : 28
30  1 : 30
38  1 : 38
40  1 : 40
41  1 : 41
103  1 : 103
% end

% frame 86
% time 8.7
% start   8.7
% cluster-index, number-of-fibers : name-of-fibers
1  3 : 1 29 42
2  6 : 2 39 53 77 89 157
3  1 : 3
4  78 : 4 31 32 34 35 43 44 45 46 47 48 49 52 55 56 58 61 62 64 65 70 71 72 75 76 78 79 80 81 87 90 94 96 98 104 105 106 108 109 110 112 115 118 123 126 127 129 131 133 136 140 141 143 146 148 150 151 154 161 162 164 165 166 168 171 173 177 178 180 183 184 185 187 190 193 202 206 209
5  1 : 5
6  5 : 6 33 37 69 73
7  1 : 7
8  1 : 8
9  2 : 9 51
10  2 : 10 36
11  35 : 11 59 60 63 66 67 74 85 86 91 95 100 102 111 113 116 122 124 125 132 137 142 145 147 149 163 172 176 179 181 192 196 198 210 217
12  58 : 12 83 84 88 93 97 99 107 114 117 119 120 121 128 130 134 135 138 139 144 152 153 155 156 158 159 160 167 170 174 175 182 186 188 189 191 194 195 197 199 200 201 203 204 205 207 208 211 212 213 214 215 216 218 219 220 221 222
13  2 : 13 82
14  2 : 14 92
15  1 : 15
16  1 : 16
17  1 : 17
18  2 : 18 57
19  2 : 19 169
20  1 : 20
21  3 : 21 50 68
22  1 : 22
24  1 : 24
25  1 : 25
26  2 : 26 54
27  1 : 27
28  1 : 28
30  1 : 30
38  1 : 38
40  1 : 40
41  1 : 41
103  1 : 103
% end

% frame 87
% time 8.8
% start   8.8
% cluster-index, number-of-fibers : name-of-fibers
1  3 : 1 29 42
2  6 : 2 39 53 77 89 157
3  1 : 3
4  78 : 4 31 32 34 35 43 44 45 46 47 48 49 52 55 56 58 61 62 64 65 70 71 72 75 76 78 79 80 81 87 90 94 96 98 104 105 106 108 109 110 112 115 118 123 126 127 129 131 133 136 140 141 143 146 148 150 151 154 161 162 164 165 166 168 171 173 177 178 180 183 184 185 187 190 193 202 206 209
5  1 : 5
6  5 : 6 33 37 69 73
7  1 : 7
8  1 : 8
9  2 : 9 51
10  2 : 10 36
11  35 : 11 59 60 63 66 67 74 85 86 91 95 100 102 111 113 116 122 124 125 132 137 142 145 147 149 163 172 176 179 181 192 196 198 210 217
12  59 : 12 83 84 88 93 97 99 107 114 117 119 120 121 128 130 134 135 138 139 144 152 153 155 156 158 159 160 167 170 174 175 182 186 188 189 191 194 195 197 199 200 201 203 204 205 207 208 211 212 213 214 215 216 218 219 220 221 222 223
13  2 : 13 82
14  2 : 14 92
15  1 : 15
16  1 : 16
17  1 : 17
18  2 : 18 57
19  2 : 19 169
20  1 : 20
21  3 : 21 50 68
22  1 : 22
24  1 : 24
25  1 : 25
26  2 : 26 54
27  1 : 27
28  1 : 28
30  1 : 30
38  1 : 38
40  1 : 40
41  1 : 41
103  1 : 103
% end

% frame 88
% time 8.9
% start   8.9
% cluster-index, number-of-fibers : name-of-fibers
1  3 : 1 29 42
2  6 : 2 39 53 77 89 157
3  1 : 3
4  78 : 4 31 32 34 35 43 44 45 46 47 48 49 52 55 56 58 61 62 64 65 70 71 72 75 76 78 79 80 81 87 90 94 96 98 104 105 106 108 109 110 112 115 118 123 126 127 129 131 133 136 140 141 143 146 148 150 151 154 161 162 164 165 166 168 171 173 177 178 180 183 184 185 187 190 193 202 206 209
5  1 : 5
6  5 : 6 33 37 69 73
7  1 : 7
8  1 : 8
9  2 : 9 51
10  2 : 10 36
11  35 : 11 59 60 63 66 67 74 85 86 91 95 100 102 111 113 116 122 124 125 132 137 142 145 147 149 163 172 176 179 181 192 196 198 210 217
12  59 : 12 83 84 88 93 97 99 107 114 117 119 120 121 128 130 134 135 138 139 144 152 153 155 156 158 159 160 167 170 174 175 182 186 188 189 191 194 195 197 199 200 201 203 204 205 207 208 211 212 213 214 215 216 218 219 220 221 222 223
13  2 : 13 82
14  2 : 14 92
15  1 : 15
16  1 : 16
17  1 : 17
18  2 : 18 57
19  2 : 19 169
20  1 : 20
21  3 : 21 50 68
22  1 : 22
24  1 : 24
25  1 : 25
26  2 : 26 54
27  1 : 27
28  1 : 28
30  1 : 30
38  1 : 38
40  1 : 40
41  1 : 41
103  1 : 103
% end

% frame 89
% time 9
% start   9
% cluster-index, number-of-fibers : name-of-fibers
1  3 : 1 29 42
2  6 : 2 39 53 77 89 157
3  1 : 3
4  78 : 4 31 32 34 35 43 44 45 46 47 48 49 52 55 56 58 61 62 64 65 70 71 72 75 76 78 79 80 81 87 90 94 96 98 104 105 106 108 109 110 112 115 118 123 126 127 129 131 133 136 140 141 143 146 148 150 151 154 161 162 164 165 166 168 171 173 177 178 180 183 184 185 187 190 193 202 206 209
5  1 : 5
6  5 : 6 33 37 69 73
7  1 : 7
8  1 : 8
9  2 : 9 51
10  2 : 10 36
11  35 : 11 59 60 63 66 67 74 85 86 91 95 100 102 111 113 116 122 124 125 132 137 142 145 147 149 163 172 176 179 181 192 196 198 210 217
12  59 : 12 83 84 88 93 97 99 107 114 117 119 120 121 128 130 134 135 138 139 144 152 153 155 156 158 159 160 167 170 174 175 182 186 188 189 191 194 195 197 199 200 201 203 204 205 207 208 211 212 213 214 215 216 218 219 220 221 222 223
13  2 : 13 82
14  2 : 14 92
15  1 : 15
16  1 : 16
17  1 : 17
18  2 : 18 57
19  2 : 19 169
20  1 : 20
21  3 : 21 50 68
22  1 : 22
24  1 : 24
25  1 : 25
26  2 : 26 54
27  1 : 27
28  1 : 28
30  1 : 30
38  1 : 38
40  1 : 40
41  1 : 41
103  1 : 103
% end

% frame 90
% time 9.1
% start   9.1
% cluster-index, number-of-fibers : name-of-fibers
1  3 : 1 29 42
2  6 : 2 39 53 77 89 157
3  1 : 3
4  78 : 4 31 32 34 35 43 44 45 46 47 48 49 52 55 56 58 61 62 64 65 70 71 72 75 76 78 79 80 81 87 90 94 96 98 104 105 106 108 109 110 112 115 118 123 126 127 129 131 133 136 140 141 143 146 148 150 151 154 161 162 164 165 166 168 171 173 177 178 180 183 184 185 187 190 193 202 206 209
5  1 : 5
6  5 : 6 33 37 69 73
7  1 : 7
8  1 : 8
9  2 : 9 51
10  2 : 10 36
11  35 : 11 59 60 63 66 67 74 85 86 91 95 100 102 111 113 116 122 124 125 132 137 142 145 147 149 163 172 176 179 181 192 196 198 210 217
12  59 : 12 83 84 88 93 97 99 107 114 117 119 120 121 128 130 134 135 138 139 144 152 153 155 156 158 159 160 167 170 174 175 182 186 188 189 191 194 195 197 199 200 201 203 204 205 207 208 211 212 213 214 215 216 218 219 220 221 222 223
13  2 : 13 82
14  2 : 14 92
15  1 : 15
16  1 : 16
17  1 : 17
18  2 : 18 57
19  2 : 19 169
20  1 : 20
21  3 : 21 50 68
22  1 : 22
24  1 : 24
25  1 : 25
26  2 : 26 54
27  1 : 27
28  1 : 28
30  1 : 30
38  1 : 38
40  1 : 40
41  1 : 41
103  1 : 103
% end

% frame 91
% time 9.2
% start   9.2
% cluster-index, number-of-fibers : name-of-fibers
1  3 : 1 29 42
2  6 : 2 39 53 77 89 157
3  1 : 3
4  78 : 4 31 32 34 35 43 44 45 46 47 48 49 52 55 56 58 61 62 64 65 70 71 72 75 76 78 79 80 81 87 90 94 96 98 104 105 106 108 109 110 112 115 118 123 126 127 129 131 133 136 140 141 143 146 148 150 151 154 161 162 164 165 166 168 171 173 177 178 180 183 184 185 187 190 193 202 206 209
5  1 : 5
6  5 : 6 33 37 69 73
7  1 : 7
8  1 : 8
9  2 : 9 51
10  2 : 10 36
11  35 : 11 59 60 63 66 67 74 85 86 91 95 100 102 111 113 116 122 124 125 132 137 142 145 147 149 163 172 176 179 181 192 196 198 210 217
12  59 : 12 83 84 88 93 97 99 107 114 117 119 120 121 128 130 134 135 138 139 144 152 153 155 156 158 159 160 167 170 174 175 182 186 188 189 191 194 195 197 199 200 201 203 204 205 207 208 211 212 213 214 215 216 218 219 220 221 222 223
13  2 : 13 82
14  2 : 14 92
15  1 : 15
16  1 : 16
17  1 : 17
18  2 : 18 57
19  2 : 19 169
20  1 : 20
21  3 : 21 50 68
22  1 : 22
24  1 : 24
25  1 : 25
26  2 : 26 54
27  1 : 27
28  1 : 28
30  1 : 30
38  1 : 38
40  1 : 40
41  1 : 41
103  1 : 103
% end

% frame 92
% time 9.3
% start   9.3
% cluster-index, number-of-fibers : name-of-fibers
1  3 : 1 29 42
2  6 : 2 39 53 77 89 157
3  1 : 3
4  77 : 4 31 32 34 35 43 44 45 46 47 48 49 52 55 56 58 61 62 64 65 70 71 72 75 76 78 79 80 81 87 90 94 96 98 104 105 106 108 109 110 112 115 118 123 126 127 129 131 133 136 140 141 143 146 148 150 151 154 161 162 164 165 166 171 173 177 178 180 183 184 185 187 190 193 202 206 209
5  1 : 5
6  5 : 6 33 37 69 73
7  1 : 7
8  1 : 8
9  2 : 9 51
10  2 : 10 36
11  35 : 11 59 60 63 66 67 74 85 86 91 95 100 102 111 113 116 122 124 125 132 137 142 145 147 149 163 172 176 179 181 192 196 198 210 217
12  59 : 12 83 84 88 93 97 99 107 114 117 119 120 121 128 130 134 135 138 139 144 152 153 155 156 158 159 160 167 170 174 175 182 186 188 189 191 194 195 197 199 200 201 203 204 205 207 208 211 212 213 214 215 216 218 219 220 221 222 223
13  2 : 13 82
14  2 : 14 92
15  1 : 15
16  1 : 16
17  1 : 17
18  2 : 18 57
19  2 : 19 169
20  1 : 20
21  3 : 21 50 68
22  1 : 22
24  1 : 24
25  1 : 25
26  2 : 26 54
27  1 : 27
28  1 : 28
30  1 : 30
38  1 : 38
40  1 : 40
41  1 : 41
103  1 : 103
168  1 : 168
% end

% frame 93
% time 9.4
% start   9.4
% cluster-index, number-of-fibers : name-of-fibers
1  3 : 1 29 42
2  6 : 2 39 53 77 89 157
3  1 : 3
4  77 : 4 31 32 34 35 43 44 45 46 47 48 49 52 55 56 58 61 62 64 65 70 71 72 75 76 78 79 80 81 87 90 94 96 98 104 105 106 108 109 110 112 115 118 123 126 127 129 131 133 136 140 141 143 146 148 150 151 154 161 162 164 165 166 171 173 177 178 180 183 184 185 187 190 193 202 206 209
5  1 : 5
6  5 : 6 33 37 69 73
7  1 : 7
8  1 : 8
9  2 : 9 51
10  2 : 10 36
11  35 : 11 59 60 63 66 67 74 85 86 91 95 100 102 111 113 116 122 124 125 132 137 142 145 147 149 163 172 176 179 181 192 196 198 210 217
12  59 : 12 83 84 88 93 97 99 107 114 117 119 120 121 128 130 134 135 138 139 144 152 153 155 156 158 159 160 167 170 174 175 182 186 188 189 191 194 195 197 199 200 201 203 204 205 207 208 211 212 213 214 215 216 218 219 220 221 222 223
13  2 : 13 82
14  2 : 14 92
15  1 : 15
16  1 : 16
17  1 : 17
18  2 : 18 57
19  2 : 19 169
20  1 : 20
21  3 : 21 50 68
22  1 : 22
24  1 : 24
25  1 : 25
26  2 : 26 54
27  1 : 27
28  1 : 28
30  1 : 30
38  1 : 38
40  1 : 40
41  1 : 41
103  1 : 103
168  1 : 168
% end

% frame 94
% time 9.5
% start   9.5
% cluster-index, number-of-fibers : name-of-fibers
1  3 : 1 29 42
2  6 : 2 39 53 77 89 157
3  1 : 3
4  77 : 4 31 32 34 35 43 44 45 46 47 48 49 52 55 56 58 61 62 64 65 70 71 72 75 76 78 79 80 81 87 90 94 96 98 104 105 106 108 109 110 112 115 118 123 126 127 129 131 133 136 140 141 143 146 148 150 151 154 161 162 164 165 166 171 173 177 178 180 183 184 185 187 190 193 202 206 209
5  1 : 5
6  5 : 6 33 37 69 73
7  1 : 7
8  1 : 8
9  2 : 9 51
10  2 : 10 36
11  35 : 11 59 60 63 66 67 74 85 86 91 95 100 102 111 113 116 122 124 125 132 137 142 145 147 149 163 172 176 179 181 192 196 198 210 217
12  59 : 12 83 84 88 93 97 99 107 114 117 119 120 121 128 130 134 135 138 139 144 152 153 155 156 158 159 160 167 170 174 175 182 186 188 189 191 194 195 197 199 200 201 203 204 205 207 208 211 212 213 214 215 216 218 219 220 221 222 223
13  2 : 13 82
14  2 : 14 92
15  1 : 15
16  1 : 16
17  1 : 17
18  2 : 18 57
19  2 : 19 169
20  1 : 20
21  3 : 21 50 68
22  1 : 22
24  1 : 24
25  1 : 25
26  2 : 26 54
27  1 : 27
28  1 : 28
30  1 : 30
38  1 : 38
40  1 : 40
41  1 : 41
103  1 : 103
168  1 : 168
% end

% frame 95
% time 9.6
% start   9.6
% cluster-index, number-of-fibers : name-of-fibers
1  3 : 1 29 42
2  6 : 2 39 53 77 89 157
3  1 : 3
4  77 : 4 31 32 34 35 43 44 45 46 47 48 49 52 55 56 58 61 62 64 65 70 71 72 75 76 78 79 80 81 87 90 94 96 98 104 105 106 108 109 110 112 115 118 123 126 127 129 131 133 136 140 141 143 146 148 150 151 154 161 162 164 165 166 171 173 177 178 180 183 184 185 187 190 193 202 206 209
5  1 : 5
6  5 : 6 33 37 69 73
7  1 : 7
8  1 : 8
9  2 : 9 51
10  2 : 10 36
11  35 : 11 59 60 63 66 67 74 85 86 91 95 100 102 111 113 116 122 124 125 132 137 142 145 147 149 163 172 176 179 181 192 196 198 210 217
12  59 : 12 83 84 88 93 97 99 107 114 117 119 120 121 128 130 134 135 138 139 144 152 153 155 156 158 159 160 167 170 174 175 182 186 188 189 191 194 195 197 199 200 201 203 204 205 207 208 211 212 213 214 215 216 218 219 220 221 222 223
13  2 : 13 82
14  2 : 14 92
15  1 : 15
16  1 : 16
17  1 : 17
18  2 : 18 57
19  2 : 19 169
20  1 : 20
21  3 : 21 50 68
22  1 : 22
24  1 : 24
25  1 : 25
26  2 : 26 54
27  1 : 27
28  1 : 28
30  1 : 30
38  1 : 38
40  1 : 40
41  1 : 41
103  1 : 103
168  1 : 168
% end

% frame 96
% time 9.7
% start   9.7
% cluster-index, number-of-fibers : name-of-fibers
1  3 : 1 29 42
2  6 : 2 39 53 77 89 157
3  1 : 3
4  77 : 4 31 32 34 35 43 44 45 46 47 48 49 52 55 56 58 61 62 64 65 70 71 72 75 76 78 79 80 81 87 90 94 96 98 104 105 106 108 109 110 112 115 118 123 126 127 129 131 133 136 140 141 143 146 148 150 151 154 161 162 164 165 166 171 173 177 178 180 183 184 185 187 190 193 202 206 209
5  1 : 5
6  5 : 6 33 37 69 73
7  1 : 7
8  1 : 8
9  2 : 9 51
10  2 : 10 36
11  23 : 11 59 60 63 66 67 74 85 86 91 95 100 111 113 122 124 125 142 176 192 196 198 217
12  59 : 12 83 84 88 93 97 99 107 114 117 119 120 121 128 130 134 135 138 139 144 152 153 155 156 158 159 160 167 170 174 175 182 186 188 189 191 194 195 197 199 200 201 203 204 205 207 208 211 212 213 214 215 216 218 219 220 221 222 223
13  2 : 13 82
14  2 : 14 92
15  1 : 15
16  1 : 16
17  1 : 17
18  2 : 18 57
19  2 : 19 169
20  1 : 20
21  3 : 21 50 68
22  1 : 22
24  1 : 24
25  1 : 25
26  2 : 26 54
27  1 : 27
28  1 : 28
30  1 : 30
38  1 : 38
40  1 : 40
41  1 : 41
102  12 : 102 116 132 137 145 147 149 163 172 179 181 210
103  1 : 103
168  1 : 168
% end

% frame 97
% time 9.8
% start   9.8
% cluster-index, number-of-fibers : name-of-fibers
1  3 : 1 29 42
2  6 : 2 39 53 77 89 157
3  1 : 3
4  77 : 4 31 32 34 35 43 44 45 46 47 48 49 52 55 56 58 61 62 64 65 70 71 72 75 76 78 79 80 81 87 90 94 96 98 104 105 106 108 109 110 112 115 118 123 126 127 129 131 133 136 140 141 143 146 148 150 151 154 161 162 164 165 166 171 173 177 178 180 183 184 185 187 190 193 202 206 209
5  1 : 5
6  5 : 6 33 37 69 73
7  1 : 7
8  1 : 8
9  2 : 9 51
10  2 : 10 36
11  23 : 11 59 60 63 66 67 74 85 86 91 95 100 111 113 122 124 125 142 176 192 196 198 217
12  59 : 12 83 84 88 93 97 99 107 114 117 119 120 121 128 130 134 135 138 139 144 152 153 155 156 158 159 160 167 170 174 175 182 186 188 189 191 194 195 197 199 200 201 203 204 205 207 208 211 212 213 214 215 216 218 219 220 221 222 223
13  2 : 13 82
14  2 : 14 92
15  1 : 15
16  1 : 16
17  1 : 17
18  2 : 18 57
19  2 : 19 169
20  1 : 20
21  3 : 21 50 68
22  1 : 22
24  1 : 24
25  1 : 25
26  2 : 26 54
27  1 : 27
28  1 : 28
30  1 : 30
38  1 : 38
40  1 : 40
41  1 : 41
102  12 : 102 116 132 137 145 147 149 163 172 179 181 210
103  1 : 103
168  1 : 168
% end

% frame 98
% time 9.9
% start   9.9
% cluster-index, number-of-fibers : name-of-fibers
1  3 : 1 29 42
2  6 : 2 39 53 77 89 157
3  1 : 3
4  77 : 4 31 32 34 35 43 44 45 46 47 48 49 52 55 56 58 61 62 64 65 70 71 72 75 76 78 79 80 81 87 90 94 96 98 104 105 106 108 109 110 112 115 118 123 126 127 129 131 133 136 140 141 143 146 148 150 151 154 161 162 164 165 166 171 173 177 178 180 183 184 185 187 190 193 202 206 209
5  1 : 5
6  5 : 6 33 37 69 73
7  1 : 7
8  1 : 8
9  2 : 9 51
10  2 : 10 36
11  23 : 11 59 60 63 66 67 74 85 86 91 95 100 111 113 122 124 125 142 176 192 196 198 217
12  59 : 12 83 84 88 93 97 99 107 114 117 119 120 121 128 130 134 135 138 139 144 152 153 155 156 158 159 160 167 170 174 175 182 186 188 189 191 194 195 197 199 200 201 203 204 205 207 208 211 212 213 214 215 216 218 219 220 221 222 223
13  2 : 13 82
14  2 : 14 92
15  1 : 15
16  1 : 16
17  1 : 17
18  2 : 18 57
19  2 : 19 169
20  1 : 20
21  3 : 21 50 68
22  1 : 22
24  1 : 24
25  1 : 25
26  2 : 26 54
27  1 : 27
28  1 : 28
30  1 : 30
38  1 : 38
40  1 : 40
41  1 : 41
102  12 : 102 116 132 137 145 147 149 163 172 179 181 210
103  1 : 103
168  1 : 168
% end

% frame 99
% time 10
% start   10
% cluster-index, number-of-fibers : name-of-fibers
1  3 : 1 29 42
2  6 : 2 39 53 77 89 157
3  1 : 3
4  77 : 4 31 32 34 35 43 44 45 46 47 48 49 52 55 56 58 61 62 64 65 70 71 72 75 76 78 79 80 81 87 90 94 96 98 104 105 106 108 109 110 112 115 118 123 126 127 129 131 133 136 140 141 143 146 148 150 151 154 161 162 164 165 166 171 173 177 178 180 183 184 185 187 190 193 202 206 209
5  1 : 5
6  5 : 6 33 37 69 73
7  1 : 7
8  1 : 8
9  2 : 9 51
10  2 : 10 36
11  23 : 11 59 60 63 66 67 74 85 86 91 95 100 111 113 122 124 125 142 176 192 196 198 217
12  59 : 12 83 84 88 93 97 99 107 114 117 119 120 121 128 130 134 135 138 139 144 152 153 155 156 158 159 160 167 170 174 175 182 186 188 189 191 194 195 197 199 200 201 203 204 205 207 208 211 212 213 214 215 216 218 219 220 221 222 223
13  2 : 13 82
14  2 : 14 92
15  1 : 15
16  1 : 16
17  1 : 17
18  2 : 18 57
19  2 : 19 169
20  1 : 20
21  3 : 21 50 68
22  1 : 22
24  1 : 24
25  1 : 25
26  2 : 26 54
27  1 : 27
28  1 : 28
30  1 : 30
38  1 : 38
40  1 : 40
41  1 : 41
102  12 : 102 116 132 137 145 147 149 163 172 179 181 210
103  1 : 103
168  1 : 168
% end

% frame 100
% time 10.1
% start   10.1
% cluster-index, number-of-fibers : name-of-fibers
1  3 : 1 29 42
2  6 : 2 39 53 77 89 157
3  1 : 3
4  77 : 4 31 32 34 35 43 44 45 46 47 48 49 52 55 56 58 61 62 64 65 70 71 72 75 76 78 79 80 81 87 90 94 96 98 104 105 106 108 109 110 112 115 118 123 126 127 129 131 133 136 140 141 143 146 148 150 151 154 161 162 164 165 166 171 173 177 178 180 183 184 185 187 190 193 202 206 209
5  1 : 5
6  5 : 6 33 37 69 73
7  1 : 7
8  1 : 8
9  2 : 9 51
10  2 : 10 36
11  23 : 11 59 60 63 66 67 74 85 86 91 95 100 111 113 122 124 125 142 176 192 196 198 217
12  60 : 12 83 84 88 93 97 99 107 114 117 119 120 121 128 130 134 135 138 139 144 152 153 155 156 158 159 160 167 170 174 175 182 186 188 189 191 194 195 197 199 200 201 203 204 205 207 208 211 212 213 214 215 216 218 219 220 221 222 223 224
13  2 : 13 82
14  2 : 14 92
15  1 : 15
16  1 : 16
17  1 : 17
18  2 : 18 57
19  2 : 19 169
20  1 : 20
21  3 : 21 50 68
22  1 : 22
24  1 : 24
25  1 : 25
26  2 : 26 54
27  1 : 27
28  1 : 28
30  1 : 30
38  1 : 38
40  1 : 40
41  1 : 41
102  12 : 102 116 132 137 145 147 149 163 172 179 181 210
103  1 : 103
168  1 : 168
% end

% frame 101
% time 10.2
% start   10.2
% cluster-index, number-of-fibers : name-of-fibers
1  3 : 1 29 42
2  6 : 2 39 53 77 89 157
3  1 : 3
4  77 : 4 31 32 34 35 43 44 45 46 47 48 49 52 55 56 58 61 62 64 65 70 71 72 75 76 78 79 80 81 87 90 94 96 98 104 105 106 108 109 110 112 115 118 123 126 127 129 131 133 136 140 141 143 146 148 150 151 154 161 162 164 165 166 171 173 177 178 180 183 184 185 187 190 193 202 206 209
5  1 : 5
6  5 : 6 33 37 69 73
7  1 : 7
8  1 : 8
9  2 : 9 51
10  2 : 10 36
11  23 : 11 59 60 63 66 67 74 85 86 91 95 100 111 113 122 124 125 142 176 192 196 198 217
12  60 : 12 83 84 88 93 97 99 107 114 117 119 120 121 128 130 134 135 138 139 144 152 153 155 156 158 159 160 167 170 174 175 182 186 188 189 191 194 195 197 199 200 201 203 204 205 207 208 211 212 213 214 215 216 218 219 220 221 222 223 224
13  2 : 13 82
14  2 : 14 92
15  1 : 15
16  1 : 16
17  1 : 17
18  2 : 18 57
19  2 : 19 169
20  1 : 20
21  3 : 21 50 68
22  1 : 22
24  1 : 24
25  1 : 25
26  2 : 26 54
27  1 : 27
28  1 : 28
30  1 : 30
38  1 : 38
40  1 : 40
41  1 : 41
102  12 : 102 116 132 137 145 147 149 163 172 179 181 210
103  1 : 103
168  1 : 168
% end

% frame 102
% time 10.3
% start   10.3
% cluster-index, number-of-fibers : name-of-fibers
1  3 : 1 29 42
2  6 : 2 39 53 77 89 157
3  1 : 3
4  77 : 4 31 32 34 35 43 44 45 46 47 48 49 52 55 56 58 61 62 64 65 70 71 72 75 76 78 79 80 81 87 90 94 96 98 104 105 106 108 109 110 112 115 118 123 126 127 129 131 133 136 140 141 143 146 148 150 151 154 161 162 164 165 166 171 173 177 178 180 183 184 185 187 190 193 202 206 209
5  1 : 5
6  5 : 6 33 37 69 73
7  1 : 7
8  1 : 8
9  2 : 9 51
10  2 : 10 36
11  23 : 11 59 60 63 66 67 74 85 86 91 95 100 111 113 122 124 125 142 176 192 196 198 217
12  60 : 12 83 84 88 93 97 99 107 114 117 119 120 121 128 130 134 135 138 139 144 152 153 155 156 158 159 160 167 170 174 175 182 186 188 189 191 194 195 197 199 200 201 203 204 205 207 208 211 212 213 214 215 216 218 219 220 221 222 223 224
13  2 : 13 82
14  2 : 14 92
15  1 : 15
16  1 : 16
17  1 : 17
18  2 : 18 57
19  2 : 19 169
20  1 : 20
21  3 : 21 50 68
22  1 : 22
24  1 : 24
25  1 : 25
26  2 : 26 54
27  1 : 27
28  1 : 28
30  1 : 30
38  1 : 38
40  1 : 40
41  1 : 41
102  12 : 102 116 132 137 145 147 149 163 172 179 181 210
103  1 : 103
168  1 : 168
% end

