% frame 0
% time 0.1
% start   0.1
% cluster-index, number-of-fibers : name-of-fibers
1  1 : 1
2  1 : 2
3  1 : 3
4  1 : 4
5  1 : 5
6  1 : 6
7  1 : 7
8  1 : 8
9  1 : 9
10  1 : 10
11  1 : 11
12  1 : 12
% end

% frame 1
% time 0.2
% start   0.2
% cluster-index, number-of-fibers : name-of-fibers
1  1 : 1
2  1 : 2
3  1 : 3
4  1 : 4
5  1 : 5
6  1 : 6
7  1 : 7
8  1 : 8
9  1 : 9
10  1 : 10
11  1 : 11
12  1 : 12
13  1 : 13
14  1 : 14
15  1 : 15
16  1 : 16
17  1 : 17
18  1 : 18
19  1 : 19
20  1 : 20
21  1 : 21
22  1 : 22
% end

% frame 2
% time 0.3
% start   0.3
% cluster-index, number-of-fibers : name-of-fibers
1  1 : 1
2  1 : 2
3  1 : 3
4  2 : 4 26
5  1 : 5
6  1 : 6
7  1 : 7
8  1 : 8
9  1 : 9
10  1 : 10
11  1 : 11
12  1 : 12
13  1 : 13
14  2 : 14 27
15  1 : 15
16  1 : 16
17  1 : 17
18  1 : 18
19  1 : 19
20  1 : 20
21  1 : 21
22  1 : 22
23  1 : 23
24  1 : 24
25  1 : 25
% end

% frame 3
% time 0.4
% start   0.4
% cluster-index, number-of-fibers : name-of-fibers
1  1 : 1
2  1 : 2
3  1 : 3
4  2 : 4 26
5  1 : 5
6  1 : 6
7  2 : 7 30
8  1 : 8
9  1 : 9
10  1 : 10
11  1 : 11
12  1 : 12
13  1 : 13
14  4 : 14 27 31 33
15  1 : 15
16  1 : 16
17  1 : 17
18  1 : 18
19  1 : 19
20  1 : 20
21  1 : 21
22  1 : 22
23  1 : 23
24  1 : 24
25  1 : 25
28  1 : 28
29  1 : 29
32  1 : 32
% end

% frame 4
% time 0.5
% start   0.5
% cluster-index, number-of-fibers : name-of-fibers
1  1 : 1
2  1 : 2
3  1 : 3
4  2 : 4 26
5  1 : 5
6  1 : 6
7  2 : 7 30
8  1 : 8
9  1 : 9
10  1 : 10
11  1 : 11
12  1 : 12
13  1 : 13
14  5 : 14 27 31 33 34
15  1 : 15
16  1 : 16
17  1 : 17
18  1 : 18
19  1 : 19
20  1 : 20
21  2 : 21 36
22  1 : 22
23  1 : 23
24  1 : 24
25  1 : 25
28  1 : 28
29  1 : 29
32  1 : 32
35  1 : 35
% end

% frame 5
% time 0.6
% start   0.6
% cluster-index, number-of-fibers : name-of-fibers
1  1 : 1
2  1 : 2
3  1 : 3
4  2 : 4 26
5  1 : 5
6  1 : 6
7  2 : 7 30
8  1 : 8
9  1 : 9
10  1 : 10
11  1 : 11
12  1 : 12
13  1 : 13
14  7 : 14 27 31 33 34 37 38
15  1 : 15
16  1 : 16
17  1 : 17
18  1 : 18
19  1 : 19
20  1 : 20
21  2 : 21 36
22  1 : 22
23  1 : 23
24  1 : 24
25  1 : 25
28  1 : 28
29  1 : 29
32  1 : 32
35  1 : 35
39  1 : 39
% end

% frame 6
% time 0.7
% start   0.7
% cluster-index, number-of-fibers : name-of-fibers
1  1 : 1
2  1 : 2
3  1 : 3
4  2 : 4 26
5  1 : 5
6  1 : 6
7  2 : 7 30
8  1 : 8
9  1 : 9
10  1 : 10
11  1 : 11
12  1 : 12
13  1 : 13
14  7 : 14 27 31 33 34 37 38
15  1 : 15
16  1 : 16
17  1 : 17
18  1 : 18
19  1 : 19
20  1 : 20
21  2 : 21 36
22  1 : 22
23  1 : 23
24  1 : 24
25  1 : 25
28  1 : 28
29  1 : 29
32  1 : 32
35  1 : 35
39  1 : 39
% end

% frame 7
% time 0.8
% start   0.8
% cluster-index, number-of-fibers : name-of-fibers
1  1 : 1
2  1 : 2
3  1 : 3
4  2 : 4 26
5  1 : 5
6  1 : 6
7  3 : 7 30 42
8  1 : 8
9  1 : 9
10  1 : 10
11  1 : 11
12  1 : 12
13  1 : 13
14  9 : 14 27 31 33 34 37 38 40 41
15  1 : 15
16  1 : 16
17  1 : 17
18  1 : 18
19  1 : 19
20  1 : 20
21  2 : 21 36
22  1 : 22
23  1 : 23
24  1 : 24
25  1 : 25
28  1 : 28
29  1 : 29
32  1 : 32
35  1 : 35
39  1 : 39
% end

% frame 8
% time 0.9
% start   0.9
% cluster-index, number-of-fibers : name-of-fibers
1  1 : 1
2  1 : 2
3  1 : 3
4  2 : 4 26
5  1 : 5
6  1 : 6
7  3 : 7 30 42
8  1 : 8
9  1 : 9
10  1 : 10
11  1 : 11
12  1 : 12
13  1 : 13
14  9 : 14 27 31 33 34 37 38 40 41
15  1 : 15
16  1 : 16
17  1 : 17
18  1 : 18
19  2 : 19 43
20  1 : 20
21  2 : 21 36
22  1 : 22
23  1 : 23
24  1 : 24
25  1 : 25
28  1 : 28
29  1 : 29
32  1 : 32
35  1 : 35
39  1 : 39
% end

% frame 9
% time 1
% start   1
% cluster-index, number-of-fibers : name-of-fibers
1  1 : 1
2  1 : 2
3  1 : 3
4  2 : 4 26
5  1 : 5
6  1 : 6
7  3 : 7 30 42
8  1 : 8
9  1 : 9
10  1 : 10
11  1 : 11
12  1 : 12
13  1 : 13
14  11 : 14 27 31 33 34 37 38 40 41 46 49
15  1 : 15
16  3 : 16 44 48
17  1 : 17
18  1 : 18
19  2 : 19 43
20  1 : 20
21  2 : 21 36
22  1 : 22
23  1 : 23
24  2 : 24 45
25  1 : 25
28  1 : 28
29  1 : 29
32  2 : 32 47
35  1 : 35
39  1 : 39
% end

% frame 10
% time 1.1
% start   1.1
% cluster-index, number-of-fibers : name-of-fibers
1  1 : 1
2  1 : 2
3  1 : 3
4  2 : 4 26
5  1 : 5
6  1 : 6
7  3 : 7 30 42
8  1 : 8
9  1 : 9
10  1 : 10
11  1 : 11
12  1 : 12
13  1 : 13
14  14 : 14 27 31 33 34 37 38 40 41 46 49 50 51 52
15  1 : 15
16  3 : 16 44 48
17  1 : 17
18  1 : 18
19  2 : 19 43
20  1 : 20
21  2 : 21 36
22  1 : 22
23  1 : 23
24  2 : 24 45
25  1 : 25
28  1 : 28
29  1 : 29
32  2 : 32 47
35  1 : 35
39  1 : 39
% end

% frame 11
% time 1.2
% start   1.2
% cluster-index, number-of-fibers : name-of-fibers
1  1 : 1
2  1 : 2
3  1 : 3
4  2 : 4 26
5  1 : 5
6  1 : 6
7  3 : 7 30 42
8  1 : 8
9  1 : 9
10  1 : 10
11  1 : 11
12  1 : 12
13  1 : 13
14  18 : 14 27 31 33 34 37 38 40 41 46 49 50 51 52 53 54 55 56
15  1 : 15
16  3 : 16 44 48
17  1 : 17
18  1 : 18
19  2 : 19 43
20  1 : 20
21  2 : 21 36
22  1 : 22
23  1 : 23
24  2 : 24 45
25  1 : 25
28  1 : 28
29  1 : 29
32  2 : 32 47
35  1 : 35
39  1 : 39
% end

% frame 12
% time 1.3
% start   1.3
% cluster-index, number-of-fibers : name-of-fibers
1  1 : 1
2  1 : 2
3  2 : 3 60
4  2 : 4 26
5  1 : 5
6  1 : 6
7  3 : 7 30 42
8  1 : 8
9  1 : 9
10  1 : 10
11  1 : 11
12  1 : 12
13  1 : 13
14  21 : 14 27 31 33 34 37 38 40 41 46 49 50 51 52 53 54 55 56 57 58 59
15  1 : 15
16  3 : 16 44 48
17  1 : 17
18  1 : 18
19  2 : 19 43
20  1 : 20
21  2 : 21 36
22  1 : 22
23  1 : 23
24  2 : 24 45
25  1 : 25
28  1 : 28
29  1 : 29
32  2 : 32 47
35  1 : 35
39  1 : 39
% end

% frame 13
% time 1.4
% start   1.4
% cluster-index, number-of-fibers : name-of-fibers
1  1 : 1
2  1 : 2
3  2 : 3 60
4  2 : 4 26
5  1 : 5
6  1 : 6
7  3 : 7 30 42
8  1 : 8
9  1 : 9
10  1 : 10
11  1 : 11
12  2 : 12 62
13  1 : 13
14  23 : 14 27 31 33 34 37 38 40 41 46 49 50 51 52 53 54 55 56 57 58 59 61 64
15  1 : 15
16  3 : 16 44 48
17  1 : 17
18  1 : 18
19  2 : 19 43
20  1 : 20
21  2 : 21 36
22  1 : 22
23  1 : 23
24  2 : 24 45
25  1 : 25
28  1 : 28
29  2 : 29 63
32  2 : 32 47
35  1 : 35
39  1 : 39
% end

% frame 14
% time 1.5
% start   1.5
% cluster-index, number-of-fibers : name-of-fibers
1  1 : 1
2  1 : 2
3  2 : 3 60
4  2 : 4 26
5  1 : 5
6  1 : 6
7  3 : 7 30 42
8  1 : 8
9  1 : 9
10  1 : 10
11  1 : 11
12  2 : 12 62
13  1 : 13
14  25 : 14 27 31 33 34 37 38 40 41 46 49 50 51 52 53 54 55 56 57 58 59 61 64 65 66
15  1 : 15
16  3 : 16 44 48
17  1 : 17
18  1 : 18
19  2 : 19 43
20  1 : 20
21  2 : 21 36
22  1 : 22
23  1 : 23
24  2 : 24 45
25  1 : 25
28  1 : 28
29  2 : 29 63
32  2 : 32 47
35  1 : 35
39  1 : 39
% end

% frame 15
% time 1.6
% start   1.6
% cluster-index, number-of-fibers : name-of-fibers
1  1 : 1
2  1 : 2
3  2 : 3 60
4  2 : 4 26
5  1 : 5
6  1 : 6
7  3 : 7 30 42
8  1 : 8
9  1 : 9
10  1 : 10
11  1 : 11
12  2 : 12 62
13  1 : 13
14  27 : 14 27 31 33 34 37 38 40 41 46 49 50 51 52 53 54 55 56 57 58 59 61 64 65 66 67 68
15  1 : 15
16  3 : 16 44 48
17  1 : 17
18  1 : 18
19  2 : 19 43
20  1 : 20
21  2 : 21 36
22  1 : 22
23  1 : 23
24  2 : 24 45
25  1 : 25
28  1 : 28
29  2 : 29 63
32  2 : 32 47
35  1 : 35
39  1 : 39
% end

% frame 16
% time 1.7
% start   1.7
% cluster-index, number-of-fibers : name-of-fibers
1  1 : 1
2  1 : 2
3  2 : 3 60
4  2 : 4 26
5  1 : 5
6  1 : 6
7  3 : 7 30 42
8  1 : 8
9  1 : 9
10  1 : 10
11  1 : 11
12  2 : 12 62
13  1 : 13
14  29 : 14 27 31 33 34 37 38 40 41 46 49 50 51 52 53 54 55 56 57 58 59 61 64 65 66 67 68 70 72
15  1 : 15
16  4 : 16 44 48 69
17  1 : 17
18  1 : 18
19  2 : 19 43
20  1 : 20
21  2 : 21 36
22  1 : 22
23  1 : 23
24  2 : 24 45
25  2 : 25 71
28  1 : 28
29  2 : 29 63
32  2 : 32 47
35  1 : 35
39  1 : 39
% end

% frame 17
% time 1.8
% start   1.8
% cluster-index, number-of-fibers : name-of-fibers
1  1 : 1
2  1 : 2
3  2 : 3 60
4  2 : 4 26
5  1 : 5
6  1 : 6
7  3 : 7 30 42
8  1 : 8
9  1 : 9
10  1 : 10
11  1 : 11
12  3 : 12 62 74
13  1 : 13
14  31 : 14 27 31 33 34 37 38 40 41 46 49 50 51 52 53 54 55 56 57 58 59 61 64 65 66 67 68 70 72 73 75
15  1 : 15
16  4 : 16 44 48 69
17  1 : 17
18  1 : 18
19  2 : 19 43
20  1 : 20
21  2 : 21 36
22  1 : 22
23  1 : 23
24  2 : 24 45
25  2 : 25 71
28  1 : 28
29  2 : 29 63
32  2 : 32 47
35  1 : 35
39  1 : 39
% end

% frame 18
% time 1.9
% start   1.9
% cluster-index, number-of-fibers : name-of-fibers
1  1 : 1
2  1 : 2
3  2 : 3 60
4  2 : 4 26
5  1 : 5
6  1 : 6
7  3 : 7 30 42
8  1 : 8
9  1 : 9
10  1 : 10
11  1 : 11
12  3 : 12 62 74
13  1 : 13
14  31 : 14 27 31 33 34 37 38 40 41 46 49 50 51 52 53 54 55 56 57 58 59 61 64 65 66 67 68 70 72 73 75
15  1 : 15
16  4 : 16 44 48 69
17  1 : 17
18  1 : 18
19  2 : 19 43
20  1 : 20
21  2 : 21 36
22  1 : 22
23  1 : 23
24  2 : 24 45
25  2 : 25 71
28  1 : 28
29  2 : 29 63
32  2 : 32 47
35  1 : 35
39  1 : 39
% end

% frame 19
% time 2
% start   2
% cluster-index, number-of-fibers : name-of-fibers
1  1 : 1
2  1 : 2
3  2 : 3 60
4  2 : 4 26
5  1 : 5
6  1 : 6
7  3 : 7 30 42
8  1 : 8
9  1 : 9
10  1 : 10
11  1 : 11
12  3 : 12 62 74
13  1 : 13
14  32 : 14 27 31 33 34 37 38 40 41 46 49 50 51 52 53 54 55 56 57 58 59 61 64 65 66 67 68 70 72 73 75 76
15  1 : 15
16  4 : 16 44 48 69
17  1 : 17
18  1 : 18
19  2 : 19 43
20  1 : 20
21  2 : 21 36
22  1 : 22
23  1 : 23
24  2 : 24 45
25  2 : 25 71
28  1 : 28
29  2 : 29 63
32  2 : 32 47
35  1 : 35
39  1 : 39
% end

% frame 20
% time 2.1
% start   2.1
% cluster-index, number-of-fibers : name-of-fibers
1  1 : 1
2  1 : 2
3  2 : 3 60
4  2 : 4 26
5  1 : 5
6  1 : 6
7  3 : 7 30 42
8  1 : 8
9  1 : 9
10  1 : 10
11  1 : 11
12  3 : 12 62 74
13  1 : 13
14  36 : 14 27 31 33 34 37 38 40 41 46 49 50 51 52 53 54 55 56 57 58 59 61 64 65 66 67 68 70 72 73 75 76 77 78 79 80
15  1 : 15
16  4 : 16 44 48 69
17  1 : 17
18  1 : 18
19  2 : 19 43
20  1 : 20
21  2 : 21 36
22  1 : 22
23  1 : 23
24  2 : 24 45
25  2 : 25 71
28  1 : 28
29  2 : 29 63
32  2 : 32 47
35  1 : 35
39  1 : 39
% end

% frame 21
% time 2.2
% start   2.2
% cluster-index, number-of-fibers : name-of-fibers
1  1 : 1
2  1 : 2
3  2 : 3 60
4  2 : 4 26
5  1 : 5
6  1 : 6
7  3 : 7 30 42
8  1 : 8
9  1 : 9
10  1 : 10
11  1 : 11
12  3 : 12 62 74
13  1 : 13
14  36 : 14 27 31 33 34 37 38 40 41 46 49 50 51 52 53 54 55 56 57 58 59 61 64 65 66 67 68 70 72 73 75 76 77 78 79 80
15  1 : 15
16  4 : 16 44 48 69
17  1 : 17
18  1 : 18
19  2 : 19 43
20  1 : 20
21  2 : 21 36
22  1 : 22
23  1 : 23
24  2 : 24 45
25  2 : 25 71
28  1 : 28
29  2 : 29 63
32  3 : 32 47 81
35  1 : 35
39  1 : 39
% end

% frame 22
% time 2.3
% start   2.3
% cluster-index, number-of-fibers : name-of-fibers
1  1 : 1
2  1 : 2
3  2 : 3 60
4  2 : 4 26
5  1 : 5
6  1 : 6
7  3 : 7 30 42
8  1 : 8
9  1 : 9
10  1 : 10
11  1 : 11
12  3 : 12 62 74
13  1 : 13
14  37 : 14 27 31 33 34 37 38 40 41 46 49 50 51 52 53 54 55 56 57 58 59 61 64 65 66 67 68 70 72 73 75 76 77 78 79 80 82
15  1 : 15
16  4 : 16 44 48 69
17  1 : 17
18  1 : 18
19  2 : 19 43
20  1 : 20
21  2 : 21 36
22  1 : 22
23  1 : 23
24  2 : 24 45
25  2 : 25 71
28  1 : 28
29  2 : 29 63
32  3 : 32 47 81
35  1 : 35
39  1 : 39
% end

% frame 23
% time 2.4
% start   2.4
% cluster-index, number-of-fibers : name-of-fibers
1  1 : 1
2  1 : 2
3  2 : 3 60
4  2 : 4 26
5  1 : 5
6  1 : 6
7  3 : 7 30 42
8  1 : 8
9  1 : 9
10  1 : 10
11  1 : 11
12  3 : 12 62 74
13  1 : 13
14  40 : 14 27 31 33 34 37 38 40 41 46 49 50 51 52 53 54 55 56 57 58 59 61 64 65 66 67 68 70 72 73 75 76 77 78 79 80 82 83 84 85
15  1 : 15
16  4 : 16 44 48 69
17  1 : 17
18  1 : 18
19  2 : 19 43
20  1 : 20
21  2 : 21 36
22  1 : 22
23  1 : 23
24  2 : 24 45
25  2 : 25 71
28  1 : 28
29  2 : 29 63
32  3 : 32 47 81
35  1 : 35
39  1 : 39
% end

% frame 24
% time 2.5
% start   2.5
% cluster-index, number-of-fibers : name-of-fibers
1  1 : 1
2  1 : 2
3  2 : 3 60
4  2 : 4 26
5  1 : 5
6  1 : 6
7  3 : 7 30 42
8  1 : 8
9  1 : 9
10  1 : 10
11  1 : 11
12  3 : 12 62 74
13  1 : 13
14  45 : 14 27 31 33 34 37 38 40 41 46 49 50 51 52 53 54 55 56 57 58 59 61 64 65 66 67 68 70 72 73 75 76 77 78 79 80 82 83 84 85 87 88 90 91 92
15  1 : 15
16  4 : 16 44 48 69
17  1 : 17
18  1 : 18
19  2 : 19 43
20  1 : 20
21  2 : 21 36
22  1 : 22
23  1 : 23
24  2 : 24 45
25  2 : 25 71
28  3 : 28 86 89
29  2 : 29 63
32  3 : 32 47 81
35  1 : 35
39  1 : 39
% end

% frame 25
% time 2.6
% start   2.6
% cluster-index, number-of-fibers : name-of-fibers
1  1 : 1
2  1 : 2
3  2 : 3 60
4  2 : 4 26
5  1 : 5
6  1 : 6
7  3 : 7 30 42
8  1 : 8
9  1 : 9
10  1 : 10
11  1 : 11
12  3 : 12 62 74
13  1 : 13
14  46 : 14 27 31 33 34 37 38 40 41 46 49 50 51 52 53 54 55 56 57 58 59 61 64 65 66 67 68 70 72 73 75 76 77 78 79 80 82 83 84 85 87 88 90 91 92 93
15  1 : 15
16  4 : 16 44 48 69
17  1 : 17
18  1 : 18
19  2 : 19 43
20  1 : 20
21  2 : 21 36
22  1 : 22
23  1 : 23
24  2 : 24 45
25  2 : 25 71
28  3 : 28 86 89
29  2 : 29 63
32  3 : 32 47 81
35  1 : 35
39  1 : 39
% end

% frame 26
% time 2.7
% start   2.7
% cluster-index, number-of-fibers : name-of-fibers
1  1 : 1
2  1 : 2
3  2 : 3 60
4  2 : 4 26
5  1 : 5
6  1 : 6
7  3 : 7 30 42
8  1 : 8
9  1 : 9
10  1 : 10
11  1 : 11
12  3 : 12 62 74
13  1 : 13
14  50 : 14 27 31 33 34 37 38 40 41 46 49 50 51 52 53 54 55 56 57 58 59 61 64 65 66 67 68 70 72 73 75 76 77 78 79 80 82 83 84 85 87 88 90 91 92 93 94 95 96 97
15  1 : 15
16  4 : 16 44 48 69
17  1 : 17
18  1 : 18
19  2 : 19 43
20  1 : 20
21  2 : 21 36
22  1 : 22
23  1 : 23
24  2 : 24 45
25  2 : 25 71
28  3 : 28 86 89
29  2 : 29 63
32  3 : 32 47 81
35  1 : 35
39  1 : 39
% end

% frame 27
% time 2.8
% start   2.8
% cluster-index, number-of-fibers : name-of-fibers
1  1 : 1
2  1 : 2
3  2 : 3 60
4  2 : 4 26
5  1 : 5
6  1 : 6
7  3 : 7 30 42
8  1 : 8
9  1 : 9
10  1 : 10
11  1 : 11
12  3 : 12 62 74
13  1 : 13
14  52 : 14 27 31 33 34 37 38 40 41 46 49 50 51 52 53 54 55 56 57 58 59 61 64 65 66 67 68 70 72 73 75 76 77 78 79 80 82 83 84 85 87 88 90 91 92 93 94 95 96 97 98 99
15  1 : 15
16  4 : 16 44 48 69
17  1 : 17
18  1 : 18
19  2 : 19 43
20  1 : 20
21  2 : 21 36
22  1 : 22
23  1 : 23
24  2 : 24 45
25  2 : 25 71
28  3 : 28 86 89
29  2 : 29 63
32  3 : 32 47 81
35  1 : 35
39  1 : 39
% end

% frame 28
% time 2.9
% start   2.9
% cluster-index, number-of-fibers : name-of-fibers
1  1 : 1
2  1 : 2
3  2 : 3 60
4  2 : 4 26
5  1 : 5
6  1 : 6
7  3 : 7 30 42
8  1 : 8
9  1 : 9
10  1 : 10
11  1 : 11
12  3 : 12 62 74
13  1 : 13
14  57 : 14 27 31 33 34 37 38 40 41 46 49 50 51 52 53 54 55 56 57 58 59 61 64 65 66 67 68 70 72 73 75 76 77 78 79 80 82 83 84 85 87 88 90 91 92 93 94 95 96 97 98 99 100 101 102 104 105
15  2 : 15 103
16  4 : 16 44 48 69
17  1 : 17
18  1 : 18
19  2 : 19 43
20  1 : 20
21  2 : 21 36
22  1 : 22
23  1 : 23
24  2 : 24 45
25  2 : 25 71
28  3 : 28 86 89
29  2 : 29 63
32  3 : 32 47 81
35  1 : 35
39  1 : 39
% end

% frame 29
% time 3
% start   3
% cluster-index, number-of-fibers : name-of-fibers
1  1 : 1
2  1 : 2
3  2 : 3 60
4  2 : 4 26
5  1 : 5
6  1 : 6
7  3 : 7 30 42
8  1 : 8
9  1 : 9
10  1 : 10
11  1 : 11
12  3 : 12 62 74
13  1 : 13
14  59 : 14 27 31 33 34 37 38 40 41 46 49 50 51 52 53 54 55 56 57 58 59 61 64 65 66 67 68 70 72 73 75 76 77 78 79 80 82 83 84 85 87 88 90 91 92 93 94 95 96 97 98 99 100 101 102 104 105 106 107
15  2 : 15 103
16  4 : 16 44 48 69
17  1 : 17
18  1 : 18
19  2 : 19 43
20  1 : 20
21  2 : 21 36
22  1 : 22
23  1 : 23
24  2 : 24 45
25  2 : 25 71
28  3 : 28 86 89
29  2 : 29 63
32  3 : 32 47 81
35  1 : 35
39  1 : 39
% end

% frame 30
% time 3.1
% start   3.1
% cluster-index, number-of-fibers : name-of-fibers
1  1 : 1
2  1 : 2
3  2 : 3 60
4  2 : 4 26
5  1 : 5
6  1 : 6
7  3 : 7 30 42
8  1 : 8
9  1 : 9
10  1 : 10
11  1 : 11
12  3 : 12 62 74
13  1 : 13
14  59 : 14 27 31 33 34 37 38 40 41 46 49 50 51 52 53 54 55 56 57 58 59 61 64 65 66 67 68 70 72 73 75 76 77 78 79 80 82 83 84 85 87 88 90 91 92 93 94 95 96 97 98 99 100 101 102 104 105 106 107
15  2 : 15 103
16  4 : 16 44 48 69
17  1 : 17
18  1 : 18
19  2 : 19 43
20  1 : 20
21  2 : 21 36
22  1 : 22
23  1 : 23
24  2 : 24 45
25  2 : 25 71
28  3 : 28 86 89
29  2 : 29 63
32  3 : 32 47 81
35  1 : 35
39  1 : 39
% end

% frame 31
% time 3.2
% start   3.2
% cluster-index, number-of-fibers : name-of-fibers
1  1 : 1
2  1 : 2
3  2 : 3 60
4  2 : 4 26
5  1 : 5
6  1 : 6
7  3 : 7 30 42
8  1 : 8
9  1 : 9
10  1 : 10
11  1 : 11
12  3 : 12 62 74
13  1 : 13
14  60 : 14 27 31 33 34 37 38 40 41 46 49 50 51 52 53 54 55 56 57 58 59 61 64 65 66 67 68 70 72 73 75 76 77 78 79 80 82 83 84 85 87 88 90 91 92 93 95 96 97 98 99 100 101 102 104 105 106 107 108 109
15  2 : 15 103
16  4 : 16 44 48 69
17  1 : 17
18  1 : 18
19  2 : 19 43
20  1 : 20
21  2 : 21 36
22  1 : 22
23  1 : 23
24  2 : 24 45
25  2 : 25 71
28  3 : 28 86 89
29  2 : 29 63
32  3 : 32 47 81
35  1 : 35
39  1 : 39
94  1 : 94
% end

% frame 32
% time 3.3
% start   3.3
% cluster-index, number-of-fibers : name-of-fibers
1  1 : 1
2  1 : 2
3  2 : 3 60
4  2 : 4 26
5  1 : 5
6  1 : 6
7  3 : 7 30 42
8  1 : 8
9  1 : 9
10  1 : 10
11  1 : 11
12  3 : 12 62 74
13  1 : 13
14  63 : 14 27 31 33 34 37 38 40 41 46 49 50 51 52 53 54 55 56 57 58 59 61 64 65 66 67 68 70 72 73 75 76 77 78 79 80 82 83 84 85 87 88 90 91 92 93 95 96 97 98 99 100 101 102 104 105 106 107 108 109 110 111 112
15  2 : 15 103
16  4 : 16 44 48 69
17  1 : 17
18  1 : 18
19  2 : 19 43
20  1 : 20
21  2 : 21 36
22  1 : 22
23  1 : 23
24  2 : 24 45
25  2 : 25 71
28  3 : 28 86 89
29  2 : 29 63
32  3 : 32 47 81
35  1 : 35
39  1 : 39
94  1 : 94
% end

% frame 33
% time 3.4
% start   3.4
% cluster-index, number-of-fibers : name-of-fibers
1  1 : 1
2  1 : 2
3  2 : 3 60
4  2 : 4 26
5  1 : 5
6  1 : 6
7  3 : 7 30 42
8  1 : 8
9  1 : 9
10  1 : 10
11  1 : 11
12  3 : 12 62 74
13  1 : 13
14  65 : 14 27 31 33 34 37 38 40 41 46 49 50 51 52 53 54 55 56 57 58 59 61 64 65 66 67 68 70 72 73 75 76 77 78 79 80 82 83 84 85 87 88 90 91 92 93 95 96 97 98 99 100 101 102 104 105 106 107 108 109 110 111 112 113 114
15  2 : 15 103
16  4 : 16 44 48 69
17  1 : 17
18  1 : 18
19  2 : 19 43
20  1 : 20
21  2 : 21 36
22  1 : 22
23  1 : 23
24  2 : 24 45
25  2 : 25 71
28  3 : 28 86 89
29  2 : 29 63
32  3 : 32 47 81
35  1 : 35
39  1 : 39
94  1 : 94
% end

% frame 34
% time 3.5
% start   3.5
% cluster-index, number-of-fibers : name-of-fibers
1  1 : 1
2  1 : 2
3  2 : 3 60
4  2 : 4 26
5  1 : 5
6  1 : 6
7  3 : 7 30 42
8  1 : 8
9  1 : 9
10  1 : 10
11  1 : 11
12  3 : 12 62 74
13  1 : 13
14  68 : 14 27 31 33 34 37 38 40 41 46 49 50 51 52 53 54 55 56 57 58 59 61 64 65 66 67 68 70 72 73 75 76 77 78 79 80 82 83 84 85 87 88 90 91 92 93 95 96 97 98 99 100 101 102 104 105 106 107 108 109 110 111 112 113 114 115 116 117
15  2 : 15 103
16  4 : 16 44 48 69
17  1 : 17
18  1 : 18
19  2 : 19 43
20  1 : 20
21  2 : 21 36
22  1 : 22
23  1 : 23
24  2 : 24 45
25  2 : 25 71
28  3 : 28 86 89
29  2 : 29 63
32  3 : 32 47 81
35  1 : 35
39  1 : 39
94  1 : 94
% end

% frame 35
% time 3.6
% start   3.6
% cluster-index, number-of-fibers : name-of-fibers
1  1 : 1
2  1 : 2
3  2 : 3 60
4  2 : 4 26
5  1 : 5
6  1 : 6
7  3 : 7 30 42
8  1 : 8
9  1 : 9
10  1 : 10
11  1 : 11
12  3 : 12 62 74
13  2 : 13 122
14  74 : 14 27 31 33 34 37 38 40 41 46 49 50 51 52 53 54 55 56 57 58 59 61 64 65 66 67 68 70 72 73 75 76 77 78 79 80 82 83 84 85 87 88 90 91 92 93 95 96 97 98 99 100 101 102 104 105 106 107 108 109 110 111 112 113 114 115 116 117 118 119 120 121 123 124
15  2 : 15 103
16  4 : 16 44 48 69
17  1 : 17
18  1 : 18
19  2 : 19 43
20  1 : 20
21  2 : 21 36
22  1 : 22
23  1 : 23
24  2 : 24 45
25  2 : 25 71
28  3 : 28 86 89
29  2 : 29 63
32  3 : 32 47 81
35  1 : 35
39  1 : 39
94  1 : 94
% end

% frame 36
% time 3.7
% start   3.7
% cluster-index, number-of-fibers : name-of-fibers
1  1 : 1
2  1 : 2
3  2 : 3 60
4  2 : 4 26
5  1 : 5
6  1 : 6
7  3 : 7 30 42
8  1 : 8
9  1 : 9
10  1 : 10
11  1 : 11
12  3 : 12 62 74
13  2 : 13 122
14  77 : 14 27 31 33 34 37 38 40 41 46 49 50 51 52 53 54 55 56 57 58 59 61 64 65 66 67 68 70 72 73 75 76 77 78 79 80 82 83 84 85 87 88 90 91 92 93 95 96 97 98 99 100 101 102 104 105 106 107 108 109 110 111 112 113 114 115 116 117 118 119 120 121 123 124 125 126 127
15  2 : 15 103
16  3 : 16 44 69
17  1 : 17
18  1 : 18
19  2 : 19 43
20  1 : 20
21  2 : 21 36
22  1 : 22
23  1 : 23
24  2 : 24 45
25  2 : 25 71
28  3 : 28 86 89
29  2 : 29 63
32  3 : 32 47 81
35  1 : 35
39  1 : 39
48  1 : 48
94  1 : 94
% end

% frame 37
% time 3.8
% start   3.8
% cluster-index, number-of-fibers : name-of-fibers
1  1 : 1
2  1 : 2
3  2 : 3 60
4  2 : 4 26
5  1 : 5
6  1 : 6
7  3 : 7 30 42
8  1 : 8
9  1 : 9
10  1 : 10
11  1 : 11
12  3 : 12 62 74
13  2 : 13 122
14  78 : 14 27 31 33 34 37 38 40 41 46 49 50 51 52 53 54 55 56 57 58 59 61 64 65 66 67 68 70 72 73 75 76 77 78 79 80 82 83 84 85 87 88 90 91 92 93 95 96 97 98 99 100 101 102 104 105 106 107 108 109 110 111 112 113 114 115 116 117 118 119 120 121 123 124 125 126 127 129
15  2 : 15 103
16  4 : 16 44 69 128
17  1 : 17
18  1 : 18
19  2 : 19 43
20  1 : 20
21  2 : 21 36
22  1 : 22
23  1 : 23
24  2 : 24 45
25  2 : 25 71
28  3 : 28 86 89
29  2 : 29 63
32  3 : 32 47 81
35  1 : 35
39  1 : 39
48  1 : 48
94  1 : 94
% end

% frame 38
% time 3.9
% start   3.9
% cluster-index, number-of-fibers : name-of-fibers
1  1 : 1
2  1 : 2
3  2 : 3 60
4  2 : 4 26
5  1 : 5
6  1 : 6
7  3 : 7 30 42
8  1 : 8
9  1 : 9
10  1 : 10
11  1 : 11
12  3 : 12 62 74
13  2 : 13 122
14  80 : 14 27 31 33 34 37 38 40 41 46 49 50 51 52 53 54 55 56 57 58 59 61 64 65 66 67 68 70 72 73 75 76 77 78 79 80 82 83 84 85 87 88 90 91 92 93 95 96 97 98 99 100 101 102 104 105 106 107 108 109 110 111 112 113 114 115 116 117 118 119 120 121 123 124 125 126 127 129 130 131
15  2 : 15 103
16  4 : 16 44 69 128
17  1 : 17
18  1 : 18
19  2 : 19 43
20  1 : 20
21  2 : 21 36
22  1 : 22
23  1 : 23
24  2 : 24 45
25  2 : 25 71
28  3 : 28 86 89
29  2 : 29 63
32  3 : 32 47 81
35  1 : 35
39  1 : 39
48  1 : 48
94  1 : 94
% end

% frame 39
% time 4
% start   4
% cluster-index, number-of-fibers : name-of-fibers
1  1 : 1
2  1 : 2
3  2 : 3 60
4  2 : 4 26
5  1 : 5
6  1 : 6
7  3 : 7 30 42
8  1 : 8
9  1 : 9
10  1 : 10
11  1 : 11
12  3 : 12 62 74
13  2 : 13 122
14  82 : 14 27 31 33 34 37 38 40 41 46 49 50 51 52 53 54 55 56 57 58 59 61 64 65 66 67 68 70 72 73 75 76 77 78 79 80 82 83 84 85 87 88 90 91 92 93 95 96 97 98 99 100 101 102 104 105 106 107 108 109 110 111 112 113 114 115 116 117 118 119 120 121 123 124 125 126 127 129 130 131 132 133
15  2 : 15 103
16  4 : 16 44 69 128
17  1 : 17
18  1 : 18
19  2 : 19 43
20  1 : 20
21  2 : 21 36
22  1 : 22
23  1 : 23
24  2 : 24 45
25  2 : 25 71
28  3 : 28 86 89
29  2 : 29 63
32  3 : 32 47 81
35  1 : 35
39  1 : 39
48  1 : 48
94  1 : 94
% end

% frame 40
% time 4.1
% start   4.1
% cluster-index, number-of-fibers : name-of-fibers
1  1 : 1
2  1 : 2
3  2 : 3 60
4  2 : 4 26
5  1 : 5
6  1 : 6
7  3 : 7 30 42
8  1 : 8
9  1 : 9
10  1 : 10
11  1 : 11
12  3 : 12 62 74
13  2 : 13 122
14  89 : 14 27 31 33 34 37 38 40 41 46 49 50 51 52 53 54 55 56 57 58 59 61 64 65 66 67 68 70 72 73 75 76 77 78 79 80 82 83 84 85 87 88 90 91 92 93 95 96 97 98 99 100 101 102 104 105 106 107 108 109 110 111 112 113 114 115 116 117 118 119 120 121 123 124 125 126 127 129 130 131 132 133 134 135 136 137 138 139 140
15  2 : 15 103
16  4 : 16 44 69 128
17  1 : 17
18  1 : 18
19  2 : 19 43
20  1 : 20
21  2 : 21 36
22  1 : 22
23  1 : 23
24  2 : 24 45
25  2 : 25 71
28  3 : 28 86 89
29  2 : 29 63
32  3 : 32 47 81
35  1 : 35
39  1 : 39
48  1 : 48
94  1 : 94
% end

% frame 41
% time 4.2
% start   4.2
% cluster-index, number-of-fibers : name-of-fibers
1  1 : 1
2  1 : 2
3  2 : 3 60
4  2 : 4 26
5  1 : 5
6  1 : 6
7  3 : 7 30 42
8  1 : 8
9  1 : 9
10  1 : 10
11  1 : 11
12  3 : 12 62 74
13  2 : 13 122
14  90 : 14 27 31 33 34 37 38 40 41 46 49 50 51 52 53 54 55 56 57 58 59 61 64 65 66 67 68 70 72 73 75 76 77 78 79 80 82 83 84 85 87 88 90 91 92 93 95 96 97 98 99 100 101 102 104 105 106 107 108 109 110 111 112 113 114 115 116 117 118 119 120 121 123 124 125 126 127 129 130 131 132 133 134 135 136 137 138 139 140 141
15  2 : 15 103
16  4 : 16 44 69 128
17  1 : 17
18  1 : 18
19  2 : 19 43
20  1 : 20
21  2 : 21 36
22  1 : 22
23  1 : 23
24  2 : 24 45
25  2 : 25 71
28  3 : 28 86 89
29  2 : 29 63
32  3 : 32 47 81
35  1 : 35
39  1 : 39
48  1 : 48
94  1 : 94
% end

% frame 42
% time 4.3
% start   4.3
% cluster-index, number-of-fibers : name-of-fibers
1  1 : 1
2  1 : 2
3  2 : 3 60
4  2 : 4 26
5  1 : 5
6  1 : 6
7  3 : 7 30 42
8  1 : 8
9  1 : 9
10  1 : 10
11  1 : 11
12  3 : 12 62 74
13  2 : 13 122
14  92 : 14 27 31 33 34 37 38 40 41 46 49 50 51 52 53 54 55 56 57 58 59 61 64 65 66 67 68 70 72 73 75 76 77 78 79 80 82 83 84 85 87 88 90 91 92 93 95 96 97 98 99 100 101 102 104 105 106 107 108 109 110 111 112 113 114 115 116 117 118 119 120 121 123 124 125 126 127 129 130 131 132 133 134 135 136 137 138 139 140 141 142 143
15  2 : 15 103
16  4 : 16 44 69 128
17  1 : 17
18  1 : 18
19  2 : 19 43
20  1 : 20
21  2 : 21 36
22  1 : 22
23  1 : 23
24  2 : 24 45
25  2 : 25 71
28  3 : 28 86 89
29  2 : 29 63
32  3 : 32 47 81
35  1 : 35
39  1 : 39
48  1 : 48
94  1 : 94
% end

% frame 43
% time 4.4
% start   4.4
% cluster-index, number-of-fibers : name-of-fibers
1  1 : 1
2  1 : 2
3  2 : 3 60
4  2 : 4 26
5  1 : 5
6  1 : 6
7  3 : 7 30 42
8  1 : 8
9  1 : 9
10  1 : 10
11  1 : 11
12  3 : 12 62 74
13  2 : 13 122
14  96 : 14 27 31 33 34 37 38 40 41 46 49 50 51 52 53 54 55 56 57 58 59 61 64 65 66 67 68 70 72 73 75 76 77 78 79 80 82 83 84 85 87 88 90 91 92 93 95 96 97 98 99 100 101 102 104 105 106 107 108 109 110 111 112 113 114 115 116 117 118 119 120 121 123 124 125 126 127 129 130 131 132 133 134 135 136 137 138 139 140 141 142 143 144 145 146 147
15  2 : 15 103
16  4 : 16 44 69 128
17  1 : 17
18  1 : 18
19  2 : 19 43
20  1 : 20
21  2 : 21 36
22  1 : 22
23  1 : 23
24  2 : 24 45
25  2 : 25 71
28  3 : 28 86 89
29  2 : 29 63
32  3 : 32 47 81
35  1 : 35
39  1 : 39
48  1 : 48
94  1 : 94
% end

% frame 44
% time 4.5
% start   4.5
% cluster-index, number-of-fibers : name-of-fibers
1  1 : 1
2  1 : 2
3  2 : 3 60
4  2 : 4 26
5  1 : 5
6  1 : 6
7  3 : 7 30 42
8  1 : 8
9  1 : 9
10  1 : 10
11  1 : 11
12  3 : 12 62 74
13  2 : 13 122
14  96 : 14 27 31 33 34 37 38 40 41 46 49 50 51 52 53 54 55 56 57 58 59 61 64 65 66 67 68 70 72 73 75 76 77 78 79 80 82 83 84 85 87 88 90 91 92 93 95 96 97 98 99 100 101 102 104 105 106 107 108 109 110 111 112 113 114 115 116 117 118 119 120 121 123 124 125 126 127 129 130 131 132 133 134 135 136 137 138 139 140 141 142 143 144 145 146 147
15  2 : 15 103
16  4 : 16 44 69 128
17  1 : 17
18  1 : 18
19  2 : 19 43
20  1 : 20
21  2 : 21 36
22  1 : 22
23  1 : 23
24  2 : 24 45
25  2 : 25 71
28  3 : 28 86 89
29  2 : 29 63
32  3 : 32 47 81
35  1 : 35
39  1 : 39
48  1 : 48
94  1 : 94
% end

% frame 45
% time 4.6
% start   4.6
% cluster-index, number-of-fibers : name-of-fibers
1  1 : 1
2  1 : 2
3  2 : 3 60
4  2 : 4 26
5  1 : 5
6  1 : 6
7  3 : 7 30 42
8  1 : 8
9  1 : 9
10  1 : 10
11  1 : 11
12  3 : 12 62 74
13  2 : 13 122
14  96 : 14 27 31 33 34 37 38 40 41 46 49 50 51 52 53 54 55 56 57 58 59 61 64 65 66 67 68 70 72 73 75 76 77 78 79 80 82 83 84 85 87 88 90 91 92 93 95 96 97 98 99 100 101 102 104 105 106 107 108 109 110 111 112 113 114 115 116 117 118 119 120 121 123 124 125 126 127 129 130 131 132 133 134 135 136 137 138 139 140 141 142 143 144 145 146 147
15  2 : 15 103
16  4 : 16 44 69 128
17  1 : 17
18  1 : 18
19  2 : 19 43
20  1 : 20
21  2 : 21 36
22  1 : 22
23  1 : 23
24  2 : 24 45
25  2 : 25 71
28  3 : 28 86 89
29  2 : 29 63
32  3 : 32 47 81
35  1 : 35
39  1 : 39
48  1 : 48
94  1 : 94
% end

% frame 46
% time 4.7
% start   4.7
% cluster-index, number-of-fibers : name-of-fibers
1  1 : 1
2  1 : 2
3  2 : 3 60
4  2 : 4 26
5  1 : 5
6  1 : 6
7  3 : 7 30 42
8  1 : 8
9  1 : 9
10  1 : 10
11  1 : 11
12  3 : 12 62 74
13  2 : 13 122
14  96 : 14 27 31 33 34 37 38 40 41 46 49 50 51 52 53 54 55 56 57 58 59 61 64 65 66 67 68 70 72 73 75 76 77 78 79 80 82 83 84 85 87 88 90 91 92 93 95 96 97 98 99 100 101 102 104 105 106 107 108 109 110 111 112 113 114 115 116 117 118 119 120 121 123 124 125 126 127 129 130 131 132 133 134 135 136 137 138 139 140 141 142 143 144 145 146 147
15  2 : 15 103
16  4 : 16 44 69 128
17  1 : 17
18  1 : 18
19  2 : 19 43
20  1 : 20
21  2 : 21 36
22  1 : 22
23  1 : 23
24  2 : 24 45
25  2 : 25 71
28  3 : 28 86 89
29  2 : 29 63
32  3 : 32 47 81
35  1 : 35
39  1 : 39
48  1 : 48
94  1 : 94
% end

% frame 47
% time 4.8
% start   4.8
% cluster-index, number-of-fibers : name-of-fibers
1  1 : 1
2  1 : 2
3  2 : 3 60
4  2 : 4 26
5  1 : 5
6  1 : 6
7  3 : 7 30 42
8  1 : 8
9  1 : 9
10  1 : 10
11  1 : 11
12  3 : 12 62 74
13  2 : 13 122
14  98 : 14 27 31 33 34 37 38 40 41 46 49 50 51 52 53 54 55 56 57 58 59 61 64 65 66 67 68 70 72 73 75 76 77 78 79 80 82 83 84 85 87 88 90 91 92 93 95 96 97 98 99 100 101 102 104 105 106 107 108 109 110 111 112 113 114 115 116 117 118 119 120 121 123 124 125 126 127 129 130 131 132 133 134 135 136 137 138 139 140 141 142 143 144 145 146 147 148 149
15  2 : 15 103
16  4 : 16 44 69 128
17  1 : 17
18  1 : 18
19  2 : 19 43
20  1 : 20
21  2 : 21 36
22  1 : 22
23  1 : 23
24  2 : 24 45
25  2 : 25 71
28  3 : 28 86 89
29  2 : 29 63
32  3 : 32 47 81
35  1 : 35
39  1 : 39
48  1 : 48
94  1 : 94
% end

% frame 48
% time 4.9
% start   4.9
% cluster-index, number-of-fibers : name-of-fibers
1  1 : 1
2  1 : 2
3  2 : 3 60
4  2 : 4 26
5  1 : 5
6  1 : 6
7  3 : 7 30 42
8  1 : 8
9  1 : 9
10  1 : 10
11  1 : 11
12  3 : 12 62 74
13  2 : 13 122
14  98 : 14 27 31 33 34 37 38 40 41 46 49 50 51 52 53 54 55 56 57 58 59 61 64 65 66 67 68 70 72 73 75 76 77 78 79 80 82 83 84 85 87 88 90 91 92 93 95 96 97 98 99 100 101 102 104 105 106 107 108 109 110 111 112 113 114 115 116 117 118 119 120 121 123 124 125 126 127 129 130 131 132 133 134 135 136 137 138 139 140 141 142 143 144 145 146 147 148 149
15  2 : 15 103
16  4 : 16 44 69 128
17  1 : 17
18  1 : 18
19  2 : 19 43
20  1 : 20
21  2 : 21 36
22  1 : 22
23  1 : 23
24  2 : 24 45
25  2 : 25 71
28  3 : 28 86 89
29  2 : 29 63
32  3 : 32 47 81
35  1 : 35
39  1 : 39
48  1 : 48
94  1 : 94
% end

% frame 49
% time 5
% start   5
% cluster-index, number-of-fibers : name-of-fibers
1  1 : 1
2  1 : 2
3  2 : 3 60
4  2 : 4 26
5  1 : 5
6  1 : 6
7  3 : 7 30 42
8  1 : 8
9  1 : 9
10  1 : 10
11  1 : 11
12  3 : 12 62 74
13  2 : 13 122
14  100 : 14 27 31 33 34 37 38 40 41 46 49 50 51 52 53 54 55 56 57 58 59 61 64 65 66 67 68 70 72 73 75 76 77 78 79 80 82 83 84 85 87 88 90 91 92 93 95 96 97 98 99 100 101 102 104 105 106 107 108 109 110 111 112 113 114 115 116 117 118 119 120 121 123 124 125 126 127 129 130 131 132 133 134 135 136 137 138 139 140 141 142 143 144 145 146 147 148 149 150 151
15  2 : 15 103
16  4 : 16 44 69 128
17  1 : 17
18  1 : 18
19  2 : 19 43
20  1 : 20
21  2 : 21 36
22  1 : 22
23  1 : 23
24  2 : 24 45
25  2 : 25 71
28  3 : 28 86 89
29  2 : 29 63
32  3 : 32 47 81
35  1 : 35
39  1 : 39
48  1 : 48
94  1 : 94
% end

% frame 50
% time 5.1
% start   5.1
% cluster-index, number-of-fibers : name-of-fibers
1  1 : 1
2  1 : 2
3  2 : 3 60
4  2 : 4 26
5  1 : 5
6  1 : 6
7  3 : 7 30 42
8  1 : 8
9  1 : 9
10  1 : 10
11  1 : 11
12  3 : 12 62 74
13  2 : 13 122
14  103 : 14 27 31 33 34 37 38 40 41 46 49 50 51 52 53 54 55 56 57 58 59 61 64 65 66 67 68 70 72 73 75 76 77 78 79 80 82 83 84 85 87 88 90 91 92 93 95 96 97 98 99 100 101 102 104 105 106 107 108 109 110 111 112 113 114 115 116 117 118 119 120 121 123 124 125 126 127 129 130 131 132 133 134 135 136 137 138 139 140 141 142 143 144 145 146 147 148 149 150 151 152 153 154
15  2 : 15 103
16  4 : 16 44 69 128
17  1 : 17
18  1 : 18
19  2 : 19 43
20  1 : 20
21  2 : 21 36
22  1 : 22
23  1 : 23
24  2 : 24 45
25  2 : 25 71
28  3 : 28 86 89
29  2 : 29 63
32  3 : 32 47 81
35  1 : 35
39  1 : 39
48  1 : 48
94  1 : 94
% end

% frame 51
% time 5.2
% start   5.2
% cluster-index, number-of-fibers : name-of-fibers
1  1 : 1
2  1 : 2
3  2 : 3 60
4  2 : 4 26
5  1 : 5
6  1 : 6
7  3 : 7 30 42
8  1 : 8
9  1 : 9
10  1 : 10
11  1 : 11
12  3 : 12 62 74
13  2 : 13 122
14  105 : 14 27 31 33 34 37 38 40 41 46 49 50 51 52 53 54 55 56 57 58 59 61 64 65 66 67 68 70 72 73 75 76 77 78 79 80 82 83 84 85 87 88 90 91 92 93 95 96 97 98 99 100 101 102 104 105 106 107 108 109 110 111 112 113 114 115 116 117 118 119 120 121 123 124 125 126 127 129 130 131 132 133 134 135 136 137 138 139 140 141 142 143 144 145 146 147 148 149 150 151 152 153 154 155 156
15  2 : 15 103
16  4 : 16 44 69 128
17  1 : 17
18  1 : 18
19  2 : 19 43
20  1 : 20
21  2 : 21 36
22  1 : 22
23  1 : 23
24  2 : 24 45
25  2 : 25 71
28  3 : 28 86 89
29  2 : 29 63
32  3 : 32 47 81
35  1 : 35
39  1 : 39
48  1 : 48
94  1 : 94
% end

% frame 52
% time 5.3
% start   5.3
% cluster-index, number-of-fibers : name-of-fibers
1  1 : 1
2  1 : 2
3  2 : 3 60
4  2 : 4 26
5  1 : 5
6  1 : 6
7  3 : 7 30 42
8  1 : 8
9  1 : 9
10  1 : 10
11  1 : 11
12  3 : 12 62 74
13  2 : 13 122
14  105 : 14 27 31 33 34 37 38 40 41 46 49 50 51 52 53 54 55 56 57 58 59 61 64 65 66 67 68 70 72 73 75 76 77 78 79 80 82 83 84 85 87 88 90 91 92 93 95 96 97 98 99 100 101 102 104 105 106 107 108 109 110 111 112 113 114 115 116 117 118 119 120 121 123 124 125 126 127 129 130 131 132 133 134 135 136 137 138 139 140 141 142 143 144 145 146 147 148 149 150 151 152 153 154 155 156
15  2 : 15 103
16  4 : 16 44 69 128
17  1 : 17
18  1 : 18
19  2 : 19 43
20  1 : 20
21  2 : 21 36
22  1 : 22
23  1 : 23
24  2 : 24 45
25  2 : 25 71
28  3 : 28 86 89
29  2 : 29 63
32  3 : 32 47 81
35  1 : 35
39  1 : 39
48  1 : 48
94  1 : 94
% end

% frame 53
% time 5.4
% start   5.4
% cluster-index, number-of-fibers : name-of-fibers
1  1 : 1
2  1 : 2
3  2 : 3 60
4  2 : 4 26
5  1 : 5
6  1 : 6
7  3 : 7 30 42
8  1 : 8
9  1 : 9
10  1 : 10
11  1 : 11
12  3 : 12 62 74
13  2 : 13 122
14  109 : 14 27 31 33 34 37 38 40 41 46 49 50 51 52 53 54 55 56 57 58 59 61 64 65 66 67 68 70 72 73 75 76 77 78 79 80 82 83 84 85 87 90 91 92 93 95 96 97 98 99 100 101 102 104 105 106 107 108 109 110 111 112 113 114 115 116 117 118 119 120 121 123 124 125 126 127 129 130 131 132 133 134 135 136 137 138 139 140 141 142 143 144 145 146 147 148 149 150 151 152 153 154 155 156 157 158 159 160 161
15  2 : 15 103
16  4 : 16 44 69 128
17  1 : 17
18  1 : 18
19  2 : 19 43
20  1 : 20
21  2 : 21 36
22  1 : 22
23  1 : 23
24  2 : 24 45
25  2 : 25 71
28  3 : 28 86 89
29  2 : 29 63
32  3 : 32 47 81
35  1 : 35
39  1 : 39
48  1 : 48
88  1 : 88
94  1 : 94
% end

% frame 54
% time 5.5
% start   5.5
% cluster-index, number-of-fibers : name-of-fibers
1  1 : 1
2  1 : 2
3  2 : 3 60
4  2 : 4 26
5  1 : 5
6  1 : 6
7  3 : 7 30 42
8  1 : 8
9  1 : 9
10  1 : 10
11  1 : 11
12  3 : 12 62 74
13  2 : 13 122
14  110 : 14 27 31 33 34 37 38 40 41 46 49 50 51 52 53 54 55 56 57 58 59 61 64 65 66 67 68 70 72 73 75 76 77 78 79 80 82 83 84 85 87 90 91 92 93 95 96 97 98 99 100 101 102 104 105 106 107 108 109 110 111 112 113 114 115 116 117 118 119 120 121 123 124 125 126 127 129 130 131 132 133 134 135 136 137 138 139 140 141 142 143 144 145 146 147 148 149 150 151 152 153 154 155 156 157 158 159 160 161 162
15  2 : 15 103
16  4 : 16 44 69 128
17  1 : 17
18  1 : 18
19  2 : 19 43
20  1 : 20
21  2 : 21 36
22  1 : 22
23  1 : 23
24  2 : 24 45
25  2 : 25 71
28  3 : 28 86 89
29  2 : 29 63
32  3 : 32 47 81
35  1 : 35
39  1 : 39
48  1 : 48
88  1 : 88
94  1 : 94
% end

% frame 55
% time 5.6
% start   5.6
% cluster-index, number-of-fibers : name-of-fibers
1  1 : 1
2  1 : 2
3  2 : 3 60
4  2 : 4 26
5  1 : 5
6  1 : 6
7  3 : 7 30 42
8  1 : 8
9  1 : 9
10  1 : 10
11  1 : 11
12  3 : 12 62 74
13  2 : 13 122
14  115 : 14 27 31 33 34 37 38 40 41 46 49 50 51 52 53 54 55 56 57 58 59 61 64 65 66 67 68 70 72 73 75 76 77 78 79 80 82 83 84 85 87 88 90 91 92 93 95 96 97 98 99 100 101 102 104 105 106 107 108 109 110 111 112 113 114 115 116 117 118 119 120 121 123 124 125 126 127 129 130 131 132 133 134 135 136 137 138 139 140 141 142 143 144 145 146 147 148 149 150 151 152 153 154 155 156 157 158 159 160 161 162 163 164 165 166
15  2 : 15 103
16  4 : 16 44 69 128
17  1 : 17
18  1 : 18
19  2 : 19 43
20  1 : 20
21  2 : 21 36
22  1 : 22
23  1 : 23
24  2 : 24 45
25  2 : 25 71
28  3 : 28 86 89
29  2 : 29 63
32  3 : 32 47 81
35  1 : 35
39  1 : 39
48  1 : 48
94  1 : 94
% end

% frame 56
% time 5.7
% start   5.7
% cluster-index, number-of-fibers : name-of-fibers
1  1 : 1
2  1 : 2
3  2 : 3 60
4  2 : 4 26
5  1 : 5
6  1 : 6
7  3 : 7 30 42
8  1 : 8
9  1 : 9
10  1 : 10
11  1 : 11
12  3 : 12 62 74
13  2 : 13 122
14  117 : 14 27 31 33 34 37 38 40 41 46 49 50 51 52 53 54 55 56 57 58 59 61 64 65 66 67 68 70 72 73 75 76 77 78 79 80 82 83 84 85 87 88 90 91 92 93 95 96 97 98 99 100 101 102 104 105 106 107 108 109 110 111 112 113 114 115 116 117 118 119 120 121 123 124 125 126 127 129 130 131 132 133 134 135 136 137 138 139 140 141 142 143 144 145 146 147 148 149 150 151 152 153 154 155 156 157 158 159 160 161 162 163 164 165 166 167 168
15  2 : 15 103
16  4 : 16 44 69 128
17  1 : 17
18  1 : 18
19  2 : 19 43
20  1 : 20
21  2 : 21 36
22  1 : 22
23  1 : 23
24  2 : 24 45
25  2 : 25 71
28  3 : 28 86 89
29  2 : 29 63
32  3 : 32 47 81
35  1 : 35
39  1 : 39
48  1 : 48
94  1 : 94
% end

% frame 57
% time 5.8
% start   5.8
% cluster-index, number-of-fibers : name-of-fibers
1  1 : 1
2  1 : 2
3  2 : 3 60
4  2 : 4 26
5  1 : 5
6  1 : 6
7  3 : 7 30 42
8  1 : 8
9  1 : 9
10  1 : 10
11  1 : 11
12  3 : 12 62 74
13  2 : 13 122
14  118 : 14 27 31 33 34 37 38 40 41 46 49 50 51 52 53 54 55 56 57 58 59 61 64 65 66 67 68 70 72 73 75 76 77 78 79 80 82 83 84 85 87 88 90 91 92 93 95 96 97 98 99 100 101 102 104 105 106 107 108 109 110 111 112 113 114 115 116 117 118 119 120 121 123 124 125 126 127 129 130 131 132 133 134 135 136 137 138 139 140 141 142 143 144 145 146 147 148 149 150 151 152 153 154 155 156 157 158 159 160 161 162 163 164 165 166 167 168 169
15  2 : 15 103
16  4 : 16 44 69 128
17  1 : 17
18  1 : 18
19  2 : 19 43
20  1 : 20
21  2 : 21 36
22  1 : 22
23  1 : 23
24  2 : 24 45
25  2 : 25 71
28  3 : 28 86 89
29  2 : 29 63
32  3 : 32 47 81
35  1 : 35
39  1 : 39
48  1 : 48
94  1 : 94
% end

% frame 58
% time 5.9
% start   5.9
% cluster-index, number-of-fibers : name-of-fibers
1  1 : 1
2  1 : 2
3  2 : 3 60
4  2 : 4 26
5  1 : 5
6  1 : 6
7  3 : 7 30 42
8  1 : 8
9  1 : 9
10  1 : 10
11  1 : 11
12  3 : 12 62 74
13  2 : 13 122
14  122 : 14 27 31 33 34 37 38 40 41 46 49 50 51 52 53 54 55 56 57 58 59 61 64 65 66 67 68 70 72 73 75 76 77 78 79 80 82 83 84 85 87 88 90 91 92 93 95 96 97 98 99 100 101 102 104 105 106 107 108 109 110 111 112 113 114 115 116 117 118 119 120 121 123 124 125 126 127 129 130 131 132 133 134 135 136 137 138 139 140 141 142 143 144 145 146 147 148 149 150 151 152 153 154 155 156 157 158 159 160 161 162 163 164 165 166 167 168 169 170 171 172 173
15  2 : 15 103
16  4 : 16 44 69 128
17  1 : 17
18  1 : 18
19  2 : 19 43
20  1 : 20
21  2 : 21 36
22  1 : 22
23  1 : 23
24  2 : 24 45
25  2 : 25 71
28  3 : 28 86 89
29  2 : 29 63
32  3 : 32 47 81
35  1 : 35
39  1 : 39
48  1 : 48
94  1 : 94
% end

% frame 59
% time 6
% start   6
% cluster-index, number-of-fibers : name-of-fibers
1  1 : 1
2  1 : 2
3  2 : 3 60
4  2 : 4 26
5  1 : 5
6  1 : 6
7  3 : 7 30 42
8  1 : 8
9  1 : 9
10  1 : 10
11  1 : 11
12  3 : 12 62 74
13  2 : 13 122
14  124 : 14 27 31 33 34 37 38 40 41 46 49 50 51 52 53 54 55 56 57 58 59 61 64 65 66 67 68 70 72 73 75 76 77 78 79 80 82 83 84 85 87 88 90 91 92 93 95 96 97 98 99 100 101 102 104 105 106 107 108 109 110 111 112 113 114 115 116 117 118 119 120 121 123 124 125 126 127 129 130 131 132 133 134 135 136 137 138 139 140 141 142 143 144 145 146 147 148 149 150 151 152 153 154 155 156 157 158 159 160 161 162 163 164 165 166 167 168 169 170 171 172 173 174 175
15  2 : 15 103
16  4 : 16 44 69 128
17  1 : 17
18  1 : 18
19  2 : 19 43
20  1 : 20
21  2 : 21 36
22  1 : 22
23  1 : 23
24  2 : 24 45
25  2 : 25 71
28  3 : 28 86 89
29  2 : 29 63
32  3 : 32 47 81
35  1 : 35
39  1 : 39
48  1 : 48
94  1 : 94
% end

% frame 60
% time 6.1
% start   6.1
% cluster-index, number-of-fibers : name-of-fibers
1  1 : 1
2  1 : 2
3  2 : 3 60
4  2 : 4 26
5  1 : 5
6  1 : 6
7  3 : 7 30 42
8  1 : 8
9  1 : 9
10  1 : 10
11  1 : 11
12  3 : 12 62 74
13  2 : 13 122
14  126 : 14 27 31 33 34 37 38 40 41 46 49 50 51 52 53 54 55 56 57 58 59 61 64 65 66 67 68 70 72 73 75 76 77 78 79 80 82 83 84 85 87 88 90 91 92 93 95 96 97 98 99 100 101 102 104 105 106 107 108 109 110 111 112 113 114 115 116 117 118 119 120 121 123 124 125 126 127 129 130 131 132 133 134 135 136 137 138 139 140 141 142 143 144 145 146 147 148 149 150 151 152 153 154 155 156 157 158 159 160 161 162 163 164 165 166 167 168 169 170 171 172 173 174 175 176 177
15  2 : 15 103
16  4 : 16 44 69 128
17  1 : 17
18  1 : 18
19  2 : 19 43
20  1 : 20
21  2 : 21 36
22  1 : 22
23  1 : 23
24  2 : 24 45
25  2 : 25 71
28  3 : 28 86 89
29  2 : 29 63
32  3 : 32 47 81
35  1 : 35
39  1 : 39
48  1 : 48
94  1 : 94
% end

% frame 61
% time 6.2
% start   6.2
% cluster-index, number-of-fibers : name-of-fibers
1  1 : 1
2  1 : 2
3  2 : 3 60
4  2 : 4 26
5  1 : 5
6  1 : 6
7  3 : 7 30 42
8  1 : 8
9  1 : 9
10  1 : 10
11  1 : 11
12  3 : 12 62 74
13  2 : 13 122
14  132 : 14 27 31 33 34 37 38 40 41 46 49 50 51 52 53 54 55 56 57 58 59 61 64 65 66 67 68 70 72 73 75 76 77 78 79 80 82 83 84 85 87 88 90 91 92 93 95 96 97 98 99 100 101 102 104 105 106 107 108 109 110 111 112 113 114 115 116 117 118 119 120 121 123 124 125 126 127 129 130 131 132 133 134 135 136 137 138 139 140 141 142 143 144 145 146 147 148 149 150 151 152 153 154 155 156 157 158 159 160 161 162 163 164 165 166 167 168 169 170 171 172 173 174 175 176 177 178 179 180 181 182 183
15  2 : 15 103
16  4 : 16 44 69 128
17  1 : 17
18  1 : 18
19  2 : 19 43
20  1 : 20
21  2 : 21 36
22  1 : 22
23  1 : 23
24  2 : 24 45
25  2 : 25 71
28  3 : 28 86 89
29  2 : 29 63
32  3 : 32 47 81
35  1 : 35
39  1 : 39
48  1 : 48
94  1 : 94
% end

% frame 62
% time 6.3
% start   6.3
% cluster-index, number-of-fibers : name-of-fibers
1  1 : 1
2  1 : 2
3  2 : 3 60
4  2 : 4 26
5  1 : 5
6  1 : 6
7  3 : 7 30 42
8  1 : 8
9  1 : 9
10  1 : 10
11  1 : 11
12  3 : 12 62 74
13  2 : 13 122
14  134 : 14 27 31 33 34 37 38 40 41 46 49 50 51 52 53 54 55 56 57 58 59 61 64 65 66 67 68 70 72 73 75 76 77 78 79 80 82 83 84 85 87 88 90 91 92 93 95 96 97 98 99 100 101 102 104 105 106 107 108 109 110 111 112 113 114 115 116 117 118 119 120 121 123 124 125 126 127 129 130 131 132 133 134 135 136 137 138 139 140 141 142 143 144 145 146 147 148 149 150 151 152 153 154 155 156 157 158 159 160 161 162 163 164 165 166 167 168 169 170 171 172 173 174 175 176 177 178 179 180 181 182 183 184 185
15  2 : 15 103
16  4 : 16 44 69 128
17  1 : 17
18  1 : 18
19  2 : 19 43
20  1 : 20
21  2 : 21 36
22  1 : 22
23  1 : 23
24  2 : 24 45
25  2 : 25 71
28  3 : 28 86 89
29  2 : 29 63
32  3 : 32 47 81
35  1 : 35
39  1 : 39
48  1 : 48
94  1 : 94
% end

% frame 63
% time 6.4
% start   6.4
% cluster-index, number-of-fibers : name-of-fibers
1  1 : 1
2  1 : 2
3  2 : 3 60
4  2 : 4 26
5  1 : 5
6  1 : 6
7  3 : 7 30 42
8  1 : 8
9  1 : 9
10  1 : 10
11  1 : 11
12  3 : 12 62 74
13  2 : 13 122
14  136 : 14 27 31 33 34 37 38 40 41 46 49 50 51 52 53 54 55 56 57 58 59 61 64 65 66 67 68 70 72 73 75 76 77 78 79 80 82 83 84 85 87 88 90 91 92 93 95 96 97 98 99 100 101 102 104 105 106 107 108 109 110 111 112 113 114 115 116 117 118 119 120 121 123 124 125 126 127 129 130 131 132 133 134 135 136 137 138 139 140 141 142 143 144 145 146 147 148 149 150 151 152 153 154 155 156 157 158 159 160 161 162 163 164 165 166 167 168 169 170 171 172 173 174 175 176 177 178 179 180 181 182 183 184 185 186 187
15  2 : 15 103
16  4 : 16 44 69 128
17  1 : 17
18  1 : 18
19  2 : 19 43
20  1 : 20
21  2 : 21 36
22  1 : 22
23  1 : 23
24  2 : 24 45
25  2 : 25 71
28  3 : 28 86 89
29  2 : 29 63
32  3 : 32 47 81
35  1 : 35
39  1 : 39
48  1 : 48
94  1 : 94
% end

% frame 64
% time 6.5
% start   6.5
% cluster-index, number-of-fibers : name-of-fibers
1  1 : 1
2  1 : 2
3  2 : 3 60
4  2 : 4 26
5  1 : 5
6  1 : 6
7  3 : 7 30 42
8  1 : 8
9  1 : 9
10  1 : 10
11  1 : 11
12  3 : 12 62 74
13  2 : 13 122
14  140 : 14 27 31 33 34 37 38 40 41 46 49 50 51 52 53 54 55 56 57 58 59 61 64 65 66 67 68 70 72 73 75 76 77 78 79 80 82 83 84 85 87 88 90 91 92 93 95 96 97 98 99 100 101 102 104 105 106 107 108 109 110 111 112 113 114 115 116 117 118 119 120 121 123 124 125 126 127 129 130 131 132 133 134 135 136 137 138 139 140 141 142 143 144 145 146 147 148 149 150 151 152 153 154 155 156 157 158 159 160 161 162 163 164 165 166 167 168 169 170 171 172 173 174 175 176 177 178 179 180 181 182 183 184 185 186 187 188 189 190 191
15  2 : 15 103
16  4 : 16 44 69 128
17  1 : 17
18  1 : 18
19  2 : 19 43
20  1 : 20
21  2 : 21 36
22  1 : 22
23  1 : 23
24  2 : 24 45
25  2 : 25 71
28  3 : 28 86 89
29  2 : 29 63
32  3 : 32 47 81
35  1 : 35
39  1 : 39
48  1 : 48
94  1 : 94
% end

% frame 65
% time 6.6
% start   6.6
% cluster-index, number-of-fibers : name-of-fibers
1  1 : 1
2  1 : 2
3  2 : 3 60
4  2 : 4 26
5  1 : 5
6  1 : 6
7  3 : 7 30 42
8  1 : 8
9  1 : 9
10  1 : 10
11  1 : 11
12  3 : 12 62 74
13  2 : 13 122
14  144 : 14 27 31 33 34 37 38 40 41 46 49 50 51 52 53 54 55 56 57 58 59 61 64 65 66 67 68 70 72 73 75 76 77 78 79 80 82 83 84 85 87 88 90 91 92 93 95 96 97 98 99 100 101 102 104 105 106 107 108 109 110 111 112 113 114 115 116 117 118 119 120 121 123 124 125 126 127 129 130 131 132 133 134 135 136 137 138 139 140 141 142 143 144 145 146 147 148 149 150 151 152 153 154 155 156 157 158 159 160 161 162 163 164 165 166 167 168 169 170 171 172 173 174 175 176 177 178 179 180 181 182 183 184 185 186 187 188 189 190 191 192 193 194 195
15  2 : 15 103
16  4 : 16 44 69 128
17  1 : 17
18  1 : 18
19  2 : 19 43
20  1 : 20
21  2 : 21 36
22  1 : 22
23  1 : 23
24  2 : 24 45
25  2 : 25 71
28  3 : 28 86 89
29  2 : 29 63
32  3 : 32 47 81
35  1 : 35
39  1 : 39
48  1 : 48
94  1 : 94
% end

% frame 66
% time 6.7
% start   6.7
% cluster-index, number-of-fibers : name-of-fibers
1  1 : 1
2  1 : 2
3  2 : 3 60
4  2 : 4 26
5  1 : 5
6  1 : 6
7  3 : 7 30 42
8  1 : 8
9  1 : 9
10  1 : 10
11  1 : 11
12  3 : 12 62 74
13  2 : 13 122
14  147 : 14 27 31 33 34 37 38 40 41 46 49 50 51 52 53 54 55 56 57 58 59 61 64 65 66 67 68 70 72 73 75 76 77 78 79 80 82 83 84 85 87 88 90 91 92 93 95 96 97 98 99 100 101 102 104 105 106 107 108 109 110 111 112 113 114 115 116 117 118 119 120 121 123 124 125 126 127 129 130 131 132 133 134 135 136 137 138 139 140 141 142 143 144 145 146 147 148 149 150 151 152 153 154 155 156 157 158 159 160 161 162 163 164 165 166 167 168 169 170 171 172 173 174 175 176 177 178 179 180 181 182 183 184 185 186 187 188 189 190 191 192 193 194 195 196 197 198
15  2 : 15 103
16  4 : 16 44 69 128
17  1 : 17
18  1 : 18
19  2 : 19 43
20  1 : 20
21  2 : 21 36
22  1 : 22
23  1 : 23
24  2 : 24 45
25  2 : 25 71
28  3 : 28 86 89
29  2 : 29 63
32  3 : 32 47 81
35  1 : 35
39  1 : 39
48  1 : 48
94  1 : 94
% end

% frame 67
% time 6.8
% start   6.8
% cluster-index, number-of-fibers : name-of-fibers
1  1 : 1
2  1 : 2
3  2 : 3 60
4  2 : 4 26
5  1 : 5
6  1 : 6
7  3 : 7 30 42
8  1 : 8
9  1 : 9
10  1 : 10
11  1 : 11
12  3 : 12 62 74
13  2 : 13 122
14  150 : 14 27 31 33 34 37 38 40 41 46 49 50 51 52 53 54 55 56 57 58 59 61 64 65 66 67 68 70 72 73 75 76 77 78 79 80 82 83 84 85 87 88 90 91 92 93 95 96 97 98 99 100 101 102 104 105 106 107 108 109 110 111 112 113 114 115 116 117 118 119 120 121 123 124 125 126 127 129 130 131 132 133 134 135 136 137 138 139 140 141 142 143 144 145 146 147 148 149 150 151 152 153 154 155 156 157 158 159 160 161 162 163 164 165 166 167 168 169 170 171 172 173 174 175 176 177 178 179 180 181 182 183 184 185 186 187 188 189 190 191 192 193 194 195 196 197 198 199 200 201
15  2 : 15 103
16  4 : 16 44 69 128
17  1 : 17
18  1 : 18
19  2 : 19 43
20  1 : 20
21  2 : 21 36
22  1 : 22
23  1 : 23
24  2 : 24 45
25  2 : 25 71
28  3 : 28 86 89
29  2 : 29 63
32  3 : 32 47 81
35  1 : 35
39  1 : 39
48  1 : 48
94  1 : 94
% end

% frame 68
% time 6.9
% start   6.9
% cluster-index, number-of-fibers : name-of-fibers
1  1 : 1
2  1 : 2
3  2 : 3 60
4  2 : 4 26
5  1 : 5
6  1 : 6
7  3 : 7 30 42
8  1 : 8
9  1 : 9
10  1 : 10
11  1 : 11
12  3 : 12 62 74
13  2 : 13 122
14  152 : 14 27 31 33 34 37 38 40 41 46 49 50 51 52 53 54 55 56 57 58 59 61 64 65 66 67 68 70 72 73 75 76 77 78 79 80 82 83 84 85 87 88 90 91 92 93 95 96 97 98 99 100 101 102 104 105 106 107 108 109 110 111 112 113 114 115 116 117 118 119 120 121 123 124 125 126 127 129 130 131 132 133 134 135 136 137 138 139 140 141 142 143 144 145 146 147 148 149 150 151 152 153 154 155 156 157 158 159 160 161 162 163 164 165 166 167 168 169 170 171 172 173 174 175 176 177 178 179 180 181 182 183 184 185 186 187 188 189 190 191 192 193 194 195 196 197 198 199 200 201 202 203
15  2 : 15 103
16  4 : 16 44 69 128
17  1 : 17
18  1 : 18
19  2 : 19 43
20  1 : 20
21  2 : 21 36
22  1 : 22
23  1 : 23
24  2 : 24 45
25  2 : 25 71
28  3 : 28 86 89
29  2 : 29 63
32  3 : 32 47 81
35  1 : 35
39  1 : 39
48  1 : 48
94  1 : 94
% end

% frame 69
% time 7
% start   7
% cluster-index, number-of-fibers : name-of-fibers
1  1 : 1
2  1 : 2
3  2 : 3 60
4  2 : 4 26
5  1 : 5
6  1 : 6
7  3 : 7 30 42
8  1 : 8
9  1 : 9
10  1 : 10
11  1 : 11
12  3 : 12 62 74
13  2 : 13 122
14  153 : 14 27 31 33 34 37 38 40 41 46 49 50 51 52 53 54 55 56 57 58 59 61 64 65 66 67 68 70 72 73 75 76 77 78 79 80 82 83 84 85 87 88 90 91 92 93 95 96 97 98 99 100 101 102 104 105 106 107 108 109 110 111 112 113 114 115 116 117 118 119 120 121 123 124 125 126 127 129 130 131 132 133 134 135 136 137 138 139 140 141 142 143 144 145 146 147 148 149 150 151 152 153 154 155 156 157 158 159 160 161 162 163 164 165 166 167 168 169 170 171 172 173 174 175 176 177 178 179 180 181 182 183 184 185 186 187 188 189 190 191 192 193 194 195 196 197 198 199 200 201 202 203 204
15  2 : 15 103
16  4 : 16 44 69 128
17  1 : 17
18  1 : 18
19  2 : 19 43
20  1 : 20
21  2 : 21 36
22  1 : 22
23  1 : 23
24  2 : 24 45
25  2 : 25 71
28  3 : 28 86 89
29  2 : 29 63
32  3 : 32 47 81
35  1 : 35
39  1 : 39
48  1 : 48
94  1 : 94
% end

% frame 70
% time 7.1
% start   7.1
% cluster-index, number-of-fibers : name-of-fibers
1  1 : 1
2  1 : 2
3  2 : 3 60
4  2 : 4 26
5  1 : 5
6  1 : 6
7  3 : 7 30 42
8  1 : 8
9  1 : 9
10  1 : 10
11  1 : 11
12  3 : 12 62 74
13  2 : 13 122
14  156 : 14 27 31 33 34 37 38 40 41 46 49 50 51 52 53 54 55 56 57 58 59 61 64 65 66 67 68 70 72 73 75 76 77 78 79 80 82 83 84 85 87 88 90 91 92 93 95 96 97 98 99 100 101 102 104 105 106 107 108 109 110 111 112 113 114 115 116 117 118 119 120 121 123 124 125 126 127 129 130 131 132 133 134 135 136 137 138 139 140 141 142 143 144 145 146 147 148 149 150 151 152 153 154 155 156 157 158 159 160 161 162 163 164 165 166 167 168 169 170 171 172 173 174 175 176 177 178 179 180 181 182 183 184 185 186 187 188 189 190 191 192 193 194 195 196 197 198 199 200 201 202 203 204 205 206 207
15  2 : 15 103
16  4 : 16 44 69 128
17  1 : 17
18  1 : 18
19  2 : 19 43
20  1 : 20
21  2 : 21 36
22  1 : 22
23  1 : 23
24  2 : 24 45
25  2 : 25 71
28  3 : 28 86 89
29  2 : 29 63
32  3 : 32 47 81
35  1 : 35
39  1 : 39
48  1 : 48
94  1 : 94
% end

% frame 71
% time 7.2
% start   7.2
% cluster-index, number-of-fibers : name-of-fibers
1  1 : 1
2  1 : 2
3  2 : 3 60
4  2 : 4 26
5  1 : 5
6  1 : 6
7  3 : 7 30 42
8  1 : 8
9  1 : 9
10  1 : 10
11  1 : 11
12  3 : 12 62 74
13  2 : 13 122
14  157 : 14 27 31 33 34 37 38 40 41 46 49 50 51 52 53 54 55 56 57 58 59 61 64 65 66 67 68 70 72 73 75 76 77 78 79 80 82 83 84 85 87 88 90 91 92 93 95 96 97 98 99 100 101 102 104 105 106 107 108 109 110 111 112 113 114 115 116 117 118 119 120 121 123 124 125 126 127 129 130 131 132 133 134 135 136 137 138 139 140 141 142 143 144 145 146 147 148 149 150 151 152 153 154 155 156 157 158 159 160 161 162 163 164 165 166 167 168 169 170 171 172 173 174 175 176 177 178 179 180 181 182 183 184 185 186 187 188 189 190 191 192 193 194 195 196 197 198 199 200 201 202 203 204 205 206 207 208
15  2 : 15 103
16  4 : 16 44 69 128
17  1 : 17
18  1 : 18
19  2 : 19 43
20  1 : 20
21  2 : 21 36
22  1 : 22
23  1 : 23
24  2 : 24 45
25  2 : 25 71
28  3 : 28 86 89
29  2 : 29 63
32  3 : 32 47 81
35  1 : 35
39  1 : 39
48  1 : 48
94  1 : 94
% end

% frame 72
% time 7.3
% start   7.3
% cluster-index, number-of-fibers : name-of-fibers
1  1 : 1
2  1 : 2
3  2 : 3 60
4  2 : 4 26
5  1 : 5
6  1 : 6
7  3 : 7 30 42
8  1 : 8
9  1 : 9
10  1 : 10
11  1 : 11
12  3 : 12 62 74
13  2 : 13 122
14  158 : 14 27 31 33 34 37 38 40 41 46 49 50 51 52 53 54 55 56 57 58 59 61 64 65 66 67 68 70 72 73 75 76 77 78 79 80 82 83 84 85 87 88 90 91 92 93 95 96 97 98 99 100 101 102 104 105 106 107 108 109 110 111 112 113 114 115 116 117 118 119 120 121 123 124 125 126 127 129 130 131 132 133 134 135 136 137 138 139 140 141 142 143 144 145 146 147 148 149 150 151 152 153 154 155 156 157 158 159 160 161 162 163 164 165 166 167 168 169 170 171 172 173 174 175 176 177 178 179 180 181 182 183 184 185 186 188 189 190 191 192 193 194 195 196 197 198 199 200 201 202 203 204 205 206 207 208 209 210
15  2 : 15 103
16  4 : 16 44 69 128
17  1 : 17
18  1 : 18
19  2 : 19 43
20  1 : 20
21  2 : 21 36
22  1 : 22
23  1 : 23
24  2 : 24 45
25  2 : 25 71
28  3 : 28 86 89
29  2 : 29 63
32  3 : 32 47 81
35  1 : 35
39  1 : 39
48  1 : 48
94  1 : 94
187  1 : 187
% end

% frame 73
% time 7.4
% start   7.4
% cluster-index, number-of-fibers : name-of-fibers
1  1 : 1
2  1 : 2
3  2 : 3 60
4  2 : 4 26
5  1 : 5
6  1 : 6
7  3 : 7 30 42
8  1 : 8
9  1 : 9
10  1 : 10
11  1 : 11
12  3 : 12 62 74
13  2 : 13 122
14  158 : 14 27 31 33 34 37 38 40 41 46 49 50 51 52 53 54 55 56 57 58 59 61 64 65 66 67 68 70 72 73 75 76 77 78 79 80 82 83 84 85 87 88 90 91 92 93 95 96 97 98 99 100 101 102 104 105 106 107 108 109 110 111 112 113 114 115 116 117 118 119 120 121 123 124 125 126 127 129 130 131 132 133 134 135 136 137 138 139 140 141 142 143 144 145 146 147 148 149 150 151 152 153 154 155 156 157 158 159 160 161 162 163 164 165 166 167 168 169 170 171 172 173 174 175 176 177 178 179 180 181 182 183 184 185 186 188 189 190 191 192 193 194 195 196 197 198 199 200 201 202 203 204 205 206 207 208 209 210
15  2 : 15 103
16  4 : 16 44 69 128
17  1 : 17
18  1 : 18
19  2 : 19 43
20  1 : 20
21  2 : 21 36
22  1 : 22
23  1 : 23
24  2 : 24 45
25  2 : 25 71
28  3 : 28 86 89
29  2 : 29 63
32  3 : 32 47 81
35  1 : 35
39  1 : 39
48  1 : 48
94  1 : 94
187  1 : 187
% end

% frame 74
% time 7.5
% start   7.5
% cluster-index, number-of-fibers : name-of-fibers
1  1 : 1
2  1 : 2
3  2 : 3 60
4  2 : 4 26
5  1 : 5
6  1 : 6
7  3 : 7 30 42
8  1 : 8
9  1 : 9
10  1 : 10
11  1 : 11
12  3 : 12 62 74
13  2 : 13 122
14  158 : 14 27 31 33 34 37 38 40 41 46 49 50 51 52 53 54 55 56 57 58 59 61 64 65 66 67 68 70 72 73 75 76 77 78 79 80 82 83 84 85 87 88 90 91 92 93 95 96 97 98 99 100 101 102 104 105 106 107 108 109 110 111 112 113 114 115 116 117 118 119 120 121 123 124 125 126 127 129 130 131 132 133 134 135 136 137 138 139 140 141 142 143 144 145 146 147 148 149 150 151 152 153 154 155 156 157 158 159 160 161 162 163 164 165 166 167 168 169 170 171 172 173 174 175 176 177 178 179 180 181 182 183 184 185 186 188 189 190 191 192 193 194 195 196 197 198 199 200 201 202 203 204 205 206 207 208 209 210
15  2 : 15 103
16  4 : 16 44 69 128
17  1 : 17
18  1 : 18
19  2 : 19 43
20  1 : 20
21  2 : 21 36
22  1 : 22
23  1 : 23
24  2 : 24 45
25  2 : 25 71
28  3 : 28 86 89
29  2 : 29 63
32  3 : 32 47 81
35  1 : 35
39  1 : 39
48  1 : 48
94  1 : 94
187  1 : 187
% end

% frame 75
% time 7.6
% start   7.6
% cluster-index, number-of-fibers : name-of-fibers
1  1 : 1
2  1 : 2
3  2 : 3 60
4  2 : 4 26
5  1 : 5
6  1 : 6
7  3 : 7 30 42
8  1 : 8
9  1 : 9
10  1 : 10
11  1 : 11
12  3 : 12 62 74
13  2 : 13 122
14  160 : 14 27 31 33 34 37 38 40 41 46 49 50 51 52 53 54 55 56 57 58 59 61 64 65 66 67 68 70 72 73 75 76 77 78 79 80 82 83 84 85 87 88 90 91 92 93 95 96 97 98 99 100 101 102 104 105 106 107 108 109 110 111 112 113 114 115 116 117 118 119 120 121 123 124 125 126 127 129 130 131 132 133 134 135 136 137 138 139 140 141 142 143 144 145 146 147 148 149 150 151 152 153 154 155 156 157 158 159 160 161 162 163 164 165 166 167 168 169 170 171 172 173 174 175 176 177 178 179 180 181 182 183 184 185 186 188 189 190 191 192 193 194 195 196 197 198 199 200 201 202 203 204 205 206 207 208 209 210 211 212
15  2 : 15 103
16  4 : 16 44 69 128
17  1 : 17
18  1 : 18
19  2 : 19 43
20  1 : 20
21  2 : 21 36
22  1 : 22
23  1 : 23
24  2 : 24 45
25  2 : 25 71
28  3 : 28 86 89
29  2 : 29 63
32  3 : 32 47 81
35  1 : 35
39  1 : 39
48  1 : 48
94  1 : 94
187  1 : 187
% end

% frame 76
% time 7.7
% start   7.7
% cluster-index, number-of-fibers : name-of-fibers
1  1 : 1
2  1 : 2
3  2 : 3 60
4  2 : 4 26
5  1 : 5
6  1 : 6
7  3 : 7 30 42
8  1 : 8
9  1 : 9
10  1 : 10
11  1 : 11
12  3 : 12 62 74
13  2 : 13 122
14  161 : 14 27 31 33 34 37 38 40 41 46 49 50 51 52 53 54 55 56 57 58 59 61 64 65 66 67 68 70 72 73 75 76 77 78 79 80 82 83 84 85 87 88 90 91 92 93 95 96 97 98 99 100 101 102 104 105 106 107 108 109 110 111 112 113 114 115 116 117 118 119 120 121 123 124 125 126 127 129 130 131 132 133 134 135 136 137 138 139 140 141 142 143 144 145 146 147 148 149 150 151 152 153 154 155 156 157 158 159 160 161 162 163 164 165 166 167 168 169 170 171 172 173 174 175 176 177 178 179 180 181 182 183 184 185 186 188 189 190 191 192 193 194 195 196 197 198 199 200 201 202 203 204 205 206 207 208 209 210 211 212 213
15  2 : 15 103
16  4 : 16 44 69 128
17  1 : 17
18  1 : 18
19  2 : 19 43
20  1 : 20
21  2 : 21 36
22  1 : 22
23  1 : 23
24  2 : 24 45
25  2 : 25 71
28  3 : 28 86 89
29  2 : 29 63
32  3 : 32 47 81
35  1 : 35
39  1 : 39
48  1 : 48
94  1 : 94
187  1 : 187
% end

% frame 77
% time 7.8
% start   7.8
% cluster-index, number-of-fibers : name-of-fibers
1  1 : 1
2  1 : 2
3  2 : 3 60
4  2 : 4 26
5  1 : 5
6  1 : 6
7  3 : 7 30 42
8  1 : 8
9  1 : 9
10  1 : 10
11  1 : 11
12  3 : 12 62 74
13  2 : 13 122
14  162 : 14 27 31 33 34 37 38 40 41 46 49 50 51 52 53 54 55 56 57 58 59 61 64 65 66 67 68 70 72 73 75 76 77 78 79 80 82 83 84 85 87 88 90 91 92 93 95 96 97 98 99 100 101 102 104 105 106 107 108 109 110 111 112 113 114 115 116 117 118 119 120 121 123 124 125 126 127 129 130 131 132 133 134 135 136 137 138 139 140 141 142 143 144 145 146 147 148 149 150 151 152 153 154 155 156 157 158 159 160 161 162 163 164 165 166 167 168 169 170 171 172 173 174 175 176 177 178 179 180 181 182 183 184 185 186 188 189 190 191 192 193 194 195 196 197 198 199 200 201 202 203 204 205 206 207 208 209 210 211 212 213 214
15  2 : 15 103
16  4 : 16 44 69 128
17  1 : 17
18  1 : 18
19  2 : 19 43
20  1 : 20
21  2 : 21 36
22  1 : 22
23  1 : 23
24  2 : 24 45
25  2 : 25 71
28  3 : 28 86 89
29  2 : 29 63
32  3 : 32 47 81
35  1 : 35
39  1 : 39
48  1 : 48
94  1 : 94
187  1 : 187
% end

% frame 78
% time 7.9
% start   7.9
% cluster-index, number-of-fibers : name-of-fibers
1  1 : 1
2  1 : 2
3  2 : 3 60
4  2 : 4 26
5  1 : 5
6  1 : 6
7  3 : 7 30 42
8  1 : 8
9  1 : 9
10  1 : 10
11  1 : 11
12  3 : 12 62 74
13  2 : 13 122
14  162 : 14 27 31 33 34 37 38 40 41 46 49 50 51 52 53 54 55 56 57 58 59 61 64 65 66 67 68 70 72 73 75 76 77 78 79 80 82 83 84 85 87 88 90 91 92 93 95 96 97 98 99 100 101 102 104 105 106 107 108 109 110 111 112 113 114 115 116 117 118 119 120 121 123 124 125 126 127 129 130 131 132 133 134 135 136 137 138 139 140 141 142 143 144 145 146 147 148 149 150 151 152 153 154 155 156 157 158 159 160 161 162 163 164 165 166 167 168 169 170 171 172 173 174 175 176 177 178 179 180 181 182 183 184 185 186 188 189 190 191 192 193 194 195 196 197 198 199 200 201 202 203 204 205 206 207 208 209 210 211 212 213 214
15  2 : 15 103
16  4 : 16 44 69 128
17  1 : 17
18  1 : 18
19  2 : 19 43
20  1 : 20
21  2 : 21 36
22  1 : 22
23  1 : 23
24  2 : 24 45
25  2 : 25 71
28  3 : 28 86 89
29  2 : 29 63
32  3 : 32 47 81
35  1 : 35
39  1 : 39
48  1 : 48
94  1 : 94
187  1 : 187
% end

% frame 79
% time 8
% start   8
% cluster-index, number-of-fibers : name-of-fibers
1  1 : 1
2  1 : 2
3  2 : 3 60
4  2 : 4 26
5  1 : 5
6  1 : 6
7  3 : 7 30 42
8  1 : 8
9  1 : 9
10  1 : 10
11  1 : 11
12  3 : 12 62 74
13  2 : 13 122
14  163 : 14 27 31 33 34 37 38 40 41 46 49 50 51 52 53 54 55 56 57 58 59 61 64 65 66 67 68 70 72 73 75 76 77 78 79 80 82 83 84 85 87 88 90 91 92 93 95 96 97 98 99 100 101 102 104 105 106 107 108 109 110 111 112 113 114 115 116 117 118 119 120 121 123 124 125 126 127 129 130 131 132 133 134 135 136 137 138 139 140 141 142 143 144 145 146 147 148 149 150 151 152 153 154 155 156 157 158 159 160 161 162 163 164 165 166 167 168 169 170 171 172 173 174 175 176 177 178 179 180 181 182 183 184 185 186 188 189 190 191 192 193 194 195 196 197 198 199 200 201 202 203 204 205 206 207 208 209 210 211 212 213 214 215
15  2 : 15 103
16  4 : 16 44 69 128
17  1 : 17
18  1 : 18
19  2 : 19 43
20  1 : 20
21  2 : 21 36
22  1 : 22
23  1 : 23
24  2 : 24 45
25  2 : 25 71
28  3 : 28 86 89
29  2 : 29 63
32  3 : 32 47 81
35  1 : 35
39  1 : 39
48  1 : 48
94  1 : 94
187  1 : 187
% end

% frame 80
% time 8.1
% start   8.1
% cluster-index, number-of-fibers : name-of-fibers
1  1 : 1
2  1 : 2
3  2 : 3 60
4  2 : 4 26
5  1 : 5
6  1 : 6
7  3 : 7 30 42
8  1 : 8
9  1 : 9
10  1 : 10
11  1 : 11
12  3 : 12 62 74
13  2 : 13 122
14  165 : 14 27 31 33 34 37 38 40 41 46 49 50 51 52 53 54 55 56 57 58 59 61 64 65 66 67 68 70 72 73 75 76 77 78 79 80 82 83 84 85 87 88 90 91 92 93 95 96 97 98 99 100 101 102 104 105 106 107 108 109 110 111 112 113 114 115 116 117 118 119 120 121 123 124 125 126 127 129 130 131 132 133 134 135 136 137 138 139 140 141 142 143 144 145 146 147 148 149 150 151 152 153 154 155 156 157 158 159 160 161 162 163 164 165 166 167 168 169 170 171 172 173 174 175 176 177 178 179 180 181 182 183 184 185 186 188 189 190 191 192 193 194 195 196 197 198 199 200 201 202 203 204 205 206 207 208 209 210 211 212 213 214 215 216 217
15  2 : 15 103
16  4 : 16 44 69 128
17  1 : 17
18  1 : 18
19  2 : 19 43
20  1 : 20
21  2 : 21 36
22  1 : 22
23  1 : 23
24  2 : 24 45
25  2 : 25 71
28  3 : 28 86 89
29  2 : 29 63
32  3 : 32 47 81
35  1 : 35
39  1 : 39
48  1 : 48
94  1 : 94
187  1 : 187
% end

% frame 81
% time 8.2
% start   8.2
% cluster-index, number-of-fibers : name-of-fibers
1  1 : 1
2  1 : 2
3  2 : 3 60
4  2 : 4 26
5  1 : 5
6  1 : 6
7  3 : 7 30 42
8  1 : 8
9  1 : 9
10  1 : 10
11  1 : 11
12  3 : 12 62 74
13  2 : 13 122
14  167 : 14 27 31 33 34 37 38 40 41 46 49 50 51 52 53 54 55 56 57 58 59 61 64 65 66 67 68 70 72 73 75 76 77 78 79 80 82 83 84 85 87 88 90 91 92 93 95 96 97 98 99 100 101 102 104 105 106 107 108 109 110 111 112 113 114 115 116 117 118 119 120 121 123 124 125 126 127 129 130 131 132 133 134 135 136 137 138 139 140 141 142 143 144 145 146 147 148 149 150 151 152 153 154 155 156 157 158 159 160 161 162 163 164 165 166 167 168 169 170 171 172 173 174 175 176 177 178 179 180 181 182 183 184 185 186 188 189 190 191 192 193 194 195 196 197 198 199 200 201 202 203 204 205 206 207 208 209 210 211 212 213 214 215 216 217 218 219
15  2 : 15 103
16  4 : 16 44 69 128
17  1 : 17
18  1 : 18
19  2 : 19 43
20  1 : 20
21  2 : 21 36
22  1 : 22
23  1 : 23
24  2 : 24 45
25  2 : 25 71
28  3 : 28 86 89
29  2 : 29 63
32  3 : 32 47 81
35  1 : 35
39  1 : 39
48  1 : 48
94  1 : 94
187  1 : 187
% end

% frame 82
% time 8.3
% start   8.3
% cluster-index, number-of-fibers : name-of-fibers
1  1 : 1
2  1 : 2
3  2 : 3 60
4  2 : 4 26
5  1 : 5
6  1 : 6
7  3 : 7 30 42
8  1 : 8
9  1 : 9
10  1 : 10
11  1 : 11
12  3 : 12 62 74
13  2 : 13 122
14  167 : 14 27 31 33 34 37 38 40 41 46 49 50 51 52 53 54 55 56 57 58 59 61 64 65 66 67 68 70 72 73 75 76 77 78 79 80 82 83 84 85 87 88 90 91 92 93 95 96 97 98 99 100 101 102 104 105 106 107 108 109 110 111 112 113 114 115 116 117 118 119 120 121 123 124 125 126 127 129 130 131 132 133 134 135 136 137 138 139 140 141 142 143 144 145 146 147 148 149 150 151 152 153 154 155 156 157 158 159 160 161 162 163 164 165 166 167 168 169 170 171 172 173 174 175 176 177 178 179 180 181 182 183 184 185 186 188 189 190 191 192 193 194 195 196 197 198 199 200 201 202 203 204 205 206 207 208 209 210 211 212 213 214 215 216 217 218 219
15  2 : 15 103
16  4 : 16 44 69 128
17  1 : 17
18  1 : 18
19  2 : 19 43
20  1 : 20
21  2 : 21 36
22  1 : 22
23  1 : 23
24  2 : 24 45
25  2 : 25 71
28  3 : 28 86 89
29  2 : 29 63
32  3 : 32 47 81
35  1 : 35
39  1 : 39
48  1 : 48
94  1 : 94
187  1 : 187
% end

% frame 83
% time 8.4
% start   8.4
% cluster-index, number-of-fibers : name-of-fibers
1  1 : 1
2  1 : 2
3  2 : 3 60
4  2 : 4 26
5  1 : 5
6  1 : 6
7  3 : 7 30 42
8  1 : 8
9  1 : 9
10  1 : 10
11  1 : 11
12  3 : 12 62 74
13  2 : 13 122
14  169 : 14 27 31 33 34 37 38 40 41 46 49 50 51 52 53 54 55 56 57 58 59 61 64 65 66 67 68 70 72 73 75 76 77 78 79 80 82 83 84 85 87 88 90 91 92 93 95 96 97 98 99 100 101 102 104 105 106 107 108 109 110 111 112 113 114 115 116 117 118 119 120 121 123 124 125 126 127 129 130 131 132 133 134 135 136 137 138 139 140 141 142 143 144 145 146 147 148 149 150 151 152 153 154 155 156 157 158 159 160 161 162 163 164 165 166 167 168 169 170 171 172 173 174 175 176 177 178 179 180 181 182 183 184 185 186 188 189 190 191 192 193 194 195 196 197 198 199 200 201 202 203 204 205 206 207 208 209 210 211 212 213 214 215 216 217 218 219 220 221
15  2 : 15 103
16  4 : 16 44 69 128
17  1 : 17
18  1 : 18
19  2 : 19 43
20  1 : 20
21  2 : 21 36
22  1 : 22
23  1 : 23
24  2 : 24 45
25  2 : 25 71
28  3 : 28 86 89
29  2 : 29 63
32  3 : 32 47 81
35  1 : 35
39  1 : 39
48  1 : 48
94  1 : 94
187  1 : 187
% end

% frame 84
% time 8.5
% start   8.5
% cluster-index, number-of-fibers : name-of-fibers
1  1 : 1
2  1 : 2
3  2 : 3 60
4  2 : 4 26
5  1 : 5
6  1 : 6
7  3 : 7 30 42
8  1 : 8
9  1 : 9
10  1 : 10
11  1 : 11
12  3 : 12 62 74
13  2 : 13 122
14  170 : 14 27 31 33 34 37 38 40 41 46 49 50 51 52 53 54 55 56 57 58 59 61 64 65 66 67 68 70 72 73 75 76 77 78 79 80 82 83 84 85 87 88 90 91 92 93 95 96 97 98 99 100 101 102 104 105 106 107 108 109 110 111 112 113 114 115 116 117 118 119 120 121 123 124 125 126 127 129 130 131 132 133 134 135 136 137 138 139 140 141 142 143 144 145 146 147 148 149 150 151 152 153 154 155 156 157 158 159 160 161 162 163 164 165 166 167 168 169 170 171 172 173 174 175 176 177 178 179 180 181 182 183 184 185 186 188 189 190 191 192 193 194 195 196 197 198 199 200 201 202 203 204 205 206 207 208 209 210 211 212 213 214 215 216 217 218 219 220 221 222
15  2 : 15 103
16  4 : 16 44 69 128
17  1 : 17
18  1 : 18
19  2 : 19 43
20  1 : 20
21  2 : 21 36
22  1 : 22
23  1 : 23
24  2 : 24 45
25  2 : 25 71
28  3 : 28 86 89
29  2 : 29 63
32  3 : 32 47 81
35  1 : 35
39  1 : 39
48  1 : 48
94  1 : 94
187  1 : 187
% end

% frame 85
% time 8.6
% start   8.6
% cluster-index, number-of-fibers : name-of-fibers
1  1 : 1
2  1 : 2
3  2 : 3 60
4  2 : 4 26
5  1 : 5
6  1 : 6
7  3 : 7 30 42
8  1 : 8
9  1 : 9
10  1 : 10
11  1 : 11
12  3 : 12 62 74
13  2 : 13 122
14  170 : 14 27 31 33 34 37 38 40 41 46 49 50 51 52 53 54 55 56 57 58 59 61 64 65 66 67 68 70 72 73 75 76 77 78 79 80 82 83 84 85 87 88 90 91 92 93 95 96 97 98 99 100 101 102 104 105 106 107 108 109 110 111 112 113 114 115 116 117 118 119 120 121 123 124 125 126 127 129 130 131 132 133 134 135 136 137 138 139 140 141 142 143 144 145 146 147 148 149 150 151 152 153 154 155 156 157 158 159 160 161 162 163 164 165 166 167 168 169 170 171 172 173 174 175 176 177 178 179 180 181 182 183 184 185 186 188 189 190 191 192 193 194 195 196 197 198 199 200 201 202 203 204 205 206 207 208 209 210 211 212 213 214 215 216 217 218 219 220 221 222
15  2 : 15 103
16  4 : 16 44 69 128
17  1 : 17
18  1 : 18
19  2 : 19 43
20  1 : 20
21  2 : 21 36
22  1 : 22
23  1 : 23
24  2 : 24 45
25  2 : 25 71
28  3 : 28 86 89
29  2 : 29 63
32  3 : 32 47 81
35  1 : 35
39  1 : 39
48  1 : 48
94  1 : 94
187  1 : 187
% end

% frame 86
% time 8.7
% start   8.7
% cluster-index, number-of-fibers : name-of-fibers
1  1 : 1
2  1 : 2
3  2 : 3 60
4  2 : 4 26
5  1 : 5
6  1 : 6
7  3 : 7 30 42
8  1 : 8
9  1 : 9
10  1 : 10
11  1 : 11
12  3 : 12 62 74
13  2 : 13 122
14  170 : 14 27 31 33 34 37 38 40 41 46 49 50 51 52 53 54 55 56 57 58 59 61 64 65 66 67 68 70 72 73 75 76 77 78 79 80 82 83 84 85 87 88 90 91 92 93 95 96 97 98 99 100 101 102 104 105 106 107 108 109 110 111 112 113 114 115 116 117 118 119 120 121 123 124 125 126 127 129 130 131 132 133 134 135 136 137 138 139 140 141 142 143 144 145 146 147 148 149 150 151 152 153 154 155 156 157 158 159 160 161 162 163 164 165 166 167 168 169 170 171 172 173 174 175 176 177 178 179 180 181 182 183 184 185 186 188 189 190 191 192 193 194 195 196 197 198 199 200 201 202 203 204 205 206 207 208 209 210 211 212 213 214 215 216 217 218 219 220 221 222
15  2 : 15 103
16  4 : 16 44 69 128
17  1 : 17
18  1 : 18
19  2 : 19 43
20  1 : 20
21  2 : 21 36
22  1 : 22
23  1 : 23
24  2 : 24 45
25  2 : 25 71
28  3 : 28 86 89
29  2 : 29 63
32  3 : 32 47 81
35  1 : 35
39  1 : 39
48  1 : 48
94  1 : 94
187  1 : 187
% end

% frame 87
% time 8.8
% start   8.8
% cluster-index, number-of-fibers : name-of-fibers
1  1 : 1
2  1 : 2
3  2 : 3 60
4  2 : 4 26
5  1 : 5
6  1 : 6
7  3 : 7 30 42
8  1 : 8
9  1 : 9
10  1 : 10
11  1 : 11
12  3 : 12 62 74
13  2 : 13 122
14  170 : 14 27 31 33 34 37 38 40 41 46 49 50 51 52 53 54 55 56 57 58 59 61 64 65 66 67 68 70 72 73 75 76 77 78 79 80 82 83 84 85 87 88 90 91 92 93 95 96 97 98 99 100 101 102 104 105 106 107 108 109 110 111 112 113 114 115 116 117 118 119 120 121 123 124 125 126 127 129 130 131 132 133 134 135 136 137 138 139 140 141 142 143 144 145 146 147 148 149 150 151 152 153 154 155 156 157 158 159 160 161 162 163 164 165 166 167 168 169 170 171 172 173 174 175 176 177 178 179 180 181 182 183 184 185 186 188 189 190 191 192 193 194 195 196 197 198 199 200 201 202 203 204 205 206 207 208 209 210 211 212 213 214 215 216 217 218 219 220 221 222
15  2 : 15 103
16  4 : 16 44 69 128
17  1 : 17
18  1 : 18
19  2 : 19 43
20  1 : 20
21  2 : 21 36
22  1 : 22
23  1 : 23
24  2 : 24 45
25  2 : 25 71
28  3 : 28 86 89
29  2 : 29 63
32  3 : 32 47 81
35  1 : 35
39  1 : 39
48  1 : 48
94  1 : 94
187  1 : 187
% end

% frame 88
% time 8.9
% start   8.9
% cluster-index, number-of-fibers : name-of-fibers
1  1 : 1
2  1 : 2
3  2 : 3 60
4  2 : 4 26
5  1 : 5
6  1 : 6
7  3 : 7 30 42
8  1 : 8
9  1 : 9
10  1 : 10
11  1 : 11
12  3 : 12 62 74
13  2 : 13 122
14  171 : 14 27 31 33 34 37 38 40 41 46 49 50 51 52 53 54 55 56 57 58 59 61 64 65 66 67 68 70 72 73 75 76 77 78 79 80 82 83 84 85 87 88 90 91 92 93 95 96 97 98 99 100 101 102 104 105 106 107 108 109 110 111 112 113 114 115 116 117 118 119 120 121 123 124 125 126 127 129 130 131 132 133 134 135 136 137 138 139 140 141 142 143 144 145 146 147 148 149 150 151 152 153 154 155 156 157 158 159 160 161 162 163 164 165 166 167 168 169 170 171 172 173 174 175 176 177 178 179 180 181 182 183 184 185 186 188 189 190 191 192 193 194 195 196 197 198 199 200 201 202 203 204 205 206 207 208 209 210 211 212 213 214 215 216 217 218 219 220 221 222 223
15  2 : 15 103
16  4 : 16 44 69 128
17  1 : 17
18  1 : 18
19  2 : 19 43
20  1 : 20
21  2 : 21 36
22  1 : 22
23  1 : 23
24  2 : 24 45
25  2 : 25 71
28  3 : 28 86 89
29  2 : 29 63
32  3 : 32 47 81
35  1 : 35
39  1 : 39
48  1 : 48
94  1 : 94
187  1 : 187
% end

% frame 89
% time 9
% start   9
% cluster-index, number-of-fibers : name-of-fibers
1  1 : 1
2  1 : 2
3  2 : 3 60
4  2 : 4 26
5  1 : 5
6  1 : 6
7  3 : 7 30 42
8  1 : 8
9  1 : 9
10  1 : 10
11  1 : 11
12  3 : 12 62 74
13  2 : 13 122
14  171 : 14 27 31 33 34 37 38 40 41 46 49 50 51 52 53 54 55 56 57 58 59 61 64 65 66 67 68 70 72 73 75 76 77 78 79 80 82 83 84 85 87 88 90 91 92 93 95 96 97 98 99 100 101 102 104 105 106 107 108 109 110 111 112 113 114 115 116 117 118 119 120 121 123 124 125 126 127 129 130 131 132 133 134 135 136 137 138 139 140 141 142 143 144 145 146 147 148 149 150 151 152 153 154 155 156 157 158 159 160 161 162 163 164 165 166 167 168 169 170 171 172 173 174 175 176 177 178 179 180 181 182 183 184 185 186 188 189 190 191 192 193 194 195 196 197 198 199 200 201 202 203 204 205 206 207 208 209 210 211 212 213 214 215 216 217 218 219 220 221 222 223
15  2 : 15 103
16  4 : 16 44 69 128
17  1 : 17
18  1 : 18
19  2 : 19 43
20  1 : 20
21  2 : 21 36
22  1 : 22
23  1 : 23
24  2 : 24 45
25  2 : 25 71
28  3 : 28 86 89
29  2 : 29 63
32  3 : 32 47 81
35  1 : 35
39  1 : 39
48  1 : 48
94  1 : 94
187  1 : 187
% end

% frame 90
% time 9.1
% start   9.1
% cluster-index, number-of-fibers : name-of-fibers
1  1 : 1
2  1 : 2
3  2 : 3 60
4  2 : 4 26
5  1 : 5
6  1 : 6
7  3 : 7 30 42
8  1 : 8
9  1 : 9
10  1 : 10
11  1 : 11
12  3 : 12 62 74
13  2 : 13 122
14  171 : 14 27 31 33 34 37 38 40 41 46 49 50 51 52 53 54 55 56 57 58 59 61 64 65 66 67 68 70 72 73 75 76 77 78 79 80 82 83 84 85 87 88 90 91 92 93 95 96 97 98 99 100 101 102 104 105 106 107 108 109 110 111 112 113 114 115 116 117 118 119 120 121 123 124 125 126 127 129 130 131 132 133 134 135 136 137 138 139 140 141 142 143 144 145 146 147 148 149 150 151 152 153 154 155 156 157 158 159 160 161 162 163 164 165 166 167 168 169 170 171 172 173 174 175 176 177 178 179 180 181 182 183 184 185 186 188 189 190 191 192 193 194 195 196 197 198 199 200 201 202 203 204 205 206 207 208 209 210 211 212 213 214 215 216 217 218 219 220 221 222 223
15  2 : 15 103
16  4 : 16 44 69 128
17  1 : 17
18  1 : 18
19  2 : 19 43
20  1 : 20
21  2 : 21 36
22  1 : 22
23  1 : 23
24  2 : 24 45
25  2 : 25 71
28  3 : 28 86 89
29  2 : 29 63
32  3 : 32 47 81
35  1 : 35
39  1 : 39
48  1 : 48
94  1 : 94
187  1 : 187
% end

% frame 91
% time 9.2
% start   9.2
% cluster-index, number-of-fibers : name-of-fibers
1  1 : 1
2  1 : 2
3  2 : 3 60
4  2 : 4 26
5  1 : 5
6  1 : 6
7  3 : 7 30 42
8  1 : 8
9  1 : 9
10  1 : 10
11  1 : 11
12  3 : 12 62 74
13  2 : 13 122
14  171 : 14 27 31 33 34 37 38 40 41 46 49 50 51 52 53 54 55 56 57 58 59 61 64 65 66 67 68 70 72 73 75 76 77 78 79 80 82 83 84 85 87 88 90 91 92 93 95 96 97 98 99 100 101 102 104 105 106 107 108 109 110 111 112 113 114 115 116 117 118 119 120 121 123 124 125 126 127 129 130 131 132 133 134 135 136 137 138 139 140 141 142 143 144 145 146 147 148 149 150 151 152 153 154 155 156 157 158 159 160 161 162 163 164 165 166 167 168 169 170 171 172 173 174 175 176 177 178 179 180 181 182 183 184 185 186 188 189 190 191 192 193 194 195 196 197 198 199 200 201 202 203 204 205 206 207 208 209 210 211 212 213 214 215 216 217 218 219 220 221 222 223
15  2 : 15 103
16  4 : 16 44 69 128
17  1 : 17
18  1 : 18
19  2 : 19 43
20  1 : 20
21  2 : 21 36
22  1 : 22
23  1 : 23
24  2 : 24 45
25  2 : 25 71
28  3 : 28 86 89
29  2 : 29 63
32  3 : 32 47 81
35  1 : 35
39  1 : 39
48  1 : 48
94  1 : 94
187  1 : 187
% end

% frame 92
% time 9.3
% start   9.3
% cluster-index, number-of-fibers : name-of-fibers
1  1 : 1
2  1 : 2
3  2 : 3 60
4  2 : 4 26
5  1 : 5
6  1 : 6
7  3 : 7 30 42
8  1 : 8
9  1 : 9
10  1 : 10
11  1 : 11
12  3 : 12 62 74
13  2 : 13 122
14  171 : 14 27 31 33 34 37 38 40 41 46 49 50 51 52 53 54 55 56 57 58 59 61 64 65 66 67 68 70 72 73 75 76 77 78 79 80 82 83 84 85 87 88 90 91 92 93 95 96 97 98 99 100 101 102 104 105 106 107 108 109 110 111 112 113 114 115 116 117 118 119 120 121 123 124 125 126 127 129 130 131 132 133 134 135 136 137 138 139 140 141 142 143 144 145 146 147 148 149 150 151 152 153 154 155 156 157 158 159 160 161 162 163 164 165 166 167 168 169 170 171 172 173 174 175 176 177 178 179 180 181 182 183 184 185 186 188 189 190 191 192 193 194 195 196 197 198 199 200 201 202 203 204 205 206 207 208 209 210 211 212 213 214 215 216 217 218 219 220 221 222 223
15  2 : 15 103
16  4 : 16 44 69 128
17  1 : 17
18  1 : 18
19  2 : 19 43
20  1 : 20
21  2 : 21 36
22  1 : 22
23  1 : 23
24  2 : 24 45
25  2 : 25 71
28  3 : 28 86 89
29  2 : 29 63
32  3 : 32 47 81
35  1 : 35
39  1 : 39
48  1 : 48
94  1 : 94
187  1 : 187
% end

% frame 93
% time 9.4
% start   9.4
% cluster-index, number-of-fibers : name-of-fibers
1  1 : 1
2  1 : 2
3  2 : 3 60
4  2 : 4 26
5  1 : 5
6  1 : 6
7  3 : 7 30 42
8  1 : 8
9  1 : 9
10  1 : 10
11  1 : 11
12  3 : 12 62 74
13  2 : 13 122
14  171 : 14 27 31 33 34 37 38 40 41 46 49 50 51 52 53 54 55 56 57 58 59 61 64 65 66 67 68 70 72 73 75 76 77 78 79 80 82 83 84 85 87 88 90 91 92 93 95 96 97 98 99 100 101 102 104 105 106 107 108 109 110 111 112 113 114 115 116 117 118 119 120 121 123 124 125 126 127 129 130 131 132 133 134 135 136 137 138 139 140 141 142 143 144 145 146 147 148 149 150 151 152 153 154 155 156 157 158 159 160 161 162 163 164 165 166 167 168 169 170 171 172 173 174 175 176 177 178 179 180 181 182 183 184 185 186 188 189 190 191 192 193 194 195 196 197 198 199 200 201 202 203 204 205 206 207 208 209 210 211 212 213 214 215 216 217 218 219 220 221 222 223
15  2 : 15 103
16  4 : 16 44 69 128
17  1 : 17
18  1 : 18
19  2 : 19 43
20  1 : 20
21  2 : 21 36
22  1 : 22
23  1 : 23
24  2 : 24 45
25  2 : 25 71
28  3 : 28 86 89
29  2 : 29 63
32  3 : 32 47 81
35  1 : 35
39  1 : 39
48  1 : 48
94  1 : 94
187  1 : 187
% end

% frame 94
% time 9.5
% start   9.5
% cluster-index, number-of-fibers : name-of-fibers
1  1 : 1
2  1 : 2
3  2 : 3 60
4  2 : 4 26
5  1 : 5
6  1 : 6
7  3 : 7 30 42
8  1 : 8
9  1 : 9
10  1 : 10
11  1 : 11
12  3 : 12 62 74
13  2 : 13 122
14  172 : 14 27 31 33 34 37 38 40 41 46 49 50 51 52 53 54 55 56 57 58 59 61 64 65 66 67 68 70 72 73 75 76 77 78 79 80 82 83 84 85 87 88 90 91 92 93 95 96 97 98 99 100 101 102 104 105 106 107 108 109 110 111 112 113 114 115 116 117 118 119 120 121 123 124 125 126 127 129 130 131 132 133 134 135 136 137 138 139 140 141 142 143 144 145 146 147 148 149 150 151 152 153 154 155 156 157 158 159 160 161 162 163 164 165 166 167 168 169 170 171 172 173 174 175 176 177 178 179 180 181 182 183 184 185 186 188 189 190 191 192 193 194 195 196 197 198 199 200 201 202 203 204 205 206 207 208 209 210 211 212 213 214 215 216 217 218 219 220 221 222 223 224
15  2 : 15 103
16  4 : 16 44 69 128
17  1 : 17
18  1 : 18
19  2 : 19 43
20  1 : 20
21  2 : 21 36
22  1 : 22
23  1 : 23
24  2 : 24 45
25  2 : 25 71
28  3 : 28 86 89
29  2 : 29 63
32  3 : 32 47 81
35  1 : 35
39  1 : 39
48  1 : 48
94  1 : 94
187  1 : 187
% end

% frame 95
% time 9.6
% start   9.6
% cluster-index, number-of-fibers : name-of-fibers
1  1 : 1
2  1 : 2
3  2 : 3 60
4  2 : 4 26
5  1 : 5
6  1 : 6
7  3 : 7 30 42
8  1 : 8
9  1 : 9
10  1 : 10
11  1 : 11
12  3 : 12 62 74
13  2 : 13 122
14  173 : 14 27 31 33 34 37 38 40 41 46 49 50 51 52 53 54 55 56 57 58 59 61 64 65 66 67 68 70 72 73 75 76 77 78 79 80 82 83 84 85 87 88 90 91 92 93 95 96 97 98 99 100 101 102 104 105 106 107 108 109 110 111 112 113 114 115 116 117 118 119 120 121 123 124 125 126 127 129 130 131 132 133 134 135 136 137 138 139 140 141 142 143 144 145 146 147 148 149 150 151 152 153 154 155 156 157 158 159 160 161 162 163 164 165 166 167 168 169 170 171 172 173 174 175 176 177 178 179 180 181 182 183 184 185 186 188 189 190 191 192 193 194 195 196 197 198 199 200 201 202 203 204 205 206 207 208 209 210 211 212 213 214 215 216 217 218 219 220 221 222 223 224 225
15  2 : 15 103
16  4 : 16 44 69 128
17  1 : 17
18  1 : 18
19  2 : 19 43
20  1 : 20
21  2 : 21 36
22  1 : 22
23  1 : 23
24  2 : 24 45
25  2 : 25 71
28  3 : 28 86 89
29  2 : 29 63
32  3 : 32 47 81
35  1 : 35
39  1 : 39
48  1 : 48
94  1 : 94
187  1 : 187
% end

% frame 96
% time 9.7
% start   9.7
% cluster-index, number-of-fibers : name-of-fibers
1  1 : 1
2  1 : 2
3  2 : 3 60
4  2 : 4 26
5  1 : 5
6  1 : 6
7  3 : 7 30 42
8  1 : 8
9  1 : 9
10  1 : 10
11  1 : 11
12  3 : 12 62 74
13  2 : 13 122
14  173 : 14 27 31 33 34 37 38 40 41 46 49 50 51 52 53 54 55 56 57 58 59 61 64 65 66 67 68 70 72 73 75 76 77 78 79 80 82 83 84 85 87 88 90 91 92 93 95 96 97 98 99 100 101 102 104 105 106 107 108 109 110 111 112 113 114 115 116 117 118 119 120 121 123 124 125 126 127 129 130 131 132 133 134 135 136 137 138 139 140 141 142 143 144 145 146 147 148 149 150 151 152 153 154 155 156 157 158 159 160 161 162 163 164 165 166 167 168 169 170 171 172 173 174 175 176 177 178 179 180 181 182 183 184 185 186 188 189 190 191 192 193 194 195 196 197 198 199 200 201 202 203 204 205 206 207 208 209 210 211 212 213 214 215 216 217 218 219 220 221 222 223 224 225
15  2 : 15 103
16  4 : 16 44 69 128
17  1 : 17
18  1 : 18
19  2 : 19 43
20  1 : 20
21  2 : 21 36
22  1 : 22
23  1 : 23
24  2 : 24 45
25  2 : 25 71
28  3 : 28 86 89
29  2 : 29 63
32  3 : 32 47 81
35  1 : 35
39  1 : 39
48  1 : 48
94  1 : 94
187  1 : 187
% end

% frame 97
% time 9.8
% start   9.8
% cluster-index, number-of-fibers : name-of-fibers
1  1 : 1
2  1 : 2
3  2 : 3 60
4  2 : 4 26
5  1 : 5
6  1 : 6
7  3 : 7 30 42
8  1 : 8
9  1 : 9
10  1 : 10
11  1 : 11
12  3 : 12 62 74
13  2 : 13 122
14  173 : 14 27 31 33 34 37 38 40 41 46 49 50 51 52 53 54 55 56 57 58 59 61 64 65 66 67 68 70 72 73 75 76 77 78 79 80 82 83 84 85 87 88 90 91 92 93 95 96 97 98 99 100 101 102 104 105 106 107 108 109 110 111 112 113 114 115 116 117 118 119 120 121 123 124 125 126 127 129 130 131 132 133 134 135 136 137 138 139 140 141 142 143 144 145 146 147 148 149 150 151 152 153 154 155 156 157 158 159 160 161 162 163 164 165 166 167 168 169 170 171 172 173 174 175 176 177 178 179 180 181 182 183 184 185 186 188 189 190 191 192 193 194 195 196 197 198 199 200 201 202 203 204 205 206 207 208 209 210 211 212 213 214 215 216 217 218 219 220 221 222 223 224 225
15  2 : 15 103
16  4 : 16 44 69 128
17  1 : 17
18  1 : 18
19  2 : 19 43
20  1 : 20
21  2 : 21 36
22  1 : 22
23  1 : 23
24  2 : 24 45
25  2 : 25 71
28  3 : 28 86 89
29  2 : 29 63
32  3 : 32 47 81
35  1 : 35
39  1 : 39
48  1 : 48
94  1 : 94
187  1 : 187
% end

% frame 98
% time 9.9
% start   9.9
% cluster-index, number-of-fibers : name-of-fibers
1  1 : 1
2  1 : 2
3  2 : 3 60
4  2 : 4 26
5  1 : 5
6  1 : 6
7  3 : 7 30 42
8  1 : 8
9  1 : 9
10  1 : 10
11  1 : 11
12  3 : 12 62 74
13  2 : 13 122
14  173 : 14 27 31 33 34 37 38 40 41 46 49 50 51 52 53 54 55 56 57 58 59 61 64 65 66 67 68 70 72 73 75 76 77 78 79 80 82 83 84 85 87 88 90 91 92 93 95 96 97 98 99 100 101 102 104 105 106 107 108 109 110 111 112 113 114 115 116 117 118 119 120 121 123 124 125 126 127 129 130 131 132 133 134 135 136 137 138 139 140 141 142 143 144 145 146 147 148 149 150 151 152 153 154 155 156 157 158 159 160 161 162 163 164 165 166 167 168 169 170 171 172 173 174 175 176 177 178 179 180 181 182 183 184 185 186 188 189 190 191 192 193 194 195 196 197 198 199 200 201 202 203 204 205 206 207 208 209 210 211 212 213 214 215 216 217 218 219 220 221 222 223 224 225
15  2 : 15 103
16  4 : 16 44 69 128
17  1 : 17
18  1 : 18
19  2 : 19 43
20  1 : 20
21  2 : 21 36
22  1 : 22
23  1 : 23
24  2 : 24 45
25  2 : 25 71
28  3 : 28 86 89
29  2 : 29 63
32  3 : 32 47 81
35  1 : 35
39  1 : 39
48  1 : 48
94  1 : 94
187  1 : 187
% end

% frame 99
% time 10
% start   10
% cluster-index, number-of-fibers : name-of-fibers
1  1 : 1
2  1 : 2
3  2 : 3 60
4  2 : 4 26
5  1 : 5
6  1 : 6
7  3 : 7 30 42
8  1 : 8
9  1 : 9
10  1 : 10
11  1 : 11
12  3 : 12 62 74
13  2 : 13 122
14  173 : 14 27 31 33 34 37 38 40 41 46 49 50 51 52 53 54 55 56 57 58 59 61 64 65 66 67 68 70 72 73 75 76 77 78 79 80 82 83 84 85 87 88 90 91 92 93 95 96 97 98 99 100 101 102 104 105 106 107 108 109 110 111 112 113 114 115 116 117 118 119 120 121 123 124 125 126 127 129 130 131 132 133 134 135 136 137 138 139 140 141 142 143 144 145 146 147 148 149 150 151 152 153 154 155 156 157 158 159 160 161 162 163 164 165 166 167 168 169 170 171 172 173 174 175 176 177 178 179 180 181 182 183 184 185 186 188 189 190 191 192 193 194 195 196 197 198 199 200 201 202 203 204 205 206 207 208 209 210 211 212 213 214 215 216 217 218 219 220 221 222 223 224 225
15  2 : 15 103
16  4 : 16 44 69 128
17  1 : 17
18  1 : 18
19  2 : 19 43
20  1 : 20
21  2 : 21 36
22  1 : 22
23  1 : 23
24  2 : 24 45
25  2 : 25 71
28  3 : 28 86 89
29  2 : 29 63
32  3 : 32 47 81
35  1 : 35
39  1 : 39
48  1 : 48
94  1 : 94
187  1 : 187
% end

% frame 100
% time 10.1
% start   10.1
% cluster-index, number-of-fibers : name-of-fibers
1  1 : 1
2  1 : 2
3  2 : 3 60
4  2 : 4 26
5  1 : 5
6  1 : 6
7  3 : 7 30 42
8  1 : 8
9  1 : 9
10  1 : 10
11  1 : 11
12  3 : 12 62 74
13  2 : 13 122
14  173 : 14 27 31 33 34 37 38 40 41 46 49 50 51 52 53 54 55 56 57 58 59 61 64 65 66 67 68 70 72 73 75 76 77 78 79 80 82 83 84 85 87 88 90 91 92 93 95 96 97 98 99 100 101 102 104 105 106 107 108 109 110 111 112 113 114 115 116 117 118 119 120 121 123 124 125 126 127 129 130 131 132 133 134 135 136 137 138 139 140 141 142 143 144 145 146 147 148 149 150 151 152 153 154 155 156 157 158 159 160 161 162 163 164 165 166 167 168 169 170 171 172 173 174 175 176 177 178 179 180 181 182 183 184 185 186 188 189 190 191 192 193 194 195 196 197 198 199 200 201 202 203 204 205 206 207 208 209 210 211 212 213 214 215 216 217 218 219 220 221 222 223 224 225
15  2 : 15 103
16  4 : 16 44 69 128
17  1 : 17
18  1 : 18
19  2 : 19 43
20  1 : 20
21  2 : 21 36
22  1 : 22
23  1 : 23
24  2 : 24 45
25  2 : 25 71
28  3 : 28 86 89
29  2 : 29 63
32  3 : 32 47 81
35  1 : 35
39  1 : 39
48  1 : 48
94  1 : 94
187  1 : 187
% end

% frame 101
% time 10.2
% start   10.2
% cluster-index, number-of-fibers : name-of-fibers
1  1 : 1
2  1 : 2
3  2 : 3 60
4  2 : 4 26
5  1 : 5
6  1 : 6
7  3 : 7 30 42
8  1 : 8
9  1 : 9
10  1 : 10
11  1 : 11
12  3 : 12 62 74
13  2 : 13 122
14  173 : 14 27 31 33 34 37 38 40 41 46 49 50 51 52 53 54 55 56 57 58 59 61 64 65 66 67 68 70 72 73 75 76 77 78 79 80 82 83 84 85 87 88 90 91 92 93 95 96 97 98 99 100 101 102 104 105 106 107 108 109 110 111 112 113 114 115 116 117 118 119 120 121 123 124 125 126 127 129 130 131 132 133 134 135 136 137 138 139 140 141 142 143 144 145 146 147 148 149 150 151 152 153 154 155 156 157 158 159 160 161 162 163 164 165 166 167 168 169 170 171 172 173 174 175 176 177 178 179 180 181 182 183 184 185 186 188 189 190 191 192 193 194 195 196 197 198 199 200 201 202 203 204 205 206 207 208 209 210 211 212 213 214 215 216 217 218 219 220 221 222 223 224 225
15  2 : 15 103
16  4 : 16 44 69 128
17  1 : 17
18  1 : 18
19  2 : 19 43
20  1 : 20
21  2 : 21 36
22  1 : 22
23  1 : 23
24  2 : 24 45
25  2 : 25 71
28  3 : 28 86 89
29  2 : 29 63
32  3 : 32 47 81
35  1 : 35
39  1 : 39
48  1 : 48
94  1 : 94
187  1 : 187
% end

% frame 102
% time 10.3
% start   10.3
% cluster-index, number-of-fibers : name-of-fibers
1  1 : 1
2  1 : 2
3  2 : 3 60
4  2 : 4 26
5  1 : 5
6  1 : 6
7  3 : 7 30 42
8  1 : 8
9  1 : 9
10  1 : 10
11  1 : 11
12  3 : 12 62 74
13  2 : 13 122
14  174 : 14 27 31 33 34 37 38 40 41 46 49 50 51 52 53 54 55 56 57 58 59 61 64 65 66 67 68 70 72 73 75 76 77 78 79 80 82 83 84 85 87 88 90 91 92 93 95 96 97 98 99 100 101 102 104 105 106 107 108 109 110 111 112 113 114 115 116 117 118 119 120 121 123 124 125 126 127 129 130 131 132 133 134 135 136 137 138 139 140 141 142 143 144 145 146 147 148 149 150 151 152 153 154 155 156 157 158 159 160 161 162 163 164 165 166 167 168 169 170 171 172 173 174 175 176 177 178 179 180 181 182 183 184 185 186 188 189 190 191 192 193 194 195 196 197 198 199 200 201 202 203 204 205 206 207 208 209 210 211 212 213 214 215 216 217 218 219 220 221 222 223 224 225 226
15  2 : 15 103
16  4 : 16 44 69 128
17  1 : 17
18  1 : 18
19  2 : 19 43
20  1 : 20
21  2 : 21 36
22  1 : 22
23  1 : 23
24  2 : 24 45
25  2 : 25 71
28  3 : 28 86 89
29  2 : 29 63
32  3 : 32 47 81
35  1 : 35
39  1 : 39
48  1 : 48
94  1 : 94
187  1 : 187
% end

% frame 103
% time 10.4
% start   10.4
% cluster-index, number-of-fibers : name-of-fibers
1  1 : 1
2  1 : 2
3  2 : 3 60
4  2 : 4 26
5  1 : 5
6  1 : 6
7  3 : 7 30 42
8  1 : 8
9  1 : 9
10  1 : 10
11  1 : 11
12  3 : 12 62 74
13  2 : 13 122
14  174 : 14 27 31 33 34 37 38 40 41 46 49 50 51 52 53 54 55 56 57 58 59 61 64 65 66 67 68 70 72 73 75 76 77 78 79 80 82 83 84 85 87 88 90 91 92 93 95 96 97 98 99 100 101 102 104 105 106 107 108 109 110 111 112 113 114 115 116 117 118 119 120 121 123 124 125 126 127 129 130 131 132 133 134 135 136 137 138 139 140 141 142 143 144 145 146 147 148 149 150 151 152 153 154 155 156 157 158 159 160 161 162 163 164 165 166 167 168 169 170 171 172 173 174 175 176 177 178 179 180 181 182 183 184 185 186 188 189 190 191 192 193 194 195 196 197 198 199 200 201 202 203 204 205 206 207 208 209 210 211 212 213 214 215 216 217 218 219 220 221 222 223 224 225 226
15  2 : 15 103
16  4 : 16 44 69 128
17  1 : 17
18  1 : 18
19  2 : 19 43
20  1 : 20
21  2 : 21 36
22  1 : 22
23  1 : 23
24  2 : 24 45
25  2 : 25 71
28  3 : 28 86 89
29  2 : 29 63
32  3 : 32 47 81
35  1 : 35
39  1 : 39
48  1 : 48
94  1 : 94
187  1 : 187
% end

% frame 104
% time 10.5
% start   10.5
% cluster-index, number-of-fibers : name-of-fibers
1  1 : 1
2  1 : 2
3  2 : 3 60
4  2 : 4 26
5  1 : 5
6  1 : 6
7  3 : 7 30 42
8  1 : 8
9  1 : 9
10  1 : 10
11  1 : 11
12  3 : 12 62 74
13  2 : 13 122
14  174 : 14 27 31 33 34 37 38 40 41 46 49 50 51 52 53 54 55 56 57 58 59 61 64 65 66 67 68 70 72 73 75 76 77 78 79 80 82 83 84 85 87 88 90 91 92 93 95 96 97 98 99 100 101 102 104 105 106 107 108 109 110 111 112 113 114 115 116 117 118 119 120 121 123 124 125 126 127 129 130 131 132 133 134 135 136 137 138 139 140 141 142 143 144 145 146 147 148 149 150 151 152 153 154 155 156 157 158 159 160 161 162 163 164 165 166 167 168 169 170 171 172 173 174 175 176 177 178 179 180 181 182 183 184 185 186 188 189 190 191 192 193 194 195 196 197 198 199 200 201 202 203 204 205 206 207 208 209 210 211 212 213 214 215 216 217 218 219 220 221 222 223 224 225 226
15  2 : 15 103
16  4 : 16 44 69 128
17  1 : 17
18  1 : 18
19  2 : 19 43
20  1 : 20
21  2 : 21 36
22  1 : 22
23  1 : 23
24  2 : 24 45
25  2 : 25 71
28  3 : 28 86 89
29  2 : 29 63
32  3 : 32 47 81
35  1 : 35
39  1 : 39
48  1 : 48
94  1 : 94
187  1 : 187
% end

% frame 105
% time 10.6
% start   10.6
% cluster-index, number-of-fibers : name-of-fibers
1  1 : 1
2  1 : 2
3  2 : 3 60
4  2 : 4 26
5  1 : 5
6  1 : 6
7  3 : 7 30 42
8  1 : 8
9  1 : 9
10  1 : 10
11  1 : 11
12  3 : 12 62 74
13  2 : 13 122
14  175 : 14 27 31 33 34 37 38 40 41 46 49 50 51 52 53 54 55 56 57 58 59 61 64 65 66 67 68 70 72 73 75 76 77 78 79 80 82 83 84 85 87 88 90 91 92 93 95 96 97 98 99 100 101 102 104 105 106 107 108 109 110 111 112 113 114 115 116 117 118 119 120 121 123 124 125 126 127 129 130 131 132 133 134 135 136 137 138 139 140 141 142 143 144 145 146 147 148 149 150 151 152 153 154 155 156 157 158 159 160 161 162 163 164 165 166 167 168 169 170 171 172 173 174 175 176 177 178 179 180 181 182 183 184 185 186 188 189 190 191 192 193 194 195 196 197 198 199 200 201 202 203 204 205 206 207 208 209 210 211 212 213 214 215 216 217 218 219 220 221 222 223 224 225 226 227
15  2 : 15 103
16  4 : 16 44 69 128
17  1 : 17
18  1 : 18
19  2 : 19 43
20  1 : 20
21  2 : 21 36
22  1 : 22
23  1 : 23
24  2 : 24 45
25  2 : 25 71
28  3 : 28 86 89
29  2 : 29 63
32  3 : 32 47 81
35  1 : 35
39  1 : 39
48  1 : 48
94  1 : 94
187  1 : 187
% end

% frame 106
% time 10.7
% start   10.7
% cluster-index, number-of-fibers : name-of-fibers
1  1 : 1
2  1 : 2
3  2 : 3 60
4  2 : 4 26
5  1 : 5
6  1 : 6
7  3 : 7 30 42
8  1 : 8
9  1 : 9
10  1 : 10
11  1 : 11
12  3 : 12 62 74
13  2 : 13 122
14  175 : 14 27 31 33 34 37 38 40 41 46 49 50 51 52 53 54 55 56 57 58 59 61 64 65 66 67 68 70 72 73 75 76 77 78 79 80 82 83 84 85 87 88 90 91 92 93 95 96 97 98 99 100 101 102 104 105 106 107 108 109 110 111 112 113 114 115 116 117 118 119 120 121 123 124 125 126 127 129 130 131 132 133 134 135 136 137 138 139 140 141 142 143 144 145 146 147 148 149 150 151 152 153 154 155 156 157 158 159 160 161 162 163 164 165 166 167 168 169 170 171 172 173 174 175 176 177 178 179 180 181 182 183 184 185 186 188 189 190 191 192 193 194 195 196 197 198 199 200 201 202 203 204 205 206 207 208 209 210 211 212 213 214 215 216 217 218 219 220 221 222 223 224 225 226 227
15  2 : 15 103
16  4 : 16 44 69 128
17  1 : 17
18  1 : 18
19  2 : 19 43
20  1 : 20
21  2 : 21 36
22  1 : 22
23  1 : 23
24  2 : 24 45
25  2 : 25 71
28  3 : 28 86 89
29  2 : 29 63
32  3 : 32 47 81
35  1 : 35
39  1 : 39
48  1 : 48
94  1 : 94
187  1 : 187
% end

% frame 107
% time 10.8
% start   10.8
% cluster-index, number-of-fibers : name-of-fibers
1  1 : 1
2  1 : 2
3  2 : 3 60
4  2 : 4 26
5  1 : 5
6  1 : 6
7  3 : 7 30 42
8  1 : 8
9  1 : 9
10  1 : 10
11  1 : 11
12  3 : 12 62 74
13  2 : 13 122
14  175 : 14 27 31 33 34 37 38 40 41 46 49 50 51 52 53 54 55 56 57 58 59 61 64 65 66 67 68 70 72 73 75 76 77 78 79 80 82 83 84 85 87 88 90 91 92 93 95 96 97 98 99 100 101 102 104 105 106 107 108 109 110 111 112 113 114 115 116 117 118 119 120 121 123 124 125 126 127 129 130 131 132 133 134 135 136 137 138 139 140 141 142 143 144 145 146 147 148 149 150 151 152 153 154 155 156 157 158 159 160 161 162 163 164 165 166 167 168 169 170 171 172 173 174 175 176 177 178 179 180 181 182 183 184 185 186 188 189 190 191 192 193 194 195 196 197 198 199 200 201 202 203 204 205 206 207 208 209 210 211 212 213 214 215 216 217 218 219 220 221 222 223 224 225 226 227
15  2 : 15 103
16  4 : 16 44 69 128
17  1 : 17
18  1 : 18
19  2 : 19 43
20  1 : 20
21  2 : 21 36
22  1 : 22
23  1 : 23
24  2 : 24 45
25  2 : 25 71
28  3 : 28 86 89
29  2 : 29 63
32  3 : 32 47 81
35  1 : 35
39  1 : 39
48  1 : 48
94  1 : 94
187  1 : 187
% end

% frame 108
% time 10.9
% start   10.9
% cluster-index, number-of-fibers : name-of-fibers
1  1 : 1
2  1 : 2
3  2 : 3 60
4  2 : 4 26
5  1 : 5
6  1 : 6
7  3 : 7 30 42
8  1 : 8
9  1 : 9
10  1 : 10
11  1 : 11
12  3 : 12 62 74
13  2 : 13 122
14  175 : 14 27 31 33 34 37 38 40 41 46 49 50 51 52 53 54 55 56 57 58 59 61 64 65 66 67 68 70 72 73 75 76 77 78 79 80 82 83 84 85 87 88 90 91 92 93 95 96 97 98 99 100 101 102 104 105 106 107 108 109 110 111 112 113 114 115 116 117 118 119 120 121 123 124 125 126 127 129 130 131 132 133 134 135 136 137 138 139 140 141 142 143 144 145 146 147 148 149 150 151 152 153 154 155 156 157 158 159 160 161 162 163 164 165 166 167 168 169 170 171 172 173 174 175 176 177 178 179 180 181 182 183 184 185 186 188 189 190 191 192 193 194 195 196 197 198 199 200 201 202 203 204 205 206 207 208 209 210 211 212 213 214 215 216 217 218 219 220 221 222 223 224 225 226 227
15  2 : 15 103
16  4 : 16 44 69 128
17  1 : 17
18  1 : 18
19  2 : 19 43
20  1 : 20
21  2 : 21 36
22  1 : 22
23  1 : 23
24  2 : 24 45
25  2 : 25 71
28  3 : 28 86 89
29  2 : 29 63
32  3 : 32 47 81
35  1 : 35
39  1 : 39
48  1 : 48
94  1 : 94
187  1 : 187
% end

% frame 109
% time 11
% start   11
% cluster-index, number-of-fibers : name-of-fibers
1  1 : 1
2  1 : 2
3  2 : 3 60
4  2 : 4 26
5  1 : 5
6  1 : 6
7  3 : 7 30 42
8  1 : 8
9  1 : 9
10  1 : 10
11  1 : 11
12  3 : 12 62 74
13  2 : 13 122
14  175 : 14 27 31 33 34 37 38 40 41 46 49 50 51 52 53 54 55 56 57 58 59 61 64 65 66 67 68 70 72 73 75 76 77 78 79 80 82 83 84 85 87 88 90 91 92 93 95 96 97 98 99 100 101 102 104 105 106 107 108 109 110 111 112 113 114 115 116 117 118 119 120 121 123 124 125 126 127 129 130 131 132 133 134 135 136 137 138 139 140 141 142 143 144 145 146 147 148 149 150 151 152 153 154 155 156 157 158 159 160 161 162 163 164 165 166 167 168 169 170 171 172 173 174 175 176 177 178 179 180 181 182 183 184 185 186 188 189 190 191 192 193 194 195 196 197 198 199 200 201 202 203 204 205 206 207 208 209 210 211 212 213 214 215 216 217 218 219 220 221 222 223 224 225 226 227
15  2 : 15 103
16  4 : 16 44 69 128
17  1 : 17
18  1 : 18
19  2 : 19 43
20  1 : 20
21  2 : 21 36
22  1 : 22
23  1 : 23
24  2 : 24 45
25  2 : 25 71
28  3 : 28 86 89
29  2 : 29 63
32  3 : 32 47 81
35  1 : 35
39  1 : 39
48  1 : 48
94  1 : 94
187  1 : 187
% end

% frame 110
% time 11.1
% start   11.1
% cluster-index, number-of-fibers : name-of-fibers
1  1 : 1
2  1 : 2
3  2 : 3 60
4  2 : 4 26
5  1 : 5
6  1 : 6
7  3 : 7 30 42
8  1 : 8
9  1 : 9
10  1 : 10
11  1 : 11
12  3 : 12 62 74
13  2 : 13 122
14  175 : 14 27 31 33 34 37 38 40 41 46 49 50 51 52 53 54 55 56 57 58 59 61 64 65 66 67 68 70 72 73 75 76 77 78 79 80 82 83 84 85 87 88 90 91 92 93 95 96 97 98 99 100 101 102 104 105 106 107 108 109 110 111 112 113 114 115 116 117 118 119 120 121 123 124 125 126 127 129 130 131 132 133 134 135 136 137 138 139 140 141 142 143 144 145 146 147 148 149 150 151 152 153 154 155 156 157 158 159 160 161 162 163 164 165 166 167 168 169 170 171 172 173 174 175 176 177 178 179 180 181 182 183 184 185 186 188 189 190 191 192 193 194 195 196 197 198 199 200 201 202 203 204 205 206 207 208 209 210 211 212 213 214 215 216 217 218 219 220 221 222 223 224 225 226 227
15  2 : 15 103
16  4 : 16 44 69 128
17  1 : 17
18  1 : 18
19  2 : 19 43
20  1 : 20
21  2 : 21 36
22  1 : 22
23  1 : 23
24  2 : 24 45
25  2 : 25 71
28  3 : 28 86 89
29  2 : 29 63
32  3 : 32 47 81
35  1 : 35
39  1 : 39
48  1 : 48
94  1 : 94
187  1 : 187
% end

% frame 111
% time 11.2
% start   11.2
% cluster-index, number-of-fibers : name-of-fibers
1  1 : 1
2  1 : 2
3  2 : 3 60
4  2 : 4 26
5  1 : 5
6  1 : 6
7  3 : 7 30 42
8  1 : 8
9  1 : 9
10  1 : 10
11  1 : 11
12  3 : 12 62 74
13  2 : 13 122
14  175 : 14 27 31 33 34 37 38 40 41 46 49 50 51 52 53 54 55 56 57 58 59 61 64 65 66 67 68 70 72 73 75 76 77 78 79 80 82 83 84 85 87 88 90 91 92 93 95 96 97 98 99 100 101 102 104 105 106 107 108 109 110 111 112 113 114 115 116 117 118 119 120 121 123 124 125 126 127 129 130 131 132 133 134 135 136 137 138 139 140 141 142 143 144 145 146 147 148 149 150 151 152 153 154 155 156 157 158 159 160 161 162 163 164 165 166 167 168 169 170 171 172 173 174 175 176 177 178 179 180 181 182 183 184 185 186 188 189 190 191 192 193 194 195 196 197 198 199 200 201 202 203 204 205 206 207 208 209 210 211 212 213 214 215 216 217 218 219 220 221 222 223 224 225 226 227
15  2 : 15 103
16  4 : 16 44 69 128
17  1 : 17
18  1 : 18
19  2 : 19 43
20  1 : 20
21  2 : 21 36
22  1 : 22
23  1 : 23
24  2 : 24 45
25  2 : 25 71
28  3 : 28 86 89
29  2 : 29 63
32  3 : 32 47 81
35  1 : 35
39  1 : 39
48  1 : 48
94  1 : 94
187  1 : 187
% end

