% frame 0
% time 0.1
% start   0.1
% cluster-index, number-of-fibers : name-of-fibers
1  1 : 1
2  1 : 2
3  1 : 3
4  1 : 4
5  1 : 5
6  1 : 6
7  1 : 7
8  1 : 8
9  1 : 9
10  1 : 10
11  1 : 11
12  1 : 12
13  1 : 13
14  1 : 14
15  1 : 15
16  1 : 16
% end

% frame 1
% time 0.2
% start   0.2
% cluster-index, number-of-fibers : name-of-fibers
1  1 : 1
2  1 : 2
3  1 : 3
4  1 : 4
5  1 : 5
6  1 : 6
7  1 : 7
8  1 : 8
9  1 : 9
10  1 : 10
11  1 : 11
12  1 : 12
13  1 : 13
14  1 : 14
15  1 : 15
16  1 : 16
17  1 : 17
18  1 : 18
19  1 : 19
20  1 : 20
21  1 : 21
22  1 : 22
% end

% frame 2
% time 0.3
% start   0.3
% cluster-index, number-of-fibers : name-of-fibers
1  1 : 1
2  1 : 2
3  1 : 3
4  1 : 4
5  1 : 5
6  1 : 6
7  1 : 7
8  1 : 8
9  1 : 9
10  1 : 10
11  1 : 11
12  1 : 12
13  1 : 13
14  1 : 14
15  1 : 15
16  1 : 16
17  2 : 17 23
18  1 : 18
19  1 : 19
20  1 : 20
21  1 : 21
22  1 : 22
24  1 : 24
25  2 : 25 29
26  1 : 26
27  1 : 27
28  1 : 28
30  1 : 30
% end

% frame 3
% time 0.4
% start   0.4
% cluster-index, number-of-fibers : name-of-fibers
1  2 : 1 31
2  1 : 2
3  1 : 3
4  1 : 4
5  1 : 5
6  1 : 6
7  1 : 7
8  1 : 8
9  1 : 9
10  1 : 10
11  1 : 11
12  1 : 12
13  1 : 13
14  1 : 14
15  1 : 15
16  1 : 16
17  2 : 17 23
18  1 : 18
19  1 : 19
20  1 : 20
21  1 : 21
22  2 : 22 32
24  1 : 24
25  2 : 25 29
26  1 : 26
27  1 : 27
28  1 : 28
30  1 : 30
% end

% frame 4
% time 0.5
% start   0.5
% cluster-index, number-of-fibers : name-of-fibers
1  2 : 1 31
2  2 : 2 35
3  1 : 3
4  2 : 4 34
5  1 : 5
6  1 : 6
7  1 : 7
8  1 : 8
9  1 : 9
10  1 : 10
11  1 : 11
12  1 : 12
13  1 : 13
14  1 : 14
15  1 : 15
16  1 : 16
17  2 : 17 23
18  1 : 18
19  1 : 19
20  1 : 20
21  1 : 21
22  2 : 22 32
24  1 : 24
25  2 : 25 29
26  1 : 26
27  1 : 27
28  1 : 28
30  1 : 30
33  1 : 33
% end

% frame 5
% time 0.6
% start   0.6
% cluster-index, number-of-fibers : name-of-fibers
1  2 : 1 31
2  2 : 2 35
3  1 : 3
4  2 : 4 34
5  2 : 5 36
6  1 : 6
7  1 : 7
8  1 : 8
9  1 : 9
10  1 : 10
11  1 : 11
12  1 : 12
13  1 : 13
14  1 : 14
15  1 : 15
16  1 : 16
17  2 : 17 23
18  1 : 18
19  1 : 19
20  1 : 20
21  1 : 21
22  2 : 22 32
24  1 : 24
25  2 : 25 29
26  1 : 26
27  1 : 27
28  1 : 28
30  1 : 30
33  1 : 33
% end

% frame 6
% time 0.7
% start   0.7
% cluster-index, number-of-fibers : name-of-fibers
1  2 : 1 31
2  2 : 2 35
3  1 : 3
4  2 : 4 34
5  2 : 5 36
6  1 : 6
7  1 : 7
8  1 : 8
9  1 : 9
10  1 : 10
11  1 : 11
12  1 : 12
13  1 : 13
14  1 : 14
15  1 : 15
16  1 : 16
17  2 : 17 23
18  1 : 18
19  1 : 19
20  1 : 20
21  1 : 21
22  3 : 22 32 37
24  1 : 24
25  2 : 25 29
26  1 : 26
27  1 : 27
28  1 : 28
30  1 : 30
33  1 : 33
38  1 : 38
% end

% frame 7
% time 0.8
% start   0.8
% cluster-index, number-of-fibers : name-of-fibers
1  2 : 1 31
2  2 : 2 35
3  1 : 3
4  2 : 4 34
5  2 : 5 36
6  1 : 6
7  1 : 7
8  1 : 8
9  1 : 9
10  1 : 10
11  1 : 11
12  1 : 12
13  1 : 13
14  1 : 14
15  1 : 15
16  2 : 16 39
17  2 : 17 23
18  1 : 18
19  2 : 19 40
20  1 : 20
21  1 : 21
22  3 : 22 32 37
24  1 : 24
25  2 : 25 29
26  1 : 26
27  1 : 27
28  1 : 28
30  1 : 30
33  1 : 33
38  1 : 38
% end

% frame 8
% time 0.9
% start   0.9
% cluster-index, number-of-fibers : name-of-fibers
1  2 : 1 31
2  2 : 2 35
3  1 : 3
4  2 : 4 34
5  2 : 5 36
6  1 : 6
7  2 : 7 41
8  1 : 8
9  1 : 9
10  2 : 10 42
11  1 : 11
12  1 : 12
13  1 : 13
14  1 : 14
15  1 : 15
16  2 : 16 39
17  2 : 17 23
18  1 : 18
19  2 : 19 40
20  1 : 20
21  1 : 21
22  3 : 22 32 37
24  1 : 24
25  2 : 25 29
26  1 : 26
27  1 : 27
28  1 : 28
30  1 : 30
33  1 : 33
38  1 : 38
% end

% frame 9
% time 1
% start   1
% cluster-index, number-of-fibers : name-of-fibers
1  2 : 1 31
2  3 : 2 35 43
3  1 : 3
4  2 : 4 34
5  4 : 5 36 46 47
6  1 : 6
7  5 : 7 41 44 45 48
8  1 : 8
9  1 : 9
10  2 : 10 42
11  1 : 11
12  1 : 12
13  1 : 13
14  1 : 14
15  1 : 15
16  2 : 16 39
17  2 : 17 23
18  1 : 18
19  2 : 19 40
20  1 : 20
21  1 : 21
22  3 : 22 32 37
24  1 : 24
25  2 : 25 29
26  1 : 26
27  1 : 27
28  1 : 28
30  1 : 30
33  1 : 33
38  1 : 38
% end

% frame 10
% time 1.1
% start   1.1
% cluster-index, number-of-fibers : name-of-fibers
1  2 : 1 31
2  3 : 2 35 43
3  1 : 3
4  2 : 4 34
5  4 : 5 36 46 47
6  1 : 6
7  5 : 7 41 44 45 48
8  1 : 8
9  1 : 9
10  2 : 10 42
11  1 : 11
12  1 : 12
13  1 : 13
14  1 : 14
15  1 : 15
16  2 : 16 39
17  2 : 17 23
18  1 : 18
19  2 : 19 40
20  2 : 20 49
21  1 : 21
22  3 : 22 32 37
24  1 : 24
25  2 : 25 29
26  1 : 26
27  1 : 27
28  1 : 28
30  2 : 30 50
33  1 : 33
38  1 : 38
% end

% frame 11
% time 1.2
% start   1.2
% cluster-index, number-of-fibers : name-of-fibers
1  2 : 1 31
2  3 : 2 35 43
3  1 : 3
4  2 : 4 34
5  4 : 5 36 46 47
6  1 : 6
7  5 : 7 41 44 45 48
8  1 : 8
9  1 : 9
10  2 : 10 42
11  1 : 11
12  1 : 12
13  1 : 13
14  1 : 14
15  1 : 15
16  2 : 16 39
17  2 : 17 23
18  1 : 18
19  2 : 19 40
20  2 : 20 49
21  1 : 21
22  3 : 22 32 37
24  1 : 24
25  2 : 25 29
26  1 : 26
27  1 : 27
28  1 : 28
30  2 : 30 50
33  1 : 33
38  1 : 38
% end

% frame 12
% time 1.3
% start   1.3
% cluster-index, number-of-fibers : name-of-fibers
1  2 : 1 31
2  3 : 2 35 43
3  1 : 3
4  2 : 4 34
5  5 : 5 36 46 47 51
6  1 : 6
7  5 : 7 41 44 45 48
8  1 : 8
9  1 : 9
10  2 : 10 42
11  1 : 11
12  1 : 12
13  1 : 13
14  1 : 14
15  1 : 15
16  2 : 16 39
17  2 : 17 23
18  1 : 18
19  2 : 19 40
20  2 : 20 49
21  1 : 21
22  3 : 22 32 37
24  2 : 24 52
25  2 : 25 29
26  1 : 26
27  1 : 27
28  1 : 28
30  2 : 30 50
33  1 : 33
38  1 : 38
% end

% frame 13
% time 1.4
% start   1.4
% cluster-index, number-of-fibers : name-of-fibers
1  2 : 1 31
2  3 : 2 35 43
3  1 : 3
4  3 : 4 34 54
5  6 : 5 36 46 47 51 56
6  1 : 6
7  5 : 7 41 44 45 48
8  1 : 8
9  1 : 9
10  3 : 10 42 53
11  1 : 11
12  1 : 12
13  1 : 13
14  1 : 14
15  1 : 15
16  2 : 16 39
17  2 : 17 23
18  1 : 18
19  2 : 19 40
20  3 : 20 49 55
21  1 : 21
22  3 : 22 32 37
24  2 : 24 52
25  2 : 25 29
26  1 : 26
27  1 : 27
28  1 : 28
30  2 : 30 50
33  1 : 33
38  1 : 38
% end

% frame 14
% time 1.5
% start   1.5
% cluster-index, number-of-fibers : name-of-fibers
1  2 : 1 31
2  3 : 2 35 43
3  1 : 3
4  3 : 4 34 54
5  7 : 5 36 46 47 51 56 58
6  1 : 6
7  6 : 7 41 44 45 48 59
8  1 : 8
9  1 : 9
10  4 : 10 42 53 57
11  1 : 11
12  1 : 12
13  1 : 13
14  1 : 14
15  1 : 15
16  2 : 16 39
17  2 : 17 23
18  1 : 18
19  2 : 19 40
20  3 : 20 49 55
21  1 : 21
22  3 : 22 32 37
24  2 : 24 52
25  2 : 25 29
26  1 : 26
27  1 : 27
28  1 : 28
30  2 : 30 50
33  1 : 33
38  1 : 38
% end

% frame 15
% time 1.6
% start   1.6
% cluster-index, number-of-fibers : name-of-fibers
1  2 : 1 31
2  3 : 2 35 43
3  1 : 3
4  3 : 4 34 54
5  7 : 5 36 46 47 51 56 58
6  1 : 6
7  6 : 7 41 44 45 48 59
8  1 : 8
9  1 : 9
10  4 : 10 42 53 57
11  1 : 11
12  1 : 12
13  1 : 13
14  1 : 14
15  1 : 15
16  2 : 16 39
17  2 : 17 23
18  1 : 18
19  2 : 19 40
20  3 : 20 49 55
21  1 : 21
22  3 : 22 32 37
24  2 : 24 52
25  2 : 25 29
26  1 : 26
27  1 : 27
28  1 : 28
30  2 : 30 50
33  1 : 33
38  2 : 38 60
% end

% frame 16
% time 1.7
% start   1.7
% cluster-index, number-of-fibers : name-of-fibers
1  2 : 1 31
2  3 : 2 35 43
3  1 : 3
4  3 : 4 34 54
5  8 : 5 36 46 47 51 56 58 63
6  1 : 6
7  7 : 7 41 44 45 48 59 62
8  1 : 8
9  1 : 9
10  4 : 10 42 53 57
11  1 : 11
12  1 : 12
13  1 : 13
14  1 : 14
15  1 : 15
16  2 : 16 39
17  2 : 17 23
18  1 : 18
19  2 : 19 40
20  3 : 20 49 55
21  1 : 21
22  3 : 22 32 37
24  2 : 24 52
25  3 : 25 29 61
26  1 : 26
27  1 : 27
28  1 : 28
30  2 : 30 50
33  1 : 33
38  2 : 38 60
% end

% frame 17
% time 1.8
% start   1.8
% cluster-index, number-of-fibers : name-of-fibers
1  2 : 1 31
2  3 : 2 35 43
3  1 : 3
4  3 : 4 34 54
5  8 : 5 36 46 47 51 56 58 63
6  1 : 6
7  8 : 7 41 44 45 48 59 62 67
8  1 : 8
9  1 : 9
10  5 : 10 42 53 57 65
11  1 : 11
12  1 : 12
13  1 : 13
14  1 : 14
15  1 : 15
16  2 : 16 39
17  2 : 17 23
18  1 : 18
19  2 : 19 40
20  4 : 20 49 55 66
21  1 : 21
22  3 : 22 32 37
24  2 : 24 52
25  3 : 25 29 61
26  1 : 26
27  1 : 27
28  1 : 28
30  2 : 30 50
33  1 : 33
38  3 : 38 60 64
% end

% frame 18
% time 1.9
% start   1.9
% cluster-index, number-of-fibers : name-of-fibers
1  2 : 1 31
2  4 : 2 35 43 72
3  1 : 3
4  3 : 4 34 54
5  8 : 5 36 46 47 51 56 58 63
6  1 : 6
7  10 : 7 41 44 45 48 59 62 67 69 71
8  1 : 8
9  1 : 9
10  6 : 10 42 53 57 65 73
11  1 : 11
12  1 : 12
13  1 : 13
14  1 : 14
15  1 : 15
16  2 : 16 39
17  3 : 17 23 68
18  1 : 18
19  2 : 19 40
20  4 : 20 49 55 66
21  1 : 21
22  3 : 22 32 37
24  2 : 24 52
25  3 : 25 29 61
26  1 : 26
27  1 : 27
28  1 : 28
30  3 : 30 50 70
33  1 : 33
38  3 : 38 60 64
% end

% frame 19
% time 2
% start   2
% cluster-index, number-of-fibers : name-of-fibers
1  2 : 1 31
2  4 : 2 35 43 72
3  1 : 3
4  3 : 4 34 54
5  8 : 5 36 46 47 51 56 58 63
6  1 : 6
7  12 : 7 41 44 45 48 59 62 67 69 71 75 78
8  1 : 8
9  1 : 9
10  8 : 10 42 53 57 65 73 76 77
11  1 : 11
12  1 : 12
13  1 : 13
14  1 : 14
15  1 : 15
16  2 : 16 39
17  3 : 17 23 68
18  1 : 18
19  2 : 19 40
20  4 : 20 49 55 66
21  1 : 21
22  3 : 22 32 37
24  2 : 24 52
25  3 : 25 29 61
26  1 : 26
27  1 : 27
28  1 : 28
30  3 : 30 50 70
33  1 : 33
38  4 : 38 60 64 74
% end

% frame 20
% time 2.1
% start   2.1
% cluster-index, number-of-fibers : name-of-fibers
1  2 : 1 31
2  4 : 2 35 43 72
3  1 : 3
4  3 : 4 34 54
5  8 : 5 36 46 47 51 56 58 63
6  1 : 6
7  13 : 7 41 44 45 48 59 62 67 69 71 75 78 79
8  1 : 8
9  1 : 9
10  10 : 10 42 53 57 65 73 76 77 80 82
11  1 : 11
12  1 : 12
13  1 : 13
14  1 : 14
15  1 : 15
16  2 : 16 39
17  3 : 17 23 68
18  1 : 18
19  2 : 19 40
20  4 : 20 49 55 66
21  1 : 21
22  3 : 22 32 37
24  2 : 24 52
25  3 : 25 29 61
26  1 : 26
27  1 : 27
28  1 : 28
30  4 : 30 50 70 81
33  1 : 33
38  4 : 38 60 64 74
% end

% frame 21
% time 2.2
% start   2.2
% cluster-index, number-of-fibers : name-of-fibers
1  2 : 1 31
2  4 : 2 35 43 72
3  1 : 3
4  3 : 4 34 54
5  9 : 5 36 46 47 51 56 58 63 83
6  1 : 6
7  13 : 7 41 44 45 48 59 62 67 69 71 75 78 79
8  1 : 8
9  1 : 9
10  10 : 10 42 53 57 65 73 76 77 80 82
11  1 : 11
12  1 : 12
13  1 : 13
14  1 : 14
15  1 : 15
16  2 : 16 39
17  3 : 17 23 68
18  1 : 18
19  2 : 19 40
20  4 : 20 49 55 66
21  1 : 21
22  3 : 22 32 37
24  2 : 24 52
25  3 : 25 29 61
26  1 : 26
27  1 : 27
28  1 : 28
30  4 : 30 50 70 81
33  1 : 33
38  4 : 38 60 64 74
% end

% frame 22
% time 2.3
% start   2.3
% cluster-index, number-of-fibers : name-of-fibers
1  2 : 1 31
2  4 : 2 35 43 72
3  1 : 3
4  3 : 4 34 54
5  9 : 5 36 46 47 51 56 58 63 83
6  1 : 6
7  16 : 7 41 44 45 48 59 62 67 69 71 75 78 79 87 89 90
8  2 : 8 88
9  1 : 9
10  10 : 10 42 53 57 65 73 76 77 80 82
11  1 : 11
12  1 : 12
13  1 : 13
14  1 : 14
15  1 : 15
16  2 : 16 39
17  3 : 17 23 68
18  1 : 18
19  3 : 19 40 91
20  4 : 20 49 55 66
21  1 : 21
22  3 : 22 32 37
24  3 : 24 52 85
25  3 : 25 29 61
26  1 : 26
27  1 : 27
28  1 : 28
30  5 : 30 50 70 81 86
33  1 : 33
38  5 : 38 60 64 74 84
% end

% frame 23
% time 2.4
% start   2.4
% cluster-index, number-of-fibers : name-of-fibers
1  2 : 1 31
2  5 : 2 35 43 72 93
3  1 : 3
4  3 : 4 34 54
5  9 : 5 36 46 47 51 56 58 63 83
6  1 : 6
7  16 : 7 41 44 45 48 59 62 67 69 71 75 78 79 87 89 90
8  2 : 8 88
9  1 : 9
10  11 : 10 42 53 57 65 73 76 77 80 82 92
11  1 : 11
12  1 : 12
13  1 : 13
14  1 : 14
15  1 : 15
16  2 : 16 39
17  3 : 17 23 68
18  1 : 18
19  4 : 19 40 91 94
20  4 : 20 49 55 66
21  1 : 21
22  3 : 22 32 37
24  3 : 24 52 85
25  3 : 25 29 61
26  1 : 26
27  1 : 27
28  1 : 28
30  5 : 30 50 70 81 86
33  1 : 33
38  5 : 38 60 64 74 84
% end

% frame 24
% time 2.5
% start   2.5
% cluster-index, number-of-fibers : name-of-fibers
1  2 : 1 31
2  5 : 2 35 43 72 93
3  1 : 3
4  3 : 4 34 54
5  9 : 5 36 46 47 51 56 58 63 83
6  1 : 6
7  16 : 7 41 44 45 48 59 62 67 69 71 75 78 79 87 89 90
8  2 : 8 88
9  1 : 9
10  14 : 10 42 53 57 65 73 76 77 80 82 92 95 96 97
11  1 : 11
12  1 : 12
13  1 : 13
14  1 : 14
15  1 : 15
16  2 : 16 39
17  3 : 17 23 68
18  1 : 18
19  4 : 19 40 91 94
20  4 : 20 49 55 66
21  1 : 21
22  3 : 22 32 37
24  3 : 24 52 85
25  3 : 25 29 61
26  1 : 26
27  1 : 27
28  1 : 28
30  5 : 30 50 70 81 86
33  1 : 33
38  5 : 38 60 64 74 84
% end

% frame 25
% time 2.6
% start   2.6
% cluster-index, number-of-fibers : name-of-fibers
1  2 : 1 31
2  5 : 2 35 43 72 93
3  1 : 3
4  3 : 4 34 54
5  10 : 5 36 46 47 51 56 58 63 83 99
6  1 : 6
7  16 : 7 41 44 45 48 59 62 67 69 71 75 78 79 87 89 90
8  2 : 8 88
9  1 : 9
10  14 : 10 42 53 57 65 73 76 77 80 82 92 95 96 97
11  1 : 11
12  1 : 12
13  1 : 13
14  1 : 14
15  1 : 15
16  2 : 16 39
17  3 : 17 23 68
18  1 : 18
19  4 : 19 40 91 94
20  4 : 20 49 55 66
21  1 : 21
22  3 : 22 32 37
24  3 : 24 52 85
25  3 : 25 29 61
26  1 : 26
27  1 : 27
28  1 : 28
30  6 : 30 50 70 81 86 98
33  1 : 33
38  5 : 38 60 64 74 84
% end

% frame 26
% time 2.7
% start   2.7
% cluster-index, number-of-fibers : name-of-fibers
1  2 : 1 31
2  5 : 2 35 43 72 93
3  1 : 3
4  3 : 4 34 54
5  10 : 5 36 46 47 51 56 58 63 83 99
6  1 : 6
7  16 : 7 41 44 45 48 59 62 67 69 71 75 78 79 87 89 90
8  2 : 8 88
9  1 : 9
10  14 : 10 42 53 57 65 73 76 77 80 82 92 95 96 97
11  1 : 11
12  1 : 12
13  1 : 13
14  1 : 14
15  1 : 15
16  2 : 16 39
17  3 : 17 23 68
18  1 : 18
19  4 : 19 40 91 94
20  4 : 20 49 55 66
21  1 : 21
22  3 : 22 32 37
24  3 : 24 52 85
25  3 : 25 29 61
26  1 : 26
27  1 : 27
28  1 : 28
30  6 : 30 50 70 81 86 98
33  1 : 33
38  5 : 38 60 64 74 84
% end

% frame 27
% time 2.8
% start   2.8
% cluster-index, number-of-fibers : name-of-fibers
1  2 : 1 31
2  5 : 2 35 43 72 93
3  1 : 3
4  3 : 4 34 54
5  10 : 5 36 46 47 51 56 58 63 83 99
6  1 : 6
7  16 : 7 41 44 45 48 59 62 67 69 71 75 78 79 87 89 90
8  2 : 8 88
9  1 : 9
10  14 : 10 42 53 57 65 73 76 77 80 82 92 95 96 97
11  1 : 11
12  1 : 12
13  1 : 13
14  1 : 14
15  1 : 15
16  2 : 16 39
17  3 : 17 23 68
18  1 : 18
19  4 : 19 40 91 94
20  4 : 20 49 55 66
21  1 : 21
22  3 : 22 32 37
24  3 : 24 52 85
25  3 : 25 29 61
26  1 : 26
27  1 : 27
28  1 : 28
30  6 : 30 50 70 81 86 98
33  1 : 33
38  5 : 38 60 64 74 84
% end

% frame 28
% time 2.9
% start   2.9
% cluster-index, number-of-fibers : name-of-fibers
1  2 : 1 31
2  5 : 2 35 43 72 93
3  1 : 3
4  3 : 4 34 54
5  10 : 5 36 46 47 51 56 58 63 83 99
6  1 : 6
7  17 : 7 41 44 45 48 59 62 67 69 71 75 78 79 87 89 90 102
8  2 : 8 88
9  1 : 9
10  14 : 10 42 53 57 65 73 76 77 80 82 92 95 96 97
11  1 : 11
12  1 : 12
13  1 : 13
14  1 : 14
15  1 : 15
16  2 : 16 39
17  3 : 17 23 68
18  1 : 18
19  4 : 19 40 91 94
20  4 : 20 49 55 66
21  1 : 21
22  3 : 22 32 37
24  3 : 24 52 85
25  3 : 25 29 61
26  1 : 26
27  1 : 27
28  1 : 28
30  8 : 30 50 70 81 86 98 101 103
33  1 : 33
38  6 : 38 60 64 74 84 100
% end

% frame 29
% time 3
% start   3
% cluster-index, number-of-fibers : name-of-fibers
1  2 : 1 31
2  5 : 2 35 43 72 93
3  1 : 3
4  3 : 4 34 54
5  10 : 5 36 46 47 51 56 58 63 83 99
6  1 : 6
7  17 : 7 41 44 45 48 59 62 67 69 71 75 78 79 87 89 90 102
8  2 : 8 88
9  1 : 9
10  15 : 10 42 53 57 65 73 76 77 80 82 92 95 96 97 109
11  1 : 11
12  1 : 12
13  1 : 13
14  1 : 14
15  1 : 15
16  2 : 16 39
17  3 : 17 23 68
18  1 : 18
19  6 : 19 40 91 94 104 106
20  4 : 20 49 55 66
21  2 : 21 105
22  3 : 22 32 37
24  3 : 24 52 85
25  3 : 25 29 61
26  1 : 26
27  1 : 27
28  1 : 28
30  10 : 30 50 70 81 86 98 101 103 107 108
33  1 : 33
38  6 : 38 60 64 74 84 100
% end

% frame 30
% time 3.1
% start   3.1
% cluster-index, number-of-fibers : name-of-fibers
1  2 : 1 31
2  5 : 2 35 43 72 93
3  1 : 3
4  3 : 4 34 54
5  9 : 5 36 46 47 51 56 63 83 99
6  1 : 6
7  18 : 7 41 44 45 48 59 62 67 69 71 75 78 79 87 89 90 102 110
8  2 : 8 88
9  1 : 9
10  15 : 10 42 53 57 65 73 76 77 80 82 92 95 96 97 109
11  1 : 11
12  1 : 12
13  1 : 13
14  1 : 14
15  1 : 15
16  2 : 16 39
17  3 : 17 23 68
18  1 : 18
19  6 : 19 40 91 94 104 106
20  4 : 20 49 55 66
21  2 : 21 105
22  3 : 22 32 37
24  3 : 24 52 85
25  3 : 25 29 61
26  1 : 26
27  1 : 27
28  1 : 28
30  10 : 30 50 70 81 86 98 101 103 107 108
33  1 : 33
38  6 : 38 60 64 74 84 100
58  1 : 58
% end

% frame 31
% time 3.2
% start   3.2
% cluster-index, number-of-fibers : name-of-fibers
1  2 : 1 31
2  5 : 2 35 43 72 93
3  1 : 3
4  3 : 4 34 54
5  9 : 5 36 46 47 51 56 63 83 99
6  1 : 6
7  18 : 7 41 44 45 48 59 62 67 69 71 75 78 79 87 89 90 102 110
8  2 : 8 88
9  1 : 9
10  15 : 10 42 53 57 65 73 76 77 80 82 92 95 96 97 109
11  1 : 11
12  1 : 12
13  1 : 13
14  1 : 14
15  1 : 15
16  2 : 16 39
17  3 : 17 23 68
18  1 : 18
19  6 : 19 40 91 94 104 106
20  4 : 20 49 55 66
21  2 : 21 105
22  3 : 22 32 37
24  3 : 24 52 85
25  3 : 25 29 61
26  1 : 26
27  1 : 27
28  1 : 28
30  10 : 30 50 70 81 86 98 101 103 107 108
33  1 : 33
38  6 : 38 60 64 74 84 100
58  1 : 58
% end

% frame 32
% time 3.3
% start   3.3
% cluster-index, number-of-fibers : name-of-fibers
1  2 : 1 31
2  5 : 2 35 43 72 93
3  1 : 3
4  3 : 4 34 54
5  9 : 5 36 46 47 51 56 63 83 99
6  1 : 6
7  19 : 7 41 44 45 48 59 62 67 69 71 75 78 79 87 89 90 102 110 111
8  2 : 8 88
9  1 : 9
10  15 : 10 42 53 57 65 73 76 77 80 82 92 95 96 97 109
11  1 : 11
12  1 : 12
13  1 : 13
14  1 : 14
15  1 : 15
16  2 : 16 39
17  3 : 17 23 68
18  1 : 18
19  6 : 19 40 91 94 104 106
20  4 : 20 49 55 66
21  2 : 21 105
22  3 : 22 32 37
24  3 : 24 52 85
25  3 : 25 29 61
26  1 : 26
27  1 : 27
28  1 : 28
30  10 : 30 50 70 81 86 98 101 103 107 108
33  1 : 33
38  6 : 38 60 64 74 84 100
58  1 : 58
% end

% frame 33
% time 3.4
% start   3.4
% cluster-index, number-of-fibers : name-of-fibers
1  2 : 1 31
2  5 : 2 35 43 72 93
3  1 : 3
4  3 : 4 34 54
5  10 : 5 36 46 47 51 56 63 83 99 112
6  1 : 6
7  19 : 7 41 44 45 48 59 62 67 69 71 75 78 79 87 89 90 102 110 111
8  2 : 8 88
9  1 : 9
10  15 : 10 42 53 57 65 73 76 77 80 82 92 95 96 97 109
11  1 : 11
12  1 : 12
13  1 : 13
14  1 : 14
15  1 : 15
16  2 : 16 39
17  3 : 17 23 68
18  1 : 18
19  6 : 19 40 91 94 104 106
20  4 : 20 49 55 66
21  2 : 21 105
22  3 : 22 32 37
24  3 : 24 52 85
25  3 : 25 29 61
26  1 : 26
27  1 : 27
28  1 : 28
30  10 : 30 50 70 81 86 98 101 103 107 108
33  1 : 33
38  6 : 38 60 64 74 84 100
58  1 : 58
% end

% frame 34
% time 3.5
% start   3.5
% cluster-index, number-of-fibers : name-of-fibers
1  2 : 1 31
2  5 : 2 35 43 72 93
3  1 : 3
4  3 : 4 34 54
5  10 : 5 36 46 47 51 56 63 83 99 112
6  1 : 6
7  19 : 7 41 44 45 48 59 62 67 69 71 75 78 79 87 89 90 102 110 111
8  2 : 8 88
9  1 : 9
10  16 : 10 42 53 57 65 73 76 77 80 82 92 95 96 97 109 114
11  1 : 11
12  1 : 12
13  1 : 13
14  1 : 14
15  1 : 15
16  2 : 16 39
17  3 : 17 23 68
18  1 : 18
19  6 : 19 40 91 94 104 106
20  4 : 20 49 55 66
21  2 : 21 105
22  3 : 22 32 37
24  3 : 24 52 85
25  3 : 25 29 61
26  1 : 26
27  1 : 27
28  1 : 28
30  11 : 30 50 70 81 86 98 101 103 107 108 113
33  1 : 33
38  6 : 38 60 64 74 84 100
58  1 : 58
% end

% frame 35
% time 3.6
% start   3.6
% cluster-index, number-of-fibers : name-of-fibers
1  2 : 1 31
2  5 : 2 35 43 72 93
3  1 : 3
4  3 : 4 34 54
5  10 : 5 36 46 47 51 56 63 83 99 112
6  1 : 6
7  19 : 7 41 44 45 48 59 62 67 69 71 75 78 79 87 89 90 102 110 111
8  2 : 8 88
9  1 : 9
10  16 : 10 42 53 57 65 73 76 77 80 82 92 95 96 97 109 114
11  1 : 11
12  1 : 12
13  1 : 13
14  1 : 14
15  1 : 15
16  2 : 16 39
17  3 : 17 23 68
18  1 : 18
19  6 : 19 40 91 94 104 106
20  4 : 20 49 55 66
21  2 : 21 105
22  3 : 22 32 37
24  3 : 24 52 85
25  3 : 25 29 61
26  1 : 26
27  1 : 27
28  1 : 28
30  14 : 30 50 70 81 86 98 101 103 107 108 113 115 116 117
33  1 : 33
38  6 : 38 60 64 74 84 100
58  1 : 58
% end

% frame 36
% time 3.7
% start   3.7
% cluster-index, number-of-fibers : name-of-fibers
1  2 : 1 31
2  5 : 2 35 43 72 93
3  1 : 3
4  3 : 4 34 54
5  10 : 5 36 46 47 51 56 63 83 99 112
6  1 : 6
7  19 : 7 41 44 45 48 59 62 67 69 71 75 78 79 87 89 90 102 110 111
8  2 : 8 88
9  1 : 9
10  16 : 10 42 53 57 65 73 76 77 80 82 92 95 96 97 109 114
11  1 : 11
12  1 : 12
13  1 : 13
14  1 : 14
15  1 : 15
16  2 : 16 39
17  3 : 17 23 68
18  1 : 18
19  6 : 19 40 91 94 104 106
20  4 : 20 49 55 66
21  2 : 21 105
22  3 : 22 32 37
24  3 : 24 52 85
25  3 : 25 29 61
26  1 : 26
27  1 : 27
28  1 : 28
30  15 : 30 50 70 81 86 98 101 103 107 108 113 115 116 117 118
33  1 : 33
38  6 : 38 60 64 74 84 100
58  1 : 58
% end

% frame 37
% time 3.8
% start   3.8
% cluster-index, number-of-fibers : name-of-fibers
1  2 : 1 31
2  5 : 2 35 43 72 93
3  1 : 3
4  3 : 4 34 54
5  10 : 5 36 46 47 51 56 63 83 99 112
6  1 : 6
7  19 : 7 41 44 45 48 59 62 67 69 71 75 78 79 87 89 90 102 110 111
8  2 : 8 88
9  1 : 9
10  16 : 10 42 53 57 65 73 76 77 80 82 92 95 96 97 109 114
11  1 : 11
12  1 : 12
13  1 : 13
14  1 : 14
15  1 : 15
16  2 : 16 39
17  3 : 17 23 68
18  1 : 18
19  6 : 19 40 91 94 104 106
20  4 : 20 49 55 66
21  2 : 21 105
22  3 : 22 32 37
24  3 : 24 52 85
25  3 : 25 29 61
26  1 : 26
27  1 : 27
28  1 : 28
30  16 : 30 50 70 81 86 98 101 103 107 108 113 115 116 117 118 119
33  1 : 33
38  6 : 38 60 64 74 84 100
58  1 : 58
% end

% frame 38
% time 3.9
% start   3.9
% cluster-index, number-of-fibers : name-of-fibers
1  2 : 1 31
2  5 : 2 35 43 72 93
3  1 : 3
4  3 : 4 34 54
5  10 : 5 36 46 47 51 56 63 83 99 112
6  1 : 6
7  19 : 7 41 44 45 48 59 62 67 69 71 75 78 79 87 89 90 102 110 111
8  2 : 8 88
9  1 : 9
10  16 : 10 42 53 57 65 73 76 77 80 82 92 95 96 97 109 114
11  1 : 11
12  1 : 12
13  1 : 13
14  1 : 14
15  1 : 15
16  2 : 16 39
17  3 : 17 23 68
18  1 : 18
19  6 : 19 40 91 94 104 106
20  4 : 20 49 55 66
21  2 : 21 105
22  3 : 22 32 37
24  3 : 24 52 85
25  3 : 25 29 61
26  1 : 26
27  1 : 27
28  1 : 28
30  18 : 30 50 70 81 86 98 101 103 107 108 113 115 116 117 118 119 120 121
33  1 : 33
38  6 : 38 60 64 74 84 100
58  1 : 58
% end

% frame 39
% time 4
% start   4
% cluster-index, number-of-fibers : name-of-fibers
1  2 : 1 31
2  5 : 2 35 43 72 93
3  1 : 3
4  3 : 4 34 54
5  10 : 5 36 46 47 51 56 63 83 99 112
6  1 : 6
7  19 : 7 41 44 45 48 59 62 67 69 71 75 78 79 87 89 90 102 110 111
8  2 : 8 88
9  1 : 9
10  16 : 10 42 53 57 65 73 76 77 80 82 92 95 96 97 109 114
11  1 : 11
12  1 : 12
13  1 : 13
14  1 : 14
15  1 : 15
16  2 : 16 39
17  3 : 17 23 68
18  1 : 18
19  6 : 19 40 91 94 104 106
20  4 : 20 49 55 66
21  2 : 21 105
22  3 : 22 32 37
24  3 : 24 52 85
25  3 : 25 29 61
26  1 : 26
27  1 : 27
28  1 : 28
30  18 : 30 50 70 81 86 98 101 103 107 108 113 115 116 117 118 119 120 121
33  1 : 33
38  6 : 38 60 64 74 84 100
58  1 : 58
% end

% frame 40
% time 4.1
% start   4.1
% cluster-index, number-of-fibers : name-of-fibers
1  2 : 1 31
2  5 : 2 35 43 72 93
3  1 : 3
4  3 : 4 34 54
5  10 : 5 36 46 47 51 56 63 83 99 112
6  1 : 6
7  19 : 7 41 44 45 48 59 62 67 69 71 75 78 79 87 89 90 102 110 111
8  2 : 8 88
9  1 : 9
10  16 : 10 42 53 57 65 73 76 77 80 82 92 95 96 97 109 114
11  1 : 11
12  1 : 12
13  1 : 13
14  1 : 14
15  1 : 15
16  2 : 16 39
17  3 : 17 23 68
18  1 : 18
19  6 : 19 40 91 94 104 106
20  4 : 20 49 55 66
21  2 : 21 105
22  3 : 22 32 37
24  3 : 24 52 85
25  3 : 25 29 61
26  1 : 26
27  1 : 27
28  1 : 28
30  18 : 30 50 70 81 86 98 101 103 107 108 113 115 116 117 118 119 120 121
33  1 : 33
38  6 : 38 60 64 74 84 100
58  1 : 58
% end

% frame 41
% time 4.2
% start   4.2
% cluster-index, number-of-fibers : name-of-fibers
1  2 : 1 31
2  5 : 2 35 43 72 93
3  1 : 3
4  3 : 4 34 54
5  11 : 5 36 46 47 51 56 63 83 99 112 124
6  1 : 6
7  19 : 7 41 44 45 48 59 62 67 69 71 75 78 79 87 89 90 102 110 111
8  2 : 8 88
9  1 : 9
10  17 : 10 42 53 57 65 73 76 77 80 82 92 95 96 97 109 114 123
11  1 : 11
12  1 : 12
13  1 : 13
14  1 : 14
15  1 : 15
16  2 : 16 39
17  3 : 17 23 68
18  1 : 18
19  6 : 19 40 91 94 104 106
20  4 : 20 49 55 66
21  2 : 21 105
22  3 : 22 32 37
24  3 : 24 52 85
25  3 : 25 29 61
26  1 : 26
27  1 : 27
28  1 : 28
30  19 : 30 50 70 81 86 98 101 103 107 108 113 115 116 117 118 119 120 121 122
33  1 : 33
38  6 : 38 60 64 74 84 100
58  1 : 58
% end

% frame 42
% time 4.3
% start   4.3
% cluster-index, number-of-fibers : name-of-fibers
1  2 : 1 31
2  5 : 2 35 43 72 93
3  1 : 3
4  3 : 4 34 54
5  11 : 5 36 46 47 51 56 63 83 99 112 124
6  1 : 6
7  19 : 7 41 44 45 48 59 62 67 69 71 75 78 79 87 89 90 102 110 111
8  2 : 8 88
9  1 : 9
10  18 : 10 42 53 57 65 73 76 77 80 82 92 95 96 97 109 114 123 125
11  1 : 11
12  1 : 12
13  1 : 13
14  1 : 14
15  1 : 15
16  2 : 16 39
17  3 : 17 23 68
18  1 : 18
19  6 : 19 40 91 94 104 106
20  4 : 20 49 55 66
21  2 : 21 105
22  3 : 22 32 37
24  3 : 24 52 85
25  3 : 25 29 61
26  1 : 26
27  1 : 27
28  1 : 28
30  19 : 30 50 70 81 86 98 101 103 107 108 113 115 116 117 118 119 120 121 122
33  1 : 33
38  6 : 38 60 64 74 84 100
58  1 : 58
% end

% frame 43
% time 4.4
% start   4.4
% cluster-index, number-of-fibers : name-of-fibers
1  2 : 1 31
2  5 : 2 35 43 72 93
3  1 : 3
4  3 : 4 34 54
5  11 : 5 36 46 47 51 56 63 83 99 112 124
6  1 : 6
7  22 : 7 41 44 45 48 59 62 67 69 71 75 78 79 87 89 90 102 110 111 126 127 128
8  2 : 8 88
9  1 : 9
10  18 : 10 42 53 57 65 73 76 77 80 82 92 95 96 97 109 114 123 125
11  1 : 11
12  1 : 12
13  1 : 13
14  1 : 14
15  1 : 15
16  2 : 16 39
17  3 : 17 23 68
18  1 : 18
19  6 : 19 40 91 94 104 106
20  4 : 20 49 55 66
21  2 : 21 105
22  3 : 22 32 37
24  3 : 24 52 85
25  3 : 25 29 61
26  1 : 26
27  1 : 27
28  1 : 28
30  19 : 30 50 70 81 86 98 101 103 107 108 113 115 116 117 118 119 120 121 122
33  1 : 33
38  6 : 38 60 64 74 84 100
58  1 : 58
% end

% frame 44
% time 4.5
% start   4.5
% cluster-index, number-of-fibers : name-of-fibers
1  2 : 1 31
2  5 : 2 35 43 72 93
3  1 : 3
4  3 : 4 34 54
5  11 : 5 36 46 47 51 56 63 83 99 112 124
6  1 : 6
7  22 : 7 41 44 45 48 59 62 67 69 71 75 78 79 87 89 90 102 110 111 126 127 128
8  2 : 8 88
9  1 : 9
10  18 : 10 42 53 57 65 73 76 77 80 82 92 95 96 97 109 114 123 125
11  1 : 11
12  1 : 12
13  1 : 13
14  1 : 14
15  1 : 15
16  2 : 16 39
17  3 : 17 23 68
18  1 : 18
19  6 : 19 40 91 94 104 106
20  4 : 20 49 55 66
21  2 : 21 105
22  3 : 22 32 37
24  3 : 24 52 85
25  3 : 25 29 61
26  1 : 26
27  1 : 27
28  1 : 28
30  20 : 30 50 70 81 86 98 101 103 107 108 113 115 116 117 118 119 120 121 122 129
33  1 : 33
38  6 : 38 60 64 74 84 100
58  1 : 58
% end

% frame 45
% time 4.6
% start   4.6
% cluster-index, number-of-fibers : name-of-fibers
1  2 : 1 31
2  5 : 2 35 43 72 93
3  1 : 3
4  3 : 4 34 54
5  11 : 5 36 46 47 51 56 63 83 99 112 124
6  1 : 6
7  22 : 7 41 44 45 48 59 62 67 69 71 75 78 79 87 89 90 102 110 111 126 127 128
8  2 : 8 88
9  1 : 9
10  18 : 10 42 53 57 65 73 76 77 80 82 92 95 96 97 109 114 123 125
11  1 : 11
12  1 : 12
13  1 : 13
14  1 : 14
15  1 : 15
16  2 : 16 39
17  3 : 17 23 68
18  1 : 18
19  6 : 19 40 91 94 104 106
20  4 : 20 49 55 66
21  2 : 21 105
22  3 : 22 32 37
24  3 : 24 52 85
25  3 : 25 29 61
26  1 : 26
27  1 : 27
28  1 : 28
30  20 : 30 50 70 81 86 98 101 103 107 108 113 115 116 117 118 119 120 121 122 129
33  1 : 33
38  6 : 38 60 64 74 84 100
58  1 : 58
% end

% frame 46
% time 4.7
% start   4.7
% cluster-index, number-of-fibers : name-of-fibers
1  2 : 1 31
2  5 : 2 35 43 72 93
3  1 : 3
4  3 : 4 34 54
5  11 : 5 36 46 47 51 56 63 83 99 112 124
6  1 : 6
7  22 : 7 41 44 45 48 59 62 67 69 71 75 78 79 87 89 90 102 110 111 126 127 128
8  2 : 8 88
9  1 : 9
10  18 : 10 42 53 57 65 73 76 77 80 82 92 95 96 97 109 114 123 125
11  1 : 11
12  1 : 12
13  1 : 13
14  1 : 14
15  1 : 15
16  2 : 16 39
17  3 : 17 23 68
18  1 : 18
19  6 : 19 40 91 94 104 106
20  4 : 20 49 55 66
21  2 : 21 105
22  3 : 22 32 37
24  3 : 24 52 85
25  3 : 25 29 61
26  1 : 26
27  1 : 27
28  1 : 28
30  20 : 30 50 70 81 86 98 101 103 107 108 113 115 116 117 118 119 120 121 122 129
33  1 : 33
38  6 : 38 60 64 74 84 100
58  1 : 58
% end

% frame 47
% time 4.8
% start   4.8
% cluster-index, number-of-fibers : name-of-fibers
1  2 : 1 31
2  5 : 2 35 43 72 93
3  1 : 3
4  3 : 4 34 54
5  12 : 5 36 46 47 51 56 63 83 99 112 124 130
6  1 : 6
7  22 : 7 41 44 45 48 59 62 67 69 71 75 78 79 87 89 90 102 110 111 126 127 128
8  2 : 8 88
9  1 : 9
10  18 : 10 42 53 57 65 73 76 77 80 82 92 95 96 97 109 114 123 125
11  1 : 11
12  1 : 12
13  1 : 13
14  1 : 14
15  1 : 15
16  2 : 16 39
17  3 : 17 23 68
18  1 : 18
19  6 : 19 40 91 94 104 106
20  4 : 20 49 55 66
21  2 : 21 105
22  3 : 22 32 37
24  3 : 24 52 85
25  3 : 25 29 61
26  1 : 26
27  1 : 27
28  1 : 28
30  20 : 30 50 70 81 86 98 101 103 107 108 113 115 116 117 118 119 120 121 122 129
33  1 : 33
38  6 : 38 60 64 74 84 100
58  1 : 58
% end

% frame 48
% time 4.9
% start   4.9
% cluster-index, number-of-fibers : name-of-fibers
1  2 : 1 31
2  5 : 2 35 43 72 93
3  1 : 3
4  3 : 4 34 54
5  12 : 5 36 46 47 51 56 63 83 99 112 124 130
6  1 : 6
7  22 : 7 41 44 45 48 59 62 67 69 71 75 78 79 87 89 90 102 110 111 126 127 128
8  2 : 8 88
9  1 : 9
10  19 : 10 42 53 57 65 73 76 77 80 82 92 95 96 97 109 114 123 125 132
11  1 : 11
12  1 : 12
13  1 : 13
14  1 : 14
15  1 : 15
16  2 : 16 39
17  3 : 17 23 68
18  1 : 18
19  6 : 19 40 91 94 104 106
20  4 : 20 49 55 66
21  2 : 21 105
22  3 : 22 32 37
24  3 : 24 52 85
25  3 : 25 29 61
26  1 : 26
27  1 : 27
28  1 : 28
30  21 : 30 50 70 81 86 98 101 103 107 108 113 115 116 117 118 119 120 121 122 129 131
33  1 : 33
38  6 : 38 60 64 74 84 100
58  1 : 58
% end

% frame 49
% time 5
% start   5
% cluster-index, number-of-fibers : name-of-fibers
1  2 : 1 31
2  5 : 2 35 43 72 93
3  1 : 3
4  3 : 4 34 54
5  12 : 5 36 46 47 51 56 63 83 99 112 124 130
6  1 : 6
7  22 : 7 41 44 45 48 59 62 67 69 71 75 78 79 87 89 90 102 110 111 126 127 128
8  2 : 8 88
9  1 : 9
10  19 : 10 42 53 57 65 73 76 77 80 82 92 95 96 97 109 114 123 125 132
11  1 : 11
12  1 : 12
13  1 : 13
14  1 : 14
15  1 : 15
16  2 : 16 39
17  3 : 17 23 68
18  1 : 18
19  6 : 19 40 91 94 104 106
20  4 : 20 49 55 66
21  2 : 21 105
22  3 : 22 32 37
24  3 : 24 52 85
25  3 : 25 29 61
26  1 : 26
27  1 : 27
28  1 : 28
30  22 : 30 50 70 81 86 98 101 103 107 108 113 115 116 117 118 119 120 121 122 129 131 133
33  1 : 33
38  6 : 38 60 64 74 84 100
58  1 : 58
% end

% frame 50
% time 5.1
% start   5.1
% cluster-index, number-of-fibers : name-of-fibers
1  2 : 1 31
2  5 : 2 35 43 72 93
3  1 : 3
4  3 : 4 34 54
5  13 : 5 36 46 47 51 56 63 83 99 112 124 130 134
6  1 : 6
7  22 : 7 41 44 45 48 59 62 67 69 71 75 78 79 87 89 90 102 110 111 126 127 128
8  2 : 8 88
9  1 : 9
10  19 : 10 42 53 57 65 73 76 77 80 82 92 95 96 97 109 114 123 125 132
11  1 : 11
12  1 : 12
13  1 : 13
14  1 : 14
15  1 : 15
16  2 : 16 39
17  3 : 17 23 68
18  1 : 18
19  6 : 19 40 91 94 104 106
20  4 : 20 49 55 66
21  2 : 21 105
22  3 : 22 32 37
24  3 : 24 52 85
25  3 : 25 29 61
26  1 : 26
27  1 : 27
28  1 : 28
30  24 : 30 50 70 81 86 98 101 103 107 108 113 115 116 117 118 119 120 121 122 129 131 133 135 136
33  1 : 33
38  6 : 38 60 64 74 84 100
58  1 : 58
% end

% frame 51
% time 5.2
% start   5.2
% cluster-index, number-of-fibers : name-of-fibers
1  2 : 1 31
2  5 : 2 35 43 72 93
3  1 : 3
4  3 : 4 34 54
5  13 : 5 36 46 47 51 56 63 83 99 112 124 130 134
6  1 : 6
7  22 : 7 41 44 45 48 59 62 67 69 71 75 78 79 87 89 90 102 110 111 126 127 128
8  2 : 8 88
9  1 : 9
10  19 : 10 42 53 57 65 73 76 77 80 82 92 95 96 97 109 114 123 125 132
11  1 : 11
12  1 : 12
13  1 : 13
14  1 : 14
15  1 : 15
16  2 : 16 39
17  3 : 17 23 68
18  1 : 18
19  6 : 19 40 91 94 104 106
20  4 : 20 49 55 66
21  2 : 21 105
22  3 : 22 32 37
24  3 : 24 52 85
25  3 : 25 29 61
26  1 : 26
27  1 : 27
28  1 : 28
30  24 : 30 50 70 81 86 98 101 103 107 108 113 115 116 117 118 119 120 121 122 129 131 133 135 136
33  1 : 33
38  6 : 38 60 64 74 84 100
58  1 : 58
% end

% frame 52
% time 5.3
% start   5.3
% cluster-index, number-of-fibers : name-of-fibers
1  2 : 1 31
2  5 : 2 35 43 72 93
3  1 : 3
4  3 : 4 34 54
5  14 : 5 36 46 47 51 56 63 83 99 112 124 130 134 137
6  1 : 6
7  22 : 7 41 44 45 48 59 62 67 69 71 75 78 79 87 89 90 102 110 111 126 127 128
8  2 : 8 88
9  1 : 9
10  19 : 10 42 53 57 65 73 76 77 80 82 92 95 96 97 109 114 123 125 132
11  1 : 11
12  1 : 12
13  1 : 13
14  1 : 14
15  1 : 15
16  2 : 16 39
17  4 : 17 23 68 138
18  1 : 18
19  6 : 19 40 91 94 104 106
20  4 : 20 49 55 66
21  2 : 21 105
22  3 : 22 32 37
24  3 : 24 52 85
25  3 : 25 29 61
26  1 : 26
27  1 : 27
28  1 : 28
30  25 : 30 50 70 81 86 98 101 103 107 108 113 115 116 117 118 119 120 121 122 129 131 133 135 136 139
33  1 : 33
38  6 : 38 60 64 74 84 100
58  1 : 58
% end

% frame 53
% time 5.4
% start   5.4
% cluster-index, number-of-fibers : name-of-fibers
1  2 : 1 31
2  5 : 2 35 43 72 93
3  1 : 3
4  3 : 4 34 54
5  15 : 5 36 46 47 51 56 63 83 99 112 124 130 134 137 141
6  1 : 6
7  22 : 7 41 44 45 48 59 62 67 69 71 75 78 79 87 89 90 102 110 111 126 127 128
8  2 : 8 88
9  1 : 9
10  19 : 10 42 53 57 65 73 76 77 80 82 92 95 96 97 109 114 123 125 132
11  1 : 11
12  1 : 12
13  1 : 13
14  1 : 14
15  1 : 15
16  2 : 16 39
17  4 : 17 23 68 138
18  1 : 18
19  6 : 19 40 91 94 104 106
20  4 : 20 49 55 66
21  2 : 21 105
22  3 : 22 32 37
24  3 : 24 52 85
25  3 : 25 29 61
26  1 : 26
27  1 : 27
28  1 : 28
30  26 : 30 50 70 81 86 98 101 103 107 108 113 115 116 117 118 119 120 121 122 129 131 133 135 136 139 140
33  1 : 33
38  6 : 38 60 64 74 84 100
58  1 : 58
% end

% frame 54
% time 5.5
% start   5.5
% cluster-index, number-of-fibers : name-of-fibers
1  2 : 1 31
2  5 : 2 35 43 72 93
3  1 : 3
4  3 : 4 34 54
5  15 : 5 36 46 47 51 56 63 83 99 112 124 130 134 137 141
6  1 : 6
7  22 : 7 41 44 45 48 59 62 67 69 71 75 78 79 87 89 90 102 110 111 126 127 128
8  2 : 8 88
9  1 : 9
10  19 : 10 42 53 57 65 73 76 77 80 82 92 95 96 97 109 114 123 125 132
11  1 : 11
12  1 : 12
13  1 : 13
14  1 : 14
15  1 : 15
16  2 : 16 39
17  4 : 17 23 68 138
18  1 : 18
19  6 : 19 40 91 94 104 106
20  4 : 20 49 55 66
21  2 : 21 105
22  3 : 22 32 37
24  3 : 24 52 85
25  3 : 25 29 61
26  1 : 26
27  1 : 27
28  1 : 28
30  27 : 30 50 70 81 86 98 101 103 107 108 113 115 116 117 118 119 120 121 122 129 131 133 135 136 139 140 142
33  1 : 33
38  6 : 38 60 64 74 84 100
58  1 : 58
% end

% frame 55
% time 5.6
% start   5.6
% cluster-index, number-of-fibers : name-of-fibers
1  2 : 1 31
2  5 : 2 35 43 72 93
3  1 : 3
4  3 : 4 34 54
5  16 : 5 36 46 47 51 56 63 83 99 112 124 130 134 137 141 144
6  1 : 6
7  23 : 7 41 44 45 48 59 62 67 69 71 75 78 79 87 89 90 102 110 111 126 127 128 143
8  2 : 8 88
9  1 : 9
10  19 : 10 42 53 57 65 73 76 77 80 82 92 95 96 97 109 114 123 125 132
11  1 : 11
12  1 : 12
13  1 : 13
14  1 : 14
15  1 : 15
16  2 : 16 39
17  4 : 17 23 68 138
18  1 : 18
19  6 : 19 40 91 94 104 106
20  4 : 20 49 55 66
21  2 : 21 105
22  3 : 22 32 37
24  3 : 24 52 85
25  3 : 25 29 61
26  1 : 26
27  1 : 27
28  1 : 28
30  27 : 30 50 70 81 86 98 101 103 107 108 113 115 116 117 118 119 120 121 122 129 131 133 135 136 139 140 142
33  1 : 33
38  6 : 38 60 64 74 84 100
58  1 : 58
% end

% frame 56
% time 5.7
% start   5.7
% cluster-index, number-of-fibers : name-of-fibers
1  2 : 1 31
2  5 : 2 35 43 72 93
3  1 : 3
4  3 : 4 34 54
5  16 : 5 36 46 47 51 56 63 83 99 112 124 130 134 137 141 144
6  1 : 6
7  23 : 7 41 44 45 48 59 62 67 69 71 75 78 79 87 89 90 102 110 111 126 127 128 143
8  2 : 8 88
9  1 : 9
10  19 : 10 42 53 57 65 73 76 77 80 82 92 95 96 97 109 114 123 125 132
11  1 : 11
12  1 : 12
13  1 : 13
14  1 : 14
15  1 : 15
16  2 : 16 39
17  4 : 17 23 68 138
18  1 : 18
19  6 : 19 40 91 94 104 106
20  4 : 20 49 55 66
21  2 : 21 105
22  3 : 22 32 37
24  3 : 24 52 85
25  3 : 25 29 61
26  1 : 26
27  1 : 27
28  1 : 28
30  27 : 30 50 70 81 86 98 101 103 107 108 113 115 116 117 118 119 120 121 122 129 131 133 135 136 139 140 142
33  1 : 33
38  6 : 38 60 64 74 84 100
58  1 : 58
% end

% frame 57
% time 5.8
% start   5.8
% cluster-index, number-of-fibers : name-of-fibers
1  2 : 1 31
2  5 : 2 35 43 72 93
3  1 : 3
4  3 : 4 34 54
5  18 : 5 36 46 47 51 56 63 83 99 112 124 130 134 137 141 144 146 147
6  1 : 6
7  23 : 7 41 44 45 48 59 62 67 69 71 75 78 79 87 89 90 102 110 111 126 127 128 143
8  2 : 8 88
9  1 : 9
10  20 : 10 42 53 57 65 73 76 77 80 82 92 95 96 97 109 114 123 125 132 145
11  1 : 11
12  1 : 12
13  1 : 13
14  1 : 14
15  1 : 15
16  2 : 16 39
17  4 : 17 23 68 138
18  1 : 18
19  6 : 19 40 91 94 104 106
20  4 : 20 49 55 66
21  2 : 21 105
22  3 : 22 32 37
24  3 : 24 52 85
25  3 : 25 29 61
26  1 : 26
27  1 : 27
28  1 : 28
30  27 : 30 50 70 81 86 98 101 103 107 108 113 115 116 117 118 119 120 121 122 129 131 133 135 136 139 140 142
33  1 : 33
38  6 : 38 60 64 74 84 100
58  1 : 58
% end

% frame 58
% time 5.9
% start   5.9
% cluster-index, number-of-fibers : name-of-fibers
1  2 : 1 31
2  5 : 2 35 43 72 93
3  1 : 3
4  3 : 4 34 54
5  18 : 5 36 46 47 51 56 63 83 99 112 124 130 134 137 141 144 146 147
6  1 : 6
7  23 : 7 41 44 45 48 59 62 67 69 71 75 78 79 87 89 90 102 110 111 126 127 128 143
8  2 : 8 88
9  1 : 9
10  20 : 10 42 53 57 65 73 76 77 80 82 92 95 96 97 109 114 123 125 132 145
11  1 : 11
12  1 : 12
13  1 : 13
14  1 : 14
15  1 : 15
16  2 : 16 39
17  4 : 17 23 68 138
18  1 : 18
19  6 : 19 40 91 94 104 106
20  4 : 20 49 55 66
21  2 : 21 105
22  3 : 22 32 37
24  3 : 24 52 85
25  3 : 25 29 61
26  1 : 26
27  1 : 27
28  1 : 28
30  27 : 30 50 70 81 86 98 101 103 107 108 113 115 116 117 118 119 120 121 122 129 131 133 135 136 139 140 142
33  1 : 33
38  6 : 38 60 64 74 84 100
58  1 : 58
% end

% frame 59
% time 6
% start   6
% cluster-index, number-of-fibers : name-of-fibers
1  2 : 1 31
2  5 : 2 35 43 72 93
3  1 : 3
4  3 : 4 34 54
5  18 : 5 36 46 47 51 56 63 83 99 112 124 130 134 137 141 144 146 147
6  1 : 6
7  23 : 7 41 44 45 48 59 62 67 69 71 75 78 79 87 89 90 102 110 111 126 127 128 143
8  2 : 8 88
9  1 : 9
10  20 : 10 42 53 57 65 73 76 77 80 82 92 95 96 97 109 114 123 125 132 145
11  1 : 11
12  1 : 12
13  1 : 13
14  1 : 14
15  1 : 15
16  2 : 16 39
17  4 : 17 23 68 138
18  1 : 18
19  6 : 19 40 91 94 104 106
20  4 : 20 49 55 66
21  2 : 21 105
22  3 : 22 32 37
24  3 : 24 52 85
25  3 : 25 29 61
26  1 : 26
27  1 : 27
28  1 : 28
30  27 : 30 50 70 81 86 98 101 103 107 108 113 115 116 117 118 119 120 121 122 129 131 133 135 136 139 140 142
33  1 : 33
38  6 : 38 60 64 74 84 100
58  1 : 58
% end

% frame 60
% time 6.1
% start   6.1
% cluster-index, number-of-fibers : name-of-fibers
1  2 : 1 31
2  5 : 2 35 43 72 93
3  1 : 3
4  3 : 4 34 54
5  18 : 5 36 46 47 51 56 63 83 99 112 124 130 134 137 141 144 146 147
6  1 : 6
7  23 : 7 41 44 45 48 59 62 67 69 71 75 78 79 87 89 90 102 110 111 126 127 128 143
8  2 : 8 88
9  1 : 9
10  20 : 10 42 53 57 65 73 76 77 80 82 92 95 96 97 109 114 123 125 132 145
11  1 : 11
12  1 : 12
13  1 : 13
14  1 : 14
15  1 : 15
16  2 : 16 39
17  4 : 17 23 68 138
18  1 : 18
19  6 : 19 40 91 94 104 106
20  4 : 20 49 55 66
21  2 : 21 105
22  3 : 22 32 37
24  3 : 24 52 85
25  3 : 25 29 61
26  1 : 26
27  1 : 27
28  1 : 28
30  27 : 30 50 70 81 86 98 101 103 107 108 113 115 116 117 118 119 120 121 122 129 131 133 135 136 139 140 142
33  1 : 33
38  6 : 38 60 64 74 84 100
58  1 : 58
% end

% frame 61
% time 6.2
% start   6.2
% cluster-index, number-of-fibers : name-of-fibers
1  2 : 1 31
2  5 : 2 35 43 72 93
3  1 : 3
4  3 : 4 34 54
5  18 : 5 36 46 47 51 56 63 83 99 112 124 130 134 137 141 144 146 147
6  1 : 6
7  23 : 7 41 44 45 48 59 62 67 69 71 75 78 79 87 89 90 102 110 111 126 127 128 143
8  2 : 8 88
9  1 : 9
10  21 : 10 42 53 57 65 73 76 77 80 82 92 95 96 97 109 114 123 125 132 145 148
11  1 : 11
12  1 : 12
13  1 : 13
14  1 : 14
15  1 : 15
16  2 : 16 39
17  4 : 17 23 68 138
18  1 : 18
19  6 : 19 40 91 94 104 106
20  4 : 20 49 55 66
21  2 : 21 105
22  3 : 22 32 37
24  3 : 24 52 85
25  3 : 25 29 61
26  1 : 26
27  1 : 27
28  1 : 28
30  27 : 30 50 70 81 86 98 101 103 107 108 113 115 116 117 118 119 120 121 122 129 131 133 135 136 139 140 142
33  1 : 33
38  6 : 38 60 64 74 84 100
58  1 : 58
% end

% frame 62
% time 6.3
% start   6.3
% cluster-index, number-of-fibers : name-of-fibers
1  2 : 1 31
2  5 : 2 35 43 72 93
3  1 : 3
4  3 : 4 34 54
5  18 : 5 36 46 47 51 56 63 83 99 112 124 130 134 137 141 144 146 147
6  1 : 6
7  23 : 7 41 44 45 48 59 62 67 69 71 75 78 79 87 89 90 102 110 111 126 127 128 143
8  2 : 8 88
9  1 : 9
10  22 : 10 42 53 57 65 73 76 77 80 82 92 95 96 97 109 114 123 125 132 145 148 149
11  1 : 11
12  1 : 12
13  1 : 13
14  1 : 14
15  1 : 15
16  2 : 16 39
17  4 : 17 23 68 138
18  1 : 18
19  6 : 19 40 91 94 104 106
20  4 : 20 49 55 66
21  2 : 21 105
22  3 : 22 32 37
24  3 : 24 52 85
25  3 : 25 29 61
26  1 : 26
27  1 : 27
28  1 : 28
30  27 : 30 50 70 81 86 98 101 103 107 108 113 115 116 117 118 119 120 121 122 129 131 133 135 136 139 140 142
33  1 : 33
38  6 : 38 60 64 74 84 100
58  1 : 58
% end

% frame 63
% time 6.4
% start   6.4
% cluster-index, number-of-fibers : name-of-fibers
1  2 : 1 31
2  5 : 2 35 43 72 93
3  1 : 3
4  3 : 4 34 54
5  19 : 5 36 46 47 51 56 63 83 99 112 124 130 134 137 141 144 146 147 150
6  1 : 6
7  23 : 7 41 44 45 48 59 62 67 69 71 75 78 79 87 89 90 102 110 111 126 127 128 143
8  2 : 8 88
9  1 : 9
10  22 : 10 42 53 57 65 73 76 77 80 82 92 95 96 97 109 114 123 125 132 145 148 149
11  1 : 11
12  1 : 12
13  1 : 13
14  1 : 14
15  1 : 15
16  2 : 16 39
17  4 : 17 23 68 138
18  1 : 18
19  6 : 19 40 91 94 104 106
20  4 : 20 49 55 66
21  2 : 21 105
22  3 : 22 32 37
24  3 : 24 52 85
25  3 : 25 29 61
26  1 : 26
27  1 : 27
28  1 : 28
30  28 : 30 50 70 81 86 98 101 103 107 108 113 115 116 117 118 119 120 121 122 129 131 133 135 136 139 140 142 151
33  1 : 33
38  6 : 38 60 64 74 84 100
58  1 : 58
% end

% frame 64
% time 6.5
% start   6.5
% cluster-index, number-of-fibers : name-of-fibers
1  2 : 1 31
2  6 : 2 35 43 72 93 152
3  1 : 3
4  3 : 4 34 54
5  19 : 5 36 46 47 51 56 63 83 99 112 124 130 134 137 141 144 146 147 150
6  1 : 6
7  23 : 7 41 44 45 48 59 62 67 69 71 75 78 79 87 89 90 102 110 111 126 127 128 143
8  2 : 8 88
9  1 : 9
10  22 : 10 42 53 57 65 73 76 77 80 82 92 95 96 97 109 114 123 125 132 145 148 149
11  1 : 11
12  1 : 12
13  1 : 13
14  1 : 14
15  1 : 15
16  2 : 16 39
17  4 : 17 23 68 138
18  1 : 18
19  6 : 19 40 91 94 104 106
20  4 : 20 49 55 66
21  2 : 21 105
22  3 : 22 32 37
24  3 : 24 52 85
25  3 : 25 29 61
26  1 : 26
27  1 : 27
28  1 : 28
30  29 : 30 50 70 81 86 98 101 103 107 108 113 115 116 117 118 119 120 121 122 129 131 133 135 136 139 140 142 151 153
33  1 : 33
38  6 : 38 60 64 74 84 100
58  1 : 58
% end

% frame 65
% time 6.6
% start   6.6
% cluster-index, number-of-fibers : name-of-fibers
1  2 : 1 31
2  6 : 2 35 43 72 93 152
3  1 : 3
4  3 : 4 34 54
5  23 : 5 36 46 47 51 56 63 83 99 112 124 130 134 137 141 144 146 147 150 154 155 156 158
6  1 : 6
7  23 : 7 41 44 45 48 59 62 67 69 71 75 78 79 87 89 90 102 110 111 126 127 128 143
8  2 : 8 88
9  1 : 9
10  23 : 10 42 53 57 65 73 76 77 80 82 92 95 96 97 109 114 123 125 132 145 148 149 157
11  1 : 11
12  1 : 12
13  1 : 13
14  1 : 14
15  1 : 15
16  2 : 16 39
17  4 : 17 23 68 138
18  1 : 18
19  6 : 19 40 91 94 104 106
20  4 : 20 49 55 66
21  2 : 21 105
22  3 : 22 32 37
24  3 : 24 52 85
25  3 : 25 29 61
26  1 : 26
27  1 : 27
28  1 : 28
30  29 : 30 50 70 81 86 98 101 103 107 108 113 115 116 117 118 119 120 121 122 129 131 133 135 136 139 140 142 151 153
33  1 : 33
38  6 : 38 60 64 74 84 100
58  1 : 58
% end

% frame 66
% time 6.7
% start   6.7
% cluster-index, number-of-fibers : name-of-fibers
1  2 : 1 31
2  6 : 2 35 43 72 93 152
3  1 : 3
4  3 : 4 34 54
5  24 : 5 36 46 47 51 56 63 83 99 112 124 130 134 137 141 144 146 147 150 154 155 156 158 160
6  1 : 6
7  23 : 7 41 44 45 48 59 62 67 69 71 75 78 79 87 89 90 102 110 111 126 127 128 143
8  2 : 8 88
9  1 : 9
10  24 : 10 42 53 57 65 73 76 77 80 82 92 95 96 97 109 114 123 125 132 145 148 149 157 161
11  1 : 11
12  1 : 12
13  1 : 13
14  1 : 14
15  1 : 15
16  2 : 16 39
17  4 : 17 23 68 138
18  1 : 18
19  6 : 19 40 91 94 104 106
20  4 : 20 49 55 66
21  2 : 21 105
22  3 : 22 32 37
24  3 : 24 52 85
25  3 : 25 29 61
26  1 : 26
27  1 : 27
28  1 : 28
30  30 : 30 50 70 81 86 98 101 103 107 108 113 115 116 117 118 119 120 121 122 129 131 133 135 136 139 140 142 151 153 159
33  1 : 33
38  6 : 38 60 64 74 84 100
58  1 : 58
% end

% frame 67
% time 6.8
% start   6.8
% cluster-index, number-of-fibers : name-of-fibers
1  2 : 1 31
2  6 : 2 35 43 72 93 152
3  1 : 3
4  3 : 4 34 54
5  25 : 5 36 46 47 51 56 63 83 99 112 124 130 134 137 141 144 146 147 150 154 155 156 158 160 162
6  1 : 6
7  23 : 7 41 44 45 48 59 62 67 69 71 75 78 79 87 89 90 102 110 111 126 127 128 143
8  2 : 8 88
9  1 : 9
10  24 : 10 42 53 57 65 73 76 77 80 82 92 95 96 97 109 114 123 125 132 145 148 149 157 161
11  1 : 11
12  1 : 12
13  1 : 13
14  1 : 14
15  1 : 15
16  2 : 16 39
17  4 : 17 23 68 138
18  1 : 18
19  6 : 19 40 91 94 104 106
20  4 : 20 49 55 66
21  2 : 21 105
22  3 : 22 32 37
24  3 : 24 52 85
25  3 : 25 29 61
26  1 : 26
27  1 : 27
28  1 : 28
30  30 : 30 50 70 81 86 98 101 103 107 108 113 115 116 117 118 119 120 121 122 129 131 133 135 136 139 140 142 151 153 159
33  1 : 33
38  6 : 38 60 64 74 84 100
58  1 : 58
% end

% frame 68
% time 6.9
% start   6.9
% cluster-index, number-of-fibers : name-of-fibers
1  2 : 1 31
2  6 : 2 35 43 72 93 152
3  1 : 3
4  3 : 4 34 54
5  26 : 5 36 46 47 51 56 63 83 99 112 124 130 134 137 141 144 146 147 150 154 155 156 158 160 162 163
6  1 : 6
7  23 : 7 41 44 45 48 59 62 67 69 71 75 78 79 87 89 90 102 110 111 126 127 128 143
8  2 : 8 88
9  1 : 9
10  24 : 10 42 53 57 65 73 76 77 80 82 92 95 96 97 109 114 123 125 132 145 148 149 157 161
11  1 : 11
12  1 : 12
13  1 : 13
14  1 : 14
15  1 : 15
16  2 : 16 39
17  4 : 17 23 68 138
18  1 : 18
19  6 : 19 40 91 94 104 106
20  4 : 20 49 55 66
21  2 : 21 105
22  3 : 22 32 37
24  3 : 24 52 85
25  3 : 25 29 61
26  1 : 26
27  1 : 27
28  1 : 28
30  30 : 30 50 70 81 86 98 101 103 107 108 113 115 116 117 118 119 120 121 122 129 131 133 135 136 139 140 142 151 153 159
33  1 : 33
38  6 : 38 60 64 74 84 100
58  1 : 58
% end

% frame 69
% time 7
% start   7
% cluster-index, number-of-fibers : name-of-fibers
1  2 : 1 31
2  6 : 2 35 43 72 93 152
3  1 : 3
4  3 : 4 34 54
5  26 : 5 36 46 47 51 56 63 83 99 112 124 130 134 137 141 144 146 147 150 154 155 156 158 160 162 163
6  1 : 6
7  24 : 7 41 44 45 48 59 62 67 69 71 75 78 79 87 89 90 102 110 111 126 127 128 143 164
8  2 : 8 88
9  1 : 9
10  25 : 10 42 53 57 65 73 76 77 80 82 92 95 96 97 109 114 123 125 132 145 148 149 157 161 165
11  1 : 11
12  1 : 12
13  1 : 13
14  1 : 14
15  1 : 15
16  2 : 16 39
17  4 : 17 23 68 138
18  1 : 18
19  6 : 19 40 91 94 104 106
20  4 : 20 49 55 66
21  2 : 21 105
22  3 : 22 32 37
24  3 : 24 52 85
25  3 : 25 29 61
26  1 : 26
27  1 : 27
28  1 : 28
30  30 : 30 50 70 81 86 98 101 103 107 108 113 115 116 117 118 119 120 121 122 129 131 133 135 136 139 140 142 151 153 159
33  1 : 33
38  6 : 38 60 64 74 84 100
58  1 : 58
% end

% frame 70
% time 7.1
% start   7.1
% cluster-index, number-of-fibers : name-of-fibers
1  2 : 1 31
2  6 : 2 35 43 72 93 152
3  1 : 3
4  3 : 4 34 54
5  26 : 5 36 46 47 51 56 63 83 99 112 124 130 134 137 141 144 146 147 150 154 155 156 158 160 162 163
6  1 : 6
7  24 : 7 41 44 45 48 59 62 67 69 71 75 78 79 87 89 90 102 110 111 126 127 128 143 164
8  2 : 8 88
9  1 : 9
10  25 : 10 42 53 57 65 73 76 77 80 82 92 95 96 97 109 114 123 125 132 145 148 149 157 161 165
11  1 : 11
12  1 : 12
13  1 : 13
14  1 : 14
15  1 : 15
16  2 : 16 39
17  4 : 17 23 68 138
18  1 : 18
19  6 : 19 40 91 94 104 106
20  4 : 20 49 55 66
21  2 : 21 105
22  3 : 22 32 37
24  3 : 24 52 85
25  3 : 25 29 61
26  1 : 26
27  1 : 27
28  1 : 28
30  30 : 30 50 70 81 86 98 101 103 107 108 113 115 116 117 118 119 120 121 122 129 131 133 135 136 139 140 142 151 153 159
33  1 : 33
38  6 : 38 60 64 74 84 100
58  1 : 58
% end

% frame 71
% time 7.2
% start   7.2
% cluster-index, number-of-fibers : name-of-fibers
1  2 : 1 31
2  6 : 2 35 43 72 93 152
3  1 : 3
4  3 : 4 34 54
5  28 : 5 36 46 47 51 56 63 83 99 112 124 130 134 137 141 144 146 147 150 154 155 156 158 160 162 163 166 168
6  1 : 6
7  25 : 7 41 44 45 48 59 62 67 69 71 75 78 79 87 89 90 102 110 111 126 127 128 143 164 167
8  2 : 8 88
9  1 : 9
10  25 : 10 42 53 57 65 73 76 77 80 82 92 95 96 97 109 114 123 125 132 145 148 149 157 161 165
11  1 : 11
12  1 : 12
13  1 : 13
14  1 : 14
15  1 : 15
16  2 : 16 39
17  4 : 17 23 68 138
18  1 : 18
19  6 : 19 40 91 94 104 106
20  4 : 20 49 55 66
21  2 : 21 105
22  3 : 22 32 37
24  3 : 24 52 85
25  3 : 25 29 61
26  1 : 26
27  1 : 27
28  1 : 28
30  30 : 30 50 70 81 86 98 101 103 107 108 113 115 116 117 118 119 120 121 122 129 131 133 135 136 139 140 142 151 153 159
33  1 : 33
38  6 : 38 60 64 74 84 100
58  1 : 58
% end

% frame 72
% time 7.3
% start   7.3
% cluster-index, number-of-fibers : name-of-fibers
1  2 : 1 31
2  6 : 2 35 43 72 93 152
3  1 : 3
4  3 : 4 34 54
5  30 : 5 36 46 47 51 56 63 83 99 112 124 130 134 137 141 144 146 147 150 154 155 156 158 160 162 163 166 168 169 170
6  1 : 6
7  26 : 7 41 44 45 48 59 62 67 69 71 75 78 79 87 89 90 102 110 111 126 127 128 143 164 167 171
8  2 : 8 88
9  1 : 9
10  25 : 10 42 53 57 65 73 76 77 80 82 92 95 96 97 109 114 123 125 132 145 148 149 157 161 165
11  1 : 11
12  1 : 12
13  1 : 13
14  1 : 14
15  1 : 15
16  2 : 16 39
17  4 : 17 23 68 138
18  1 : 18
19  6 : 19 40 91 94 104 106
20  4 : 20 49 55 66
21  2 : 21 105
22  3 : 22 32 37
24  3 : 24 52 85
25  3 : 25 29 61
26  1 : 26
27  1 : 27
28  1 : 28
30  30 : 30 50 70 81 86 98 101 103 107 108 113 115 116 117 118 119 120 121 122 129 131 133 135 136 139 140 142 151 153 159
33  1 : 33
38  6 : 38 60 64 74 84 100
58  1 : 58
% end

% frame 73
% time 7.4
% start   7.4
% cluster-index, number-of-fibers : name-of-fibers
1  2 : 1 31
2  6 : 2 35 43 72 93 152
3  1 : 3
4  3 : 4 34 54
5  31 : 5 36 46 47 51 56 63 83 99 112 124 130 134 137 141 144 146 147 150 154 155 156 158 160 162 163 166 168 169 170 172
6  1 : 6
7  26 : 7 41 44 45 48 59 62 67 69 71 75 78 79 87 89 90 102 110 111 126 127 128 143 164 167 171
8  2 : 8 88
9  1 : 9
10  25 : 10 42 53 57 65 73 76 77 80 82 92 95 96 97 109 114 123 125 132 145 148 149 157 161 165
11  1 : 11
12  1 : 12
13  1 : 13
14  1 : 14
15  1 : 15
16  2 : 16 39
17  4 : 17 23 68 138
18  1 : 18
19  6 : 19 40 91 94 104 106
20  4 : 20 49 55 66
21  2 : 21 105
22  3 : 22 32 37
24  3 : 24 52 85
25  3 : 25 29 61
26  1 : 26
27  1 : 27
28  1 : 28
30  30 : 30 50 70 81 86 98 101 103 107 108 113 115 116 117 118 119 120 121 122 129 131 133 135 136 139 140 142 151 153 159
33  1 : 33
38  6 : 38 60 64 74 84 100
58  1 : 58
% end

% frame 74
% time 7.5
% start   7.5
% cluster-index, number-of-fibers : name-of-fibers
1  2 : 1 31
2  6 : 2 35 43 72 93 152
3  1 : 3
4  3 : 4 34 54
5  33 : 5 36 46 47 51 56 63 83 99 112 124 130 134 137 141 144 146 147 150 154 155 156 158 160 162 163 166 168 169 170 172 173 174
6  1 : 6
7  26 : 7 41 44 45 48 59 62 67 69 71 75 78 79 87 89 90 102 110 111 126 127 128 143 164 167 171
8  2 : 8 88
9  1 : 9
10  25 : 10 42 53 57 65 73 76 77 80 82 92 95 96 97 109 114 123 125 132 145 148 149 157 161 165
11  1 : 11
12  1 : 12
13  1 : 13
14  1 : 14
15  1 : 15
16  2 : 16 39
17  4 : 17 23 68 138
18  1 : 18
19  6 : 19 40 91 94 104 106
20  4 : 20 49 55 66
21  2 : 21 105
22  3 : 22 32 37
24  3 : 24 52 85
25  3 : 25 29 61
26  1 : 26
27  1 : 27
28  1 : 28
30  30 : 30 50 70 81 86 98 101 103 107 108 113 115 116 117 118 119 120 121 122 129 131 133 135 136 139 140 142 151 153 159
33  1 : 33
38  6 : 38 60 64 74 84 100
58  1 : 58
% end

% frame 75
% time 7.6
% start   7.6
% cluster-index, number-of-fibers : name-of-fibers
1  2 : 1 31
2  6 : 2 35 43 72 93 152
3  1 : 3
4  3 : 4 34 54
5  33 : 5 36 46 47 51 56 63 83 99 112 124 130 134 137 141 144 146 147 150 154 155 156 158 160 162 163 166 168 169 170 172 173 174
6  1 : 6
7  26 : 7 41 44 45 48 59 62 67 69 71 75 78 79 87 89 90 102 110 111 126 127 128 143 164 167 171
8  2 : 8 88
9  1 : 9
10  25 : 10 42 53 57 65 73 76 77 80 82 92 95 96 97 109 114 123 125 132 145 148 149 157 161 165
11  1 : 11
12  1 : 12
13  1 : 13
14  1 : 14
15  1 : 15
16  2 : 16 39
17  4 : 17 23 68 138
18  1 : 18
19  6 : 19 40 91 94 104 106
20  4 : 20 49 55 66
21  2 : 21 105
22  3 : 22 32 37
24  3 : 24 52 85
25  3 : 25 29 61
26  1 : 26
27  1 : 27
28  1 : 28
30  31 : 30 50 70 81 86 98 101 103 107 108 113 115 116 117 118 119 120 121 122 129 131 133 135 136 139 140 142 151 153 159 175
33  1 : 33
38  6 : 38 60 64 74 84 100
58  1 : 58
% end

% frame 76
% time 7.7
% start   7.7
% cluster-index, number-of-fibers : name-of-fibers
1  2 : 1 31
2  6 : 2 35 43 72 93 152
3  1 : 3
4  3 : 4 34 54
5  35 : 5 36 46 47 51 56 63 83 99 112 124 130 134 137 141 144 146 147 150 154 155 156 158 160 162 163 166 168 169 170 172 173 174 176 177
6  1 : 6
7  26 : 7 41 44 45 48 59 62 67 69 71 75 78 79 87 89 90 102 110 111 126 127 128 143 164 167 171
8  2 : 8 88
9  1 : 9
10  25 : 10 42 53 57 65 73 76 77 80 82 92 95 96 97 109 114 123 125 132 145 148 149 157 161 165
11  1 : 11
12  1 : 12
13  1 : 13
14  1 : 14
15  1 : 15
16  2 : 16 39
17  4 : 17 23 68 138
18  1 : 18
19  6 : 19 40 91 94 104 106
20  4 : 20 49 55 66
21  2 : 21 105
22  3 : 22 32 37
24  3 : 24 52 85
25  3 : 25 29 61
26  1 : 26
27  1 : 27
28  1 : 28
30  31 : 30 50 70 81 86 98 101 103 107 108 113 115 116 117 118 119 120 121 122 129 131 133 135 136 139 140 142 151 153 159 175
33  1 : 33
38  6 : 38 60 64 74 84 100
58  1 : 58
% end

% frame 77
% time 7.8
% start   7.8
% cluster-index, number-of-fibers : name-of-fibers
1  2 : 1 31
2  6 : 2 35 43 72 93 152
3  1 : 3
4  3 : 4 34 54
5  35 : 5 36 46 47 51 56 63 83 99 112 124 130 134 137 141 144 146 147 150 154 155 156 158 160 162 163 166 168 169 170 172 173 174 176 177
6  1 : 6
7  26 : 7 41 44 45 48 59 62 67 69 71 75 78 79 87 89 90 102 110 111 126 127 128 143 164 167 171
8  2 : 8 88
9  1 : 9
10  27 : 10 42 53 57 65 73 76 77 80 82 92 95 96 97 109 114 123 125 132 145 148 149 157 161 165 178 179
11  1 : 11
12  1 : 12
13  1 : 13
14  1 : 14
15  1 : 15
16  2 : 16 39
17  4 : 17 23 68 138
18  1 : 18
19  6 : 19 40 91 94 104 106
20  4 : 20 49 55 66
21  2 : 21 105
22  3 : 22 32 37
24  3 : 24 52 85
25  3 : 25 29 61
26  1 : 26
27  1 : 27
28  1 : 28
30  31 : 30 50 70 81 86 98 101 103 107 108 113 115 116 117 118 119 120 121 122 129 131 133 135 136 139 140 142 151 153 159 175
33  1 : 33
38  6 : 38 60 64 74 84 100
58  1 : 58
% end

% frame 78
% time 7.9
% start   7.9
% cluster-index, number-of-fibers : name-of-fibers
1  2 : 1 31
2  6 : 2 35 43 72 93 152
3  1 : 3
4  3 : 4 34 54
5  36 : 5 36 46 47 51 56 63 83 99 112 124 130 134 137 141 144 146 147 150 154 155 156 158 160 162 163 166 168 169 170 172 173 174 176 177 180
6  1 : 6
7  26 : 7 41 44 45 48 59 62 67 69 71 75 78 79 87 89 90 102 110 111 126 127 128 143 164 167 171
8  2 : 8 88
9  1 : 9
10  27 : 10 42 53 57 65 73 76 77 80 82 92 95 96 97 109 114 123 125 132 145 148 149 157 161 165 178 179
11  1 : 11
12  1 : 12
13  1 : 13
14  1 : 14
15  1 : 15
16  2 : 16 39
17  4 : 17 23 68 138
18  1 : 18
19  6 : 19 40 91 94 104 106
20  4 : 20 49 55 66
21  2 : 21 105
22  3 : 22 32 37
24  3 : 24 52 85
25  3 : 25 29 61
26  1 : 26
27  1 : 27
28  1 : 28
30  32 : 30 50 70 81 86 98 101 103 107 108 113 115 116 117 118 119 120 121 122 129 131 133 135 136 139 140 142 151 153 159 175 181
33  1 : 33
38  6 : 38 60 64 74 84 100
58  1 : 58
% end

% frame 79
% time 8
% start   8
% cluster-index, number-of-fibers : name-of-fibers
1  2 : 1 31
2  6 : 2 35 43 72 93 152
3  1 : 3
4  3 : 4 34 54
5  38 : 5 36 46 47 51 56 63 83 99 112 124 130 134 137 141 144 146 147 150 154 155 156 158 160 162 163 166 168 169 170 172 173 174 176 177 180 183 184
6  1 : 6
7  27 : 7 41 44 45 48 59 62 67 69 71 75 78 79 87 89 90 102 110 111 126 127 128 143 164 167 171 185
8  2 : 8 88
9  1 : 9
10  28 : 10 42 53 57 65 73 76 77 80 82 92 95 96 97 109 114 123 125 132 145 148 149 157 161 165 178 179 182
11  1 : 11
12  1 : 12
13  1 : 13
14  1 : 14
15  1 : 15
16  2 : 16 39
17  4 : 17 23 68 138
18  1 : 18
19  6 : 19 40 91 94 104 106
20  4 : 20 49 55 66
21  2 : 21 105
22  3 : 22 32 37
24  3 : 24 52 85
25  3 : 25 29 61
26  1 : 26
27  1 : 27
28  1 : 28
30  32 : 30 50 70 81 86 98 101 103 107 108 113 115 116 117 118 119 120 121 122 129 131 133 135 136 139 140 142 151 153 159 175 181
33  1 : 33
38  6 : 38 60 64 74 84 100
58  1 : 58
% end

% frame 80
% time 8.1
% start   8.1
% cluster-index, number-of-fibers : name-of-fibers
1  2 : 1 31
2  6 : 2 35 43 72 93 152
3  1 : 3
4  3 : 4 34 54
5  38 : 5 36 46 47 51 56 63 83 99 112 124 130 134 137 141 144 146 147 150 154 155 156 158 160 162 163 166 168 169 170 172 173 174 176 177 180 183 184
6  1 : 6
7  27 : 7 41 44 45 48 59 62 67 69 71 75 78 79 87 89 90 102 110 111 126 127 128 143 164 167 171 185
8  2 : 8 88
9  1 : 9
10  30 : 10 42 53 57 65 73 76 77 80 82 92 95 96 97 109 114 123 125 132 145 148 149 157 161 165 178 179 182 186 187
11  1 : 11
12  1 : 12
13  1 : 13
14  1 : 14
15  1 : 15
16  2 : 16 39
17  4 : 17 23 68 138
18  1 : 18
19  6 : 19 40 91 94 104 106
20  4 : 20 49 55 66
21  2 : 21 105
22  3 : 22 32 37
24  3 : 24 52 85
25  3 : 25 29 61
26  1 : 26
27  1 : 27
28  1 : 28
30  32 : 30 50 70 81 86 98 101 103 107 108 113 115 116 117 118 119 120 121 122 129 131 133 135 136 139 140 142 151 153 159 175 181
33  1 : 33
38  6 : 38 60 64 74 84 100
58  1 : 58
% end

% frame 81
% time 8.2
% start   8.2
% cluster-index, number-of-fibers : name-of-fibers
1  2 : 1 31
2  6 : 2 35 43 72 93 152
3  1 : 3
4  3 : 4 34 54
5  39 : 5 36 46 47 51 56 63 83 99 112 124 130 134 137 141 144 146 147 150 154 155 156 158 160 162 163 166 168 169 170 172 173 174 176 177 180 183 184 188
6  1 : 6
7  27 : 7 41 44 45 48 59 62 67 69 71 75 78 79 87 89 90 102 110 111 126 127 128 143 164 167 171 185
8  2 : 8 88
9  1 : 9
10  30 : 10 42 53 57 65 73 76 77 80 82 92 95 96 97 109 114 123 125 132 145 148 149 157 161 165 178 179 182 186 187
11  1 : 11
12  1 : 12
13  1 : 13
14  1 : 14
15  1 : 15
16  2 : 16 39
17  4 : 17 23 68 138
18  1 : 18
19  6 : 19 40 91 94 104 106
20  4 : 20 49 55 66
21  2 : 21 105
22  3 : 22 32 37
24  3 : 24 52 85
25  3 : 25 29 61
26  1 : 26
27  1 : 27
28  1 : 28
30  32 : 30 50 70 81 86 98 101 103 107 108 113 115 116 117 118 119 120 121 122 129 131 133 135 136 139 140 142 151 153 159 175 181
33  1 : 33
38  6 : 38 60 64 74 84 100
58  1 : 58
% end

% frame 82
% time 8.3
% start   8.3
% cluster-index, number-of-fibers : name-of-fibers
1  2 : 1 31
2  6 : 2 35 43 72 93 152
3  1 : 3
4  3 : 4 34 54
5  40 : 5 36 46 47 51 56 63 83 99 112 124 130 134 137 141 144 146 147 150 154 155 156 158 160 162 163 166 168 169 170 172 173 174 176 177 180 183 184 188 189
6  1 : 6
7  27 : 7 41 44 45 48 59 62 67 69 71 75 78 79 87 89 90 102 110 111 126 127 128 143 164 167 171 185
8  2 : 8 88
9  1 : 9
10  31 : 10 42 53 57 65 73 76 77 80 82 92 95 96 97 109 114 123 125 132 145 148 149 157 161 165 178 179 182 186 187 190
11  1 : 11
12  1 : 12
13  1 : 13
14  1 : 14
15  1 : 15
16  2 : 16 39
17  4 : 17 23 68 138
18  1 : 18
19  6 : 19 40 91 94 104 106
20  4 : 20 49 55 66
21  2 : 21 105
22  3 : 22 32 37
24  3 : 24 52 85
25  3 : 25 29 61
26  1 : 26
27  1 : 27
28  1 : 28
30  32 : 30 50 70 81 86 98 101 103 107 108 113 115 116 117 118 119 120 121 122 129 131 133 135 136 139 140 142 151 153 159 175 181
33  1 : 33
38  6 : 38 60 64 74 84 100
58  1 : 58
% end

% frame 83
% time 8.4
% start   8.4
% cluster-index, number-of-fibers : name-of-fibers
1  2 : 1 31
2  6 : 2 35 43 72 93 152
3  1 : 3
4  3 : 4 34 54
5  41 : 5 36 46 47 51 56 63 83 99 112 124 130 134 137 141 144 146 147 150 154 155 156 158 160 162 163 166 168 169 170 172 173 174 176 177 180 183 184 188 189 192
6  1 : 6
7  27 : 7 41 44 45 48 59 62 67 69 71 75 78 79 87 89 90 102 110 111 126 127 128 143 164 167 171 185
8  2 : 8 88
9  1 : 9
10  31 : 10 42 53 57 65 73 76 77 80 82 92 95 96 97 109 114 123 125 132 145 148 149 157 161 165 178 179 182 186 187 190
11  1 : 11
12  1 : 12
13  1 : 13
14  1 : 14
15  1 : 15
16  2 : 16 39
17  4 : 17 23 68 138
18  1 : 18
19  6 : 19 40 91 94 104 106
20  4 : 20 49 55 66
21  2 : 21 105
22  3 : 22 32 37
24  3 : 24 52 85
25  3 : 25 29 61
26  1 : 26
27  1 : 27
28  1 : 28
30  33 : 30 50 70 81 86 98 101 103 107 108 113 115 116 117 118 119 120 121 122 129 131 133 135 136 139 140 142 151 153 159 175 181 191
33  1 : 33
38  6 : 38 60 64 74 84 100
58  1 : 58
% end

% frame 84
% time 8.5
% start   8.5
% cluster-index, number-of-fibers : name-of-fibers
1  2 : 1 31
2  6 : 2 35 43 72 93 152
3  1 : 3
4  3 : 4 34 54
5  41 : 5 36 46 47 51 56 63 83 99 112 124 130 134 137 141 144 146 147 150 154 155 156 158 160 162 163 166 168 169 170 172 173 174 176 177 180 183 184 188 189 192
6  1 : 6
7  27 : 7 41 44 45 48 59 62 67 69 71 75 78 79 87 89 90 102 110 111 126 127 128 143 164 167 171 185
8  2 : 8 88
9  1 : 9
10  31 : 10 42 53 57 65 73 76 77 80 82 92 95 96 97 109 114 123 125 132 145 148 149 157 161 165 178 179 182 186 187 190
11  1 : 11
12  1 : 12
13  1 : 13
14  1 : 14
15  1 : 15
16  2 : 16 39
17  4 : 17 23 68 138
18  1 : 18
19  6 : 19 40 91 94 104 106
20  4 : 20 49 55 66
21  2 : 21 105
22  3 : 22 32 37
24  3 : 24 52 85
25  3 : 25 29 61
26  1 : 26
27  1 : 27
28  1 : 28
30  33 : 30 50 70 81 86 98 101 103 107 108 113 115 116 117 118 119 120 121 122 129 131 133 135 136 139 140 142 151 153 159 175 181 191
33  1 : 33
38  6 : 38 60 64 74 84 100
58  1 : 58
% end

% frame 85
% time 8.6
% start   8.6
% cluster-index, number-of-fibers : name-of-fibers
1  2 : 1 31
2  6 : 2 35 43 72 93 152
3  1 : 3
4  3 : 4 34 54
5  41 : 5 36 46 47 51 56 63 83 99 112 124 130 134 137 141 144 146 147 150 154 155 156 158 160 162 163 166 168 169 170 172 173 174 176 177 180 183 184 188 189 192
6  1 : 6
7  27 : 7 41 44 45 48 59 62 67 69 71 75 78 79 87 89 90 102 110 111 126 127 128 143 164 167 171 185
8  2 : 8 88
9  1 : 9
10  31 : 10 42 53 57 65 73 76 77 80 82 92 95 96 97 109 114 123 125 132 145 148 149 157 161 165 178 179 182 186 187 190
11  1 : 11
12  1 : 12
13  1 : 13
14  1 : 14
15  1 : 15
16  2 : 16 39
17  4 : 17 23 68 138
18  1 : 18
19  6 : 19 40 91 94 104 106
20  4 : 20 49 55 66
21  2 : 21 105
22  3 : 22 32 37
24  3 : 24 52 85
25  3 : 25 29 61
26  1 : 26
27  1 : 27
28  1 : 28
30  34 : 30 50 70 81 86 98 101 103 107 108 113 115 116 117 118 119 120 121 122 129 131 133 135 136 139 140 142 151 153 159 175 181 191 193
33  1 : 33
38  6 : 38 60 64 74 84 100
58  1 : 58
% end

% frame 86
% time 8.7
% start   8.7
% cluster-index, number-of-fibers : name-of-fibers
1  2 : 1 31
2  6 : 2 35 43 72 93 152
3  1 : 3
4  3 : 4 34 54
5  42 : 5 36 46 47 51 56 63 83 99 112 124 130 134 137 141 144 146 147 150 154 155 156 158 160 162 163 166 168 169 170 172 173 174 176 177 180 183 184 188 189 192 195
6  1 : 6
7  27 : 7 41 44 45 48 59 62 67 69 71 75 78 79 87 89 90 102 110 111 126 127 128 143 164 167 171 185
8  2 : 8 88
9  1 : 9
10  32 : 10 42 53 57 65 73 76 77 80 82 92 95 96 97 109 114 123 125 132 145 148 149 157 161 165 178 179 182 186 187 190 196
11  1 : 11
12  1 : 12
13  1 : 13
14  1 : 14
15  1 : 15
16  2 : 16 39
17  4 : 17 23 68 138
18  1 : 18
19  6 : 19 40 91 94 104 106
20  4 : 20 49 55 66
21  2 : 21 105
22  3 : 22 32 37
24  3 : 24 52 85
25  3 : 25 29 61
26  1 : 26
27  1 : 27
28  1 : 28
30  36 : 30 50 70 81 86 98 101 103 107 108 113 115 116 117 118 119 120 121 122 129 131 133 135 136 139 140 142 151 153 159 175 181 191 193 194 197
33  1 : 33
38  6 : 38 60 64 74 84 100
58  1 : 58
% end

% frame 87
% time 8.8
% start   8.8
% cluster-index, number-of-fibers : name-of-fibers
1  2 : 1 31
2  6 : 2 35 43 72 93 152
3  1 : 3
4  3 : 4 34 54
5  43 : 5 36 46 47 51 56 63 83 99 112 124 130 134 137 141 144 146 147 150 154 155 156 158 160 162 163 166 168 169 170 172 173 174 176 177 180 183 184 188 189 192 195 199
6  1 : 6
7  27 : 7 41 44 45 48 59 62 67 69 71 75 78 79 87 89 90 102 110 111 126 127 128 143 164 167 171 185
8  2 : 8 88
9  1 : 9
10  32 : 10 42 53 57 65 73 76 77 80 82 92 95 96 97 109 114 123 125 132 145 148 149 157 161 165 178 179 182 186 187 190 196
11  1 : 11
12  1 : 12
13  1 : 13
14  1 : 14
15  1 : 15
16  2 : 16 39
17  4 : 17 23 68 138
18  1 : 18
19  6 : 19 40 91 94 104 106
20  4 : 20 49 55 66
21  2 : 21 105
22  3 : 22 32 37
24  3 : 24 52 85
25  3 : 25 29 61
26  1 : 26
27  1 : 27
28  1 : 28
30  37 : 30 50 70 81 86 98 101 103 107 108 113 115 116 117 118 119 120 121 122 129 131 133 135 136 139 140 142 151 153 159 175 181 191 193 194 197 198
33  1 : 33
38  6 : 38 60 64 74 84 100
58  1 : 58
% end

% frame 88
% time 8.9
% start   8.9
% cluster-index, number-of-fibers : name-of-fibers
1  2 : 1 31
2  6 : 2 35 43 72 93 152
3  1 : 3
4  3 : 4 34 54
5  43 : 5 36 46 47 51 56 63 83 99 112 124 130 134 137 141 144 146 147 150 154 155 156 158 160 162 163 166 168 169 170 172 173 174 176 177 180 183 184 188 189 192 195 199
6  1 : 6
7  27 : 7 41 44 45 48 59 62 67 69 71 75 78 79 87 89 90 102 110 111 126 127 128 143 164 167 171 185
8  2 : 8 88
9  1 : 9
10  32 : 10 42 53 57 65 73 76 77 80 82 92 95 96 97 109 114 123 125 132 145 148 149 157 161 165 178 179 182 186 187 190 196
11  1 : 11
12  1 : 12
13  1 : 13
14  1 : 14
15  1 : 15
16  2 : 16 39
17  4 : 17 23 68 138
18  1 : 18
19  6 : 19 40 91 94 104 106
20  4 : 20 49 55 66
21  2 : 21 105
22  3 : 22 32 37
24  3 : 24 52 85
25  3 : 25 29 61
26  1 : 26
27  1 : 27
28  1 : 28
30  37 : 30 50 70 81 86 98 101 103 107 108 113 115 116 117 118 119 120 121 122 129 131 133 135 136 139 140 142 151 153 159 175 181 191 193 194 197 198
33  1 : 33
38  6 : 38 60 64 74 84 100
58  1 : 58
% end

% frame 89
% time 9
% start   9
% cluster-index, number-of-fibers : name-of-fibers
1  2 : 1 31
2  6 : 2 35 43 72 93 152
3  1 : 3
4  3 : 4 34 54
5  44 : 5 36 46 47 51 56 63 83 99 112 124 130 134 137 141 144 146 147 150 154 155 156 158 160 162 163 166 168 169 170 172 173 174 176 177 180 183 184 188 189 192 195 199 200
6  1 : 6
7  27 : 7 41 44 45 48 59 62 67 69 71 75 78 79 87 89 90 102 110 111 126 127 128 143 164 167 171 185
8  2 : 8 88
9  1 : 9
10  32 : 10 42 53 57 65 73 76 77 80 82 92 95 96 97 109 114 123 125 132 145 148 149 157 161 165 178 179 182 186 187 190 196
11  1 : 11
12  1 : 12
13  1 : 13
14  1 : 14
15  1 : 15
16  2 : 16 39
17  4 : 17 23 68 138
18  1 : 18
19  6 : 19 40 91 94 104 106
20  4 : 20 49 55 66
21  2 : 21 105
22  3 : 22 32 37
24  3 : 24 52 85
25  3 : 25 29 61
26  1 : 26
27  1 : 27
28  1 : 28
30  37 : 30 50 70 81 86 98 101 103 107 108 113 115 116 117 118 119 120 121 122 129 131 133 135 136 139 140 142 151 153 159 175 181 191 193 194 197 198
33  1 : 33
38  6 : 38 60 64 74 84 100
58  1 : 58
% end

% frame 90
% time 9.1
% start   9.1
% cluster-index, number-of-fibers : name-of-fibers
1  2 : 1 31
2  6 : 2 35 43 72 93 152
3  1 : 3
4  3 : 4 34 54
5  44 : 5 36 46 47 51 56 63 83 99 112 124 130 134 137 141 144 146 147 150 154 155 156 158 160 162 163 166 168 169 170 172 173 174 176 177 180 183 184 188 189 192 195 199 200
6  1 : 6
7  27 : 7 41 44 45 48 59 62 67 69 71 75 78 79 87 89 90 102 110 111 126 127 128 143 164 167 171 185
8  2 : 8 88
9  1 : 9
10  32 : 10 42 53 57 65 73 76 77 80 82 92 95 96 97 109 114 123 125 132 145 148 149 157 161 165 178 179 182 186 187 190 196
11  1 : 11
12  1 : 12
13  1 : 13
14  1 : 14
15  1 : 15
16  2 : 16 39
17  4 : 17 23 68 138
18  1 : 18
19  6 : 19 40 91 94 104 106
20  4 : 20 49 55 66
21  2 : 21 105
22  3 : 22 32 37
24  3 : 24 52 85
25  3 : 25 29 61
26  1 : 26
27  1 : 27
28  1 : 28
30  37 : 30 50 70 81 86 98 101 103 107 108 113 115 116 117 118 119 120 121 122 129 131 133 135 136 139 140 142 151 153 159 175 181 191 193 194 197 198
33  1 : 33
38  6 : 38 60 64 74 84 100
58  1 : 58
% end

% frame 91
% time 9.2
% start   9.2
% cluster-index, number-of-fibers : name-of-fibers
1  2 : 1 31
2  6 : 2 35 43 72 93 152
3  1 : 3
4  3 : 4 34 54
5  44 : 5 36 46 47 51 56 63 83 99 112 124 130 134 137 141 144 146 147 150 154 155 156 158 160 162 163 166 168 169 170 172 173 174 176 177 180 183 184 188 189 192 195 199 200
6  1 : 6
7  27 : 7 41 44 45 48 59 62 67 69 71 75 78 79 87 89 90 102 110 111 126 127 128 143 164 167 171 185
8  2 : 8 88
9  1 : 9
10  32 : 10 42 53 57 65 73 76 77 80 82 92 95 96 97 109 114 123 125 132 145 148 149 157 161 165 178 179 182 186 187 190 196
11  1 : 11
12  1 : 12
13  1 : 13
14  1 : 14
15  1 : 15
16  2 : 16 39
17  4 : 17 23 68 138
18  1 : 18
19  5 : 19 40 94 104 106
20  4 : 20 49 55 66
21  2 : 21 105
22  3 : 22 32 37
24  3 : 24 52 85
25  3 : 25 29 61
26  1 : 26
27  1 : 27
28  1 : 28
30  37 : 30 50 70 81 86 98 101 103 107 108 113 115 116 117 118 119 121 122 129 131 133 135 136 139 140 142 151 153 159 175 181 191 193 194 197 198 201
33  1 : 33
38  6 : 38 60 64 74 84 100
58  1 : 58
91  1 : 91
120  1 : 120
% end

% frame 92
% time 9.3
% start   9.3
% cluster-index, number-of-fibers : name-of-fibers
1  2 : 1 31
2  6 : 2 35 43 72 93 152
3  1 : 3
4  3 : 4 34 54
5  44 : 5 36 46 47 51 56 63 83 99 112 124 130 134 137 141 144 146 147 150 154 155 156 158 160 162 163 166 168 169 170 172 173 174 176 177 180 183 184 188 189 192 195 199 200
6  1 : 6
7  27 : 7 41 44 45 48 59 62 67 69 71 75 78 79 87 89 90 102 110 111 126 127 128 143 164 167 171 185
8  2 : 8 88
9  1 : 9
10  32 : 10 42 53 57 65 73 76 77 80 82 92 95 96 97 109 114 123 125 132 145 148 149 157 161 165 178 179 182 186 187 190 196
11  1 : 11
12  1 : 12
13  1 : 13
14  1 : 14
15  1 : 15
16  2 : 16 39
17  4 : 17 23 68 138
18  1 : 18
19  5 : 19 40 94 104 106
20  4 : 20 49 55 66
21  2 : 21 105
22  3 : 22 32 37
24  3 : 24 52 85
25  3 : 25 29 61
26  1 : 26
27  1 : 27
28  1 : 28
30  38 : 30 50 70 81 86 98 101 103 107 108 113 115 116 117 118 119 121 122 129 131 133 135 136 139 140 142 151 153 159 175 181 191 193 194 197 198 201 202
33  1 : 33
38  6 : 38 60 64 74 84 100
58  1 : 58
91  1 : 91
120  1 : 120
% end

% frame 93
% time 9.4
% start   9.4
% cluster-index, number-of-fibers : name-of-fibers
1  2 : 1 31
2  6 : 2 35 43 72 93 152
3  1 : 3
4  3 : 4 34 54
5  44 : 5 36 46 47 51 56 63 83 99 112 124 130 134 137 141 144 146 147 150 154 155 156 158 160 162 163 166 168 169 170 172 173 174 176 177 180 183 184 188 189 192 195 199 200
6  1 : 6
7  27 : 7 41 44 45 48 59 62 67 69 71 75 78 79 87 89 90 102 110 111 126 127 128 143 164 167 171 185
8  2 : 8 88
9  1 : 9
10  32 : 10 42 53 57 65 73 76 77 80 82 92 95 96 97 109 114 123 125 132 145 148 149 157 161 165 178 179 182 186 187 190 196
11  1 : 11
12  1 : 12
13  1 : 13
14  1 : 14
15  1 : 15
16  2 : 16 39
17  4 : 17 23 68 138
18  1 : 18
19  5 : 19 40 94 104 106
20  4 : 20 49 55 66
21  2 : 21 105
22  3 : 22 32 37
24  3 : 24 52 85
25  3 : 25 29 61
26  1 : 26
27  1 : 27
28  1 : 28
30  38 : 30 50 70 81 86 98 101 103 107 108 113 115 116 117 118 119 121 122 129 131 133 135 136 139 140 142 151 153 159 175 181 191 193 194 197 198 201 202
33  1 : 33
38  6 : 38 60 64 74 84 100
58  1 : 58
91  1 : 91
120  1 : 120
% end

% frame 94
% time 9.5
% start   9.5
% cluster-index, number-of-fibers : name-of-fibers
1  2 : 1 31
2  6 : 2 35 43 72 93 152
3  1 : 3
4  3 : 4 34 54
5  42 : 5 36 46 47 51 56 63 83 99 112 124 130 134 137 141 144 146 147 150 154 155 156 158 162 163 166 168 169 170 172 173 174 176 177 180 183 184 188 189 192 195 199
6  1 : 6
7  27 : 7 41 44 45 48 59 62 67 69 71 75 78 79 87 89 90 102 110 111 126 127 128 143 164 167 171 185
8  2 : 8 88
9  1 : 9
10  32 : 10 42 53 57 65 73 76 77 80 82 92 95 96 97 109 114 123 125 132 145 148 149 157 161 165 178 179 182 186 187 190 196
11  1 : 11
12  1 : 12
13  1 : 13
14  1 : 14
15  1 : 15
16  2 : 16 39
17  4 : 17 23 68 138
18  1 : 18
19  5 : 19 40 94 104 106
20  4 : 20 49 55 66
21  2 : 21 105
22  3 : 22 32 37
24  3 : 24 52 85
25  3 : 25 29 61
26  1 : 26
27  1 : 27
28  1 : 28
30  38 : 30 50 70 81 86 98 101 103 107 108 113 115 116 117 118 119 121 122 129 131 133 135 136 139 140 142 151 153 159 175 181 191 193 194 197 198 201 202
33  1 : 33
38  6 : 38 60 64 74 84 100
58  1 : 58
91  1 : 91
120  1 : 120
160  2 : 160 200
% end

% frame 95
% time 9.6
% start   9.6
% cluster-index, number-of-fibers : name-of-fibers
1  2 : 1 31
2  6 : 2 35 43 72 93 152
3  1 : 3
4  3 : 4 34 54
5  42 : 5 36 46 47 51 56 63 83 99 112 124 130 134 137 141 144 146 147 150 154 155 156 158 162 163 166 168 169 170 172 173 174 176 177 180 183 184 188 189 192 195 199
6  1 : 6
7  27 : 7 41 44 45 48 59 62 67 69 71 75 78 79 87 89 90 102 110 111 126 127 128 143 164 167 171 185
8  2 : 8 88
9  1 : 9
10  32 : 10 42 53 57 65 73 76 77 80 82 92 95 96 97 109 114 123 125 132 145 148 149 157 161 165 178 179 182 186 187 190 196
11  1 : 11
12  1 : 12
13  1 : 13
14  1 : 14
15  1 : 15
16  2 : 16 39
17  4 : 17 23 68 138
18  1 : 18
19  5 : 19 40 94 104 106
20  4 : 20 49 55 66
21  2 : 21 105
22  3 : 22 32 37
24  3 : 24 52 85
25  3 : 25 29 61
26  1 : 26
27  1 : 27
28  1 : 28
30  38 : 30 50 70 81 86 98 101 103 107 108 113 115 116 117 118 119 121 122 129 131 133 135 136 139 140 142 151 153 159 175 181 191 193 194 197 198 201 202
33  1 : 33
38  6 : 38 60 64 74 84 100
58  1 : 58
91  1 : 91
120  1 : 120
160  2 : 160 200
% end

% frame 96
% time 9.7
% start   9.7
% cluster-index, number-of-fibers : name-of-fibers
1  2 : 1 31
2  6 : 2 35 43 72 93 152
3  1 : 3
4  3 : 4 34 54
5  42 : 5 36 46 47 51 56 63 83 99 112 124 130 134 137 141 144 146 147 150 154 155 156 158 162 163 166 168 169 170 172 173 174 176 177 180 183 184 188 189 192 195 199
6  1 : 6
7  27 : 7 41 44 45 48 59 62 67 69 71 75 78 79 87 89 90 102 110 111 126 127 128 143 164 167 171 185
8  2 : 8 88
9  1 : 9
10  32 : 10 42 53 57 65 73 76 77 80 82 92 95 96 97 109 114 123 125 132 145 148 149 157 161 165 178 179 182 186 187 190 196
11  1 : 11
12  1 : 12
13  1 : 13
14  1 : 14
15  1 : 15
16  2 : 16 39
17  4 : 17 23 68 138
18  1 : 18
19  5 : 19 40 94 104 106
20  4 : 20 49 55 66
21  2 : 21 105
22  3 : 22 32 37
24  3 : 24 52 85
25  3 : 25 29 61
26  1 : 26
27  1 : 27
28  1 : 28
30  38 : 30 50 70 81 86 98 101 103 107 108 113 115 116 117 118 119 121 122 129 133 135 136 139 140 142 151 153 159 175 181 191 193 194 197 198 201 202 204
33  1 : 33
38  6 : 38 60 64 74 84 100
58  1 : 58
91  1 : 91
120  1 : 120
131  1 : 131
160  3 : 160 200 203
% end

% frame 97
% time 9.8
% start   9.8
% cluster-index, number-of-fibers : name-of-fibers
1  2 : 1 31
2  6 : 2 35 43 72 93 152
3  1 : 3
4  3 : 4 34 54
5  43 : 5 36 46 47 51 56 63 83 99 112 124 130 134 137 141 144 146 147 150 154 155 156 158 162 163 166 168 169 170 172 173 174 176 177 180 183 184 188 189 192 195 199 206
6  1 : 6
7  27 : 7 41 44 45 48 59 62 67 69 71 75 78 79 87 89 90 102 110 111 126 127 128 143 164 167 171 185
8  2 : 8 88
9  1 : 9
10  33 : 10 42 53 57 65 73 76 77 80 82 92 95 96 97 109 114 123 125 132 145 148 149 157 161 165 178 179 182 186 187 190 196 205
11  1 : 11
12  1 : 12
13  1 : 13
14  1 : 14
15  1 : 15
16  2 : 16 39
17  4 : 17 23 68 138
18  1 : 18
19  5 : 19 40 94 104 106
20  4 : 20 49 55 66
21  2 : 21 105
22  3 : 22 32 37
24  3 : 24 52 85
25  3 : 25 29 61
26  1 : 26
27  1 : 27
28  1 : 28
30  38 : 30 50 70 81 86 98 101 103 107 108 113 115 116 117 118 119 121 122 129 133 135 136 139 140 142 151 153 159 175 181 191 193 194 197 198 201 202 204
33  1 : 33
38  6 : 38 60 64 74 84 100
58  1 : 58
91  1 : 91
120  1 : 120
131  1 : 131
160  3 : 160 200 203
% end

% frame 98
% time 9.9
% start   9.9
% cluster-index, number-of-fibers : name-of-fibers
1  2 : 1 31
2  6 : 2 35 43 72 93 152
3  1 : 3
4  3 : 4 34 54
5  44 : 5 36 46 47 51 56 63 83 99 112 124 130 134 137 141 144 146 147 150 154 155 156 158 162 163 166 168 169 170 172 173 174 176 177 180 183 184 188 189 192 195 199 206 207
6  1 : 6
7  27 : 7 41 44 45 48 59 62 67 69 71 75 78 79 87 89 90 102 110 111 126 127 128 143 164 167 171 185
8  2 : 8 88
9  1 : 9
10  33 : 10 42 53 57 65 73 76 77 80 82 92 95 96 97 109 114 123 125 132 145 148 149 157 161 165 178 179 182 186 187 190 196 205
11  1 : 11
12  1 : 12
13  1 : 13
14  1 : 14
15  1 : 15
16  2 : 16 39
17  4 : 17 23 68 138
18  1 : 18
19  5 : 19 40 94 104 106
20  4 : 20 49 55 66
21  2 : 21 105
22  3 : 22 32 37
24  3 : 24 52 85
25  3 : 25 29 61
26  1 : 26
27  1 : 27
28  1 : 28
30  38 : 30 50 70 81 86 98 101 103 107 108 113 115 116 117 118 119 121 122 129 133 135 136 139 140 142 151 153 159 175 181 191 193 194 197 198 201 202 204
33  1 : 33
38  6 : 38 60 64 74 84 100
58  1 : 58
91  1 : 91
120  1 : 120
131  1 : 131
160  3 : 160 200 203
% end

% frame 99
% time 10
% start   10
% cluster-index, number-of-fibers : name-of-fibers
1  2 : 1 31
2  6 : 2 35 43 72 93 152
3  1 : 3
4  3 : 4 34 54
5  44 : 5 36 46 47 51 56 63 83 99 112 124 130 134 137 141 144 146 147 150 154 155 156 158 162 163 166 168 169 170 172 173 174 176 177 180 183 184 188 189 192 195 199 206 207
6  1 : 6
7  27 : 7 41 44 45 48 59 62 67 69 71 75 78 79 87 89 90 102 110 111 126 127 128 143 164 167 171 185
8  2 : 8 88
9  1 : 9
10  33 : 10 42 53 57 65 73 76 77 80 82 92 95 96 97 109 114 123 125 132 145 148 149 157 161 165 178 179 182 186 187 190 196 205
11  1 : 11
12  1 : 12
13  1 : 13
14  1 : 14
15  1 : 15
16  2 : 16 39
17  4 : 17 23 68 138
18  1 : 18
19  5 : 19 40 94 104 106
20  4 : 20 49 55 66
21  2 : 21 105
22  3 : 22 32 37
24  3 : 24 52 85
25  3 : 25 29 61
26  1 : 26
27  1 : 27
28  1 : 28
30  38 : 30 50 70 81 86 98 101 103 107 108 113 115 116 117 118 119 121 122 129 133 135 136 139 140 142 151 153 159 175 181 191 193 194 197 198 201 202 204
33  1 : 33
38  6 : 38 60 64 74 84 100
58  1 : 58
91  1 : 91
120  1 : 120
131  1 : 131
160  3 : 160 200 203
% end

% frame 100
% time 10.1
% start   10.1
% cluster-index, number-of-fibers : name-of-fibers
1  2 : 1 31
2  6 : 2 35 43 72 93 152
3  1 : 3
4  3 : 4 34 54
5  44 : 5 36 46 47 51 56 63 83 99 112 124 130 134 137 141 144 146 147 150 154 155 156 158 162 163 166 168 169 170 172 173 174 176 177 180 183 184 188 189 192 195 199 206 207
6  1 : 6
7  27 : 7 41 44 45 48 59 62 67 69 71 75 78 79 87 89 90 102 110 111 126 127 128 143 164 167 171 185
8  2 : 8 88
9  1 : 9
10  33 : 10 42 53 57 65 73 76 77 80 82 92 95 96 97 109 114 123 125 132 145 148 149 157 161 165 178 179 182 186 187 190 196 205
11  1 : 11
12  1 : 12
13  1 : 13
14  1 : 14
15  1 : 15
16  2 : 16 39
17  4 : 17 23 68 138
18  1 : 18
19  5 : 19 40 94 104 106
20  4 : 20 49 55 66
21  2 : 21 105
22  3 : 22 32 37
24  3 : 24 52 85
25  3 : 25 29 61
26  1 : 26
27  1 : 27
28  1 : 28
30  40 : 30 50 70 81 86 98 101 103 107 108 113 115 116 117 118 119 121 122 129 133 135 136 139 140 142 151 153 159 175 181 191 193 194 197 198 201 202 204 208 209
33  1 : 33
38  6 : 38 60 64 74 84 100
58  1 : 58
91  1 : 91
120  1 : 120
131  1 : 131
160  3 : 160 200 203
% end

% frame 101
% time 10.2
% start   10.2
% cluster-index, number-of-fibers : name-of-fibers
1  2 : 1 31
2  6 : 2 35 43 72 93 152
3  1 : 3
4  3 : 4 34 54
5  44 : 5 36 46 47 51 56 63 83 99 112 124 130 134 137 141 144 146 147 150 154 155 156 158 162 163 166 168 169 170 172 173 174 176 177 180 183 184 188 189 192 195 199 206 207
6  1 : 6
7  27 : 7 41 44 45 48 59 62 67 69 71 75 78 79 87 89 90 102 110 111 126 127 128 143 164 167 171 185
8  2 : 8 88
9  1 : 9
10  33 : 10 42 53 57 65 73 76 77 80 82 92 95 96 97 109 114 123 125 132 145 148 149 157 161 165 178 179 182 186 187 190 196 205
11  1 : 11
12  1 : 12
13  1 : 13
14  1 : 14
15  1 : 15
16  2 : 16 39
17  4 : 17 23 68 138
18  1 : 18
19  5 : 19 40 94 104 106
20  4 : 20 49 55 66
21  2 : 21 105
22  3 : 22 32 37
24  3 : 24 52 85
25  3 : 25 29 61
26  1 : 26
27  1 : 27
28  1 : 28
30  40 : 30 50 70 81 86 98 101 103 107 108 113 115 116 117 118 119 121 122 129 133 135 136 139 140 142 151 153 159 175 181 191 193 194 197 198 201 202 204 208 209
33  1 : 33
38  6 : 38 60 64 74 84 100
58  1 : 58
91  1 : 91
120  1 : 120
131  1 : 131
160  3 : 160 200 203
% end

% frame 102
% time 10.3
% start   10.3
% cluster-index, number-of-fibers : name-of-fibers
1  2 : 1 31
2  6 : 2 35 43 72 93 152
3  1 : 3
4  3 : 4 34 54
5  45 : 5 36 46 47 51 56 63 83 99 112 124 130 134 137 141 144 146 147 150 154 155 156 158 162 163 166 168 169 170 172 173 174 176 177 180 183 184 188 189 192 195 199 206 207 210
6  1 : 6
7  26 : 7 41 44 45 48 59 67 69 71 75 78 79 87 89 90 102 110 111 126 127 128 143 164 167 171 185
8  2 : 8 88
9  1 : 9
10  33 : 10 42 53 57 65 73 76 77 80 82 92 95 96 97 109 114 123 125 132 145 148 149 157 161 165 178 179 182 186 187 190 196 205
11  1 : 11
12  1 : 12
13  1 : 13
14  1 : 14
15  1 : 15
16  2 : 16 39
17  4 : 17 23 68 138
18  1 : 18
19  5 : 19 40 94 104 106
20  4 : 20 49 55 66
21  2 : 21 105
22  3 : 22 32 37
24  3 : 24 52 85
25  3 : 25 29 61
26  1 : 26
27  1 : 27
28  1 : 28
30  40 : 30 50 70 81 86 98 101 103 107 108 113 115 116 117 118 119 121 122 129 133 135 136 139 140 142 151 153 159 175 181 191 193 194 197 198 201 202 204 208 209
33  1 : 33
38  6 : 38 60 64 74 84 100
58  1 : 58
62  1 : 62
91  1 : 91
120  1 : 120
131  1 : 131
160  3 : 160 200 203
% end

% frame 103
% time 10.4
% start   10.4
% cluster-index, number-of-fibers : name-of-fibers
1  2 : 1 31
2  6 : 2 35 43 72 93 152
3  1 : 3
4  3 : 4 34 54
5  46 : 5 36 46 47 51 56 63 83 99 112 124 130 134 137 141 144 146 147 150 154 155 156 158 162 163 166 168 169 170 172 173 174 176 177 180 183 184 188 189 192 195 199 206 207 210 211
6  1 : 6
7  26 : 7 41 44 45 48 59 67 69 71 75 78 79 87 89 90 102 110 111 126 127 128 143 164 167 171 185
8  2 : 8 88
9  1 : 9
10  33 : 10 42 53 57 65 73 76 77 80 82 92 95 96 97 109 114 123 125 132 145 148 149 157 161 165 178 179 182 186 187 190 196 205
11  1 : 11
12  1 : 12
13  1 : 13
14  1 : 14
15  1 : 15
16  2 : 16 39
17  4 : 17 23 68 138
18  1 : 18
19  5 : 19 40 94 104 106
20  4 : 20 49 55 66
21  2 : 21 105
22  3 : 22 32 37
24  3 : 24 52 85
25  3 : 25 29 61
26  1 : 26
27  1 : 27
28  1 : 28
30  41 : 30 50 70 81 86 98 101 103 107 108 113 115 116 117 118 119 121 122 129 133 135 136 139 140 142 151 153 159 175 181 191 193 194 197 198 201 202 204 208 209 212
33  1 : 33
38  6 : 38 60 64 74 84 100
58  1 : 58
62  1 : 62
91  1 : 91
120  1 : 120
131  1 : 131
160  3 : 160 200 203
% end

% frame 104
% time 10.5
% start   10.5
% cluster-index, number-of-fibers : name-of-fibers
1  2 : 1 31
2  6 : 2 35 43 72 93 152
3  1 : 3
4  3 : 4 34 54
5  46 : 5 36 46 47 51 56 63 83 99 112 124 130 134 137 141 144 146 147 150 154 155 156 158 163 166 168 169 170 172 173 174 176 177 180 183 184 188 189 192 195 199 206 207 210 211 213
6  1 : 6
7  27 : 7 41 44 45 48 59 62 67 69 71 75 78 79 87 89 90 102 110 111 126 127 128 143 164 167 171 185
8  2 : 8 88
9  1 : 9
10  33 : 10 42 53 57 65 73 76 77 80 82 92 95 96 97 109 114 123 125 132 145 148 149 157 161 165 178 179 182 186 187 190 196 205
11  1 : 11
12  1 : 12
13  1 : 13
14  1 : 14
15  1 : 15
16  2 : 16 39
17  4 : 17 23 68 138
18  1 : 18
19  5 : 19 40 94 104 106
20  4 : 20 49 55 66
21  2 : 21 105
22  3 : 22 32 37
24  3 : 24 52 85
25  3 : 25 29 61
26  1 : 26
27  1 : 27
28  1 : 28
30  40 : 30 50 70 81 86 98 101 103 108 113 115 116 117 118 119 121 122 129 133 135 136 139 140 142 151 153 159 175 181 191 193 194 197 198 201 202 204 208 209 212
33  1 : 33
38  6 : 38 60 64 74 84 100
58  1 : 58
91  1 : 91
107  1 : 107
120  1 : 120
131  1 : 131
160  3 : 160 200 203
162  1 : 162
% end

% frame 105
% time 10.6
% start   10.6
% cluster-index, number-of-fibers : name-of-fibers
1  2 : 1 31
2  6 : 2 35 43 72 93 152
3  1 : 3
4  3 : 4 34 54
5  46 : 5 36 46 47 51 56 63 83 99 112 124 130 134 137 141 144 146 147 150 154 155 156 158 163 166 168 169 170 172 173 174 176 177 180 183 184 188 189 192 195 199 206 207 210 211 213
6  1 : 6
7  27 : 7 41 44 45 48 59 62 67 69 71 75 78 79 87 89 90 102 110 111 126 127 128 143 164 167 171 185
8  2 : 8 88
9  1 : 9
10  33 : 10 42 53 57 65 73 76 77 80 82 92 95 96 97 109 114 123 125 132 145 148 149 157 161 165 178 179 182 186 187 190 196 205
11  1 : 11
12  1 : 12
13  1 : 13
14  1 : 14
15  1 : 15
16  2 : 16 39
17  4 : 17 23 68 138
18  1 : 18
19  5 : 19 40 94 104 106
20  4 : 20 49 55 66
21  2 : 21 105
22  3 : 22 32 37
24  3 : 24 52 85
25  3 : 25 29 61
26  1 : 26
27  1 : 27
28  1 : 28
30  40 : 30 50 70 81 86 98 101 103 108 113 115 116 117 118 119 121 122 129 133 135 136 139 140 142 151 153 159 175 181 191 193 194 197 198 201 202 204 208 209 212
33  1 : 33
38  6 : 38 60 64 74 84 100
58  1 : 58
91  1 : 91
107  1 : 107
120  1 : 120
131  1 : 131
160  3 : 160 200 203
162  1 : 162
% end

% frame 106
% time 10.7
% start   10.7
% cluster-index, number-of-fibers : name-of-fibers
1  2 : 1 31
2  6 : 2 35 43 72 93 152
3  1 : 3
4  3 : 4 34 54
5  46 : 5 36 46 47 51 56 63 83 99 112 124 130 134 137 141 144 146 147 150 154 155 156 158 163 166 168 169 170 172 173 174 176 177 180 183 184 188 189 192 195 199 206 207 210 211 213
6  1 : 6
7  27 : 7 41 44 45 48 59 62 67 69 71 75 78 79 87 89 90 102 110 111 126 127 128 143 164 167 171 185
8  2 : 8 88
9  1 : 9
10  33 : 10 42 53 57 65 73 76 77 80 82 92 95 96 97 109 114 123 125 132 145 148 149 157 161 165 178 179 182 186 187 190 196 205
11  1 : 11
12  1 : 12
13  1 : 13
14  1 : 14
15  1 : 15
16  2 : 16 39
17  4 : 17 23 68 138
18  1 : 18
19  5 : 19 40 94 104 106
20  4 : 20 49 55 66
21  2 : 21 105
22  3 : 22 32 37
24  3 : 24 52 85
25  3 : 25 29 61
26  1 : 26
27  1 : 27
28  1 : 28
30  40 : 30 50 70 81 86 98 101 103 108 113 115 116 117 118 119 121 122 129 133 135 136 139 140 142 151 153 159 175 181 191 193 194 197 198 201 202 204 208 209 212
33  1 : 33
38  6 : 38 60 64 74 84 100
58  1 : 58
91  1 : 91
107  1 : 107
120  1 : 120
131  1 : 131
160  3 : 160 200 203
162  1 : 162
% end

% frame 107
% time 10.8
% start   10.8
% cluster-index, number-of-fibers : name-of-fibers
1  2 : 1 31
2  6 : 2 35 43 72 93 152
3  1 : 3
4  3 : 4 34 54
5  46 : 5 36 46 47 51 56 63 83 99 112 124 130 134 137 141 144 146 147 150 154 155 156 158 163 166 168 169 170 172 173 174 176 177 180 183 184 188 189 192 195 199 206 207 210 211 213
6  1 : 6
7  27 : 7 41 44 45 48 59 62 67 69 71 75 78 79 87 89 90 102 110 111 126 127 128 143 164 167 171 185
8  2 : 8 88
9  1 : 9
10  33 : 10 42 53 57 65 73 76 77 80 82 92 95 96 97 109 114 123 125 132 145 148 149 157 161 165 178 179 182 186 187 190 196 205
11  1 : 11
12  1 : 12
13  1 : 13
14  1 : 14
15  1 : 15
16  2 : 16 39
17  4 : 17 23 68 138
18  1 : 18
19  5 : 19 40 94 104 106
20  4 : 20 49 55 66
21  2 : 21 105
22  3 : 22 32 37
24  3 : 24 52 85
25  3 : 25 29 61
26  1 : 26
27  1 : 27
28  1 : 28
30  40 : 30 50 70 81 86 98 101 103 108 113 115 116 117 118 119 121 122 129 133 135 136 139 140 142 151 153 159 175 181 191 193 194 197 198 201 202 204 208 209 212
33  1 : 33
38  6 : 38 60 64 74 84 100
58  1 : 58
91  1 : 91
107  1 : 107
120  1 : 120
131  1 : 131
160  3 : 160 200 203
162  1 : 162
% end

% frame 108
% time 10.9
% start   10.9
% cluster-index, number-of-fibers : name-of-fibers
1  2 : 1 31
2  6 : 2 35 43 72 93 152
3  1 : 3
4  3 : 4 34 54
5  46 : 5 36 46 47 51 56 63 83 99 112 124 130 134 137 141 144 146 147 150 154 155 156 158 163 166 168 169 170 172 173 174 176 177 180 183 184 188 189 192 195 199 206 207 210 211 213
6  1 : 6
7  27 : 7 41 44 45 48 59 62 67 69 71 75 78 79 87 89 90 102 110 111 126 127 128 143 164 167 171 185
8  2 : 8 88
9  1 : 9
10  33 : 10 42 53 57 65 73 76 77 80 82 92 95 96 97 109 114 123 125 132 145 148 149 157 161 165 178 179 182 186 187 190 196 205
11  1 : 11
12  1 : 12
13  1 : 13
14  1 : 14
15  1 : 15
16  2 : 16 39
17  4 : 17 23 68 138
18  1 : 18
19  5 : 19 40 94 104 106
20  4 : 20 49 55 66
21  2 : 21 105
22  3 : 22 32 37
24  3 : 24 52 85
25  3 : 25 29 61
26  1 : 26
27  1 : 27
28  1 : 28
30  40 : 30 50 70 81 86 98 101 103 108 113 115 116 117 118 119 121 122 129 133 135 136 139 140 142 151 153 159 175 181 191 193 194 197 198 201 202 204 208 209 212
33  1 : 33
38  6 : 38 60 64 74 84 100
58  1 : 58
91  1 : 91
107  1 : 107
120  1 : 120
131  1 : 131
160  3 : 160 200 203
162  1 : 162
% end

% frame 109
% time 11
% start   11
% cluster-index, number-of-fibers : name-of-fibers
1  2 : 1 31
2  6 : 2 35 43 72 93 152
3  1 : 3
4  3 : 4 34 54
5  46 : 5 36 46 47 51 56 63 83 99 112 124 130 134 137 141 144 146 147 150 154 155 156 158 163 166 168 169 170 172 173 174 176 177 180 183 184 188 189 192 195 199 206 207 210 211 213
6  1 : 6
7  27 : 7 41 44 45 48 59 62 67 69 71 75 78 79 87 89 90 102 110 111 126 127 128 143 164 167 171 185
8  2 : 8 88
9  1 : 9
10  33 : 10 42 53 57 65 73 76 77 80 82 92 95 96 97 109 114 123 125 132 145 148 149 157 161 165 178 179 182 186 187 190 196 205
11  1 : 11
12  1 : 12
13  1 : 13
14  1 : 14
15  1 : 15
16  2 : 16 39
17  4 : 17 23 68 138
18  1 : 18
19  5 : 19 40 94 104 106
20  4 : 20 49 55 66
21  2 : 21 105
22  3 : 22 32 37
24  3 : 24 52 85
25  3 : 25 29 61
26  1 : 26
27  1 : 27
28  1 : 28
30  41 : 30 50 70 81 86 98 101 103 108 113 115 116 117 118 119 121 122 129 133 135 136 139 140 142 151 153 159 175 181 191 193 194 197 198 201 202 204 208 209 212 214
33  1 : 33
38  6 : 38 60 64 74 84 100
58  1 : 58
91  1 : 91
107  1 : 107
120  1 : 120
131  1 : 131
160  3 : 160 200 203
162  1 : 162
% end

% frame 110
% time 11.1
% start   11.1
% cluster-index, number-of-fibers : name-of-fibers
1  2 : 1 31
2  6 : 2 35 43 72 93 152
3  1 : 3
4  3 : 4 34 54
5  46 : 5 36 46 47 51 56 63 83 99 112 124 130 134 137 141 144 146 147 150 154 155 156 158 163 166 168 169 170 172 173 174 176 177 180 183 184 188 189 192 195 199 206 207 210 211 213
6  1 : 6
7  27 : 7 41 44 45 48 59 62 67 69 71 75 78 79 87 89 90 102 110 111 126 127 128 143 164 167 171 185
8  2 : 8 88
9  1 : 9
10  34 : 10 42 53 57 65 73 76 77 80 82 92 95 96 97 109 114 123 125 132 145 148 149 157 161 165 178 179 182 186 187 190 196 205 215
11  1 : 11
12  1 : 12
13  1 : 13
14  1 : 14
15  1 : 15
16  2 : 16 39
17  4 : 17 23 68 138
18  1 : 18
19  5 : 19 40 94 104 106
20  4 : 20 49 55 66
21  2 : 21 105
22  3 : 22 32 37
24  3 : 24 52 85
25  3 : 25 29 61
26  1 : 26
27  1 : 27
28  1 : 28
30  41 : 30 50 70 81 86 98 101 103 108 113 115 116 117 118 119 121 122 129 133 135 136 139 140 142 151 153 159 175 181 191 193 194 197 198 201 202 204 208 209 212 214
33  1 : 33
38  6 : 38 60 64 74 84 100
58  1 : 58
91  1 : 91
107  1 : 107
120  1 : 120
131  1 : 131
160  3 : 160 200 203
162  1 : 162
% end

% frame 111
% time 11.2
% start   11.2
% cluster-index, number-of-fibers : name-of-fibers
1  2 : 1 31
2  6 : 2 35 43 72 93 152
3  1 : 3
4  3 : 4 34 54
5  46 : 5 36 46 47 51 56 63 83 99 112 124 130 134 137 141 144 146 147 150 154 155 156 158 163 166 168 169 170 172 173 174 176 177 180 183 184 188 189 192 195 199 206 207 210 211 213
6  1 : 6
7  27 : 7 41 44 45 48 59 62 67 69 71 75 78 79 87 89 90 102 110 111 126 127 128 143 164 167 171 185
8  2 : 8 88
9  1 : 9
10  34 : 10 42 53 57 65 73 76 77 80 82 92 95 96 97 109 114 123 125 132 145 148 149 157 161 165 178 179 182 186 187 190 196 205 215
11  1 : 11
12  1 : 12
13  1 : 13
14  1 : 14
15  1 : 15
16  2 : 16 39
17  4 : 17 23 68 138
18  1 : 18
19  5 : 19 40 94 104 106
20  4 : 20 49 55 66
21  2 : 21 105
22  3 : 22 32 37
24  3 : 24 52 85
25  3 : 25 29 61
26  1 : 26
27  1 : 27
28  1 : 28
30  41 : 30 50 70 81 86 98 101 103 108 113 115 116 117 118 119 121 122 129 133 135 136 139 140 142 151 153 159 175 181 191 193 194 197 198 201 202 204 208 209 212 214
33  1 : 33
38  6 : 38 60 64 74 84 100
58  1 : 58
91  1 : 91
107  1 : 107
120  1 : 120
131  1 : 131
160  3 : 160 200 203
162  1 : 162
% end

% frame 112
% time 11.3
% start   11.3
% cluster-index, number-of-fibers : name-of-fibers
1  2 : 1 31
2  6 : 2 35 43 72 93 152
3  1 : 3
4  3 : 4 34 54
5  46 : 5 36 46 47 51 56 63 83 99 112 124 130 134 137 141 144 146 147 150 154 155 156 158 163 166 168 169 170 172 173 174 176 177 180 183 184 188 189 192 195 199 206 207 210 211 213
6  1 : 6
7  27 : 7 41 44 45 48 59 62 67 69 71 75 78 79 87 89 90 102 110 111 126 127 128 143 164 167 171 185
8  2 : 8 88
9  1 : 9
10  34 : 10 42 53 57 65 73 76 77 80 82 92 95 96 97 109 114 123 125 132 145 148 149 157 161 165 178 179 182 186 187 190 196 205 215
11  1 : 11
12  1 : 12
13  1 : 13
14  1 : 14
15  1 : 15
16  2 : 16 39
17  4 : 17 23 68 138
18  1 : 18
19  5 : 19 40 94 104 106
20  4 : 20 49 55 66
21  2 : 21 105
22  3 : 22 32 37
24  3 : 24 52 85
25  3 : 25 29 61
26  1 : 26
27  1 : 27
28  1 : 28
30  41 : 30 50 70 81 86 98 101 103 108 113 115 116 117 118 119 121 122 129 133 135 136 139 140 142 151 153 159 175 181 191 193 194 197 198 201 202 204 208 209 212 214
33  1 : 33
38  6 : 38 60 64 74 84 100
58  1 : 58
91  1 : 91
107  1 : 107
120  1 : 120
131  1 : 131
160  3 : 160 200 203
162  1 : 162
% end

% frame 113
% time 11.4
% start   11.4
% cluster-index, number-of-fibers : name-of-fibers
1  2 : 1 31
2  6 : 2 35 43 72 93 152
3  1 : 3
4  3 : 4 34 54
5  46 : 5 36 46 47 51 56 63 83 99 112 124 130 134 137 141 144 146 147 150 154 155 156 158 163 166 168 169 170 172 173 174 176 177 180 183 184 188 189 192 195 199 206 207 210 211 213
6  1 : 6
7  27 : 7 41 44 45 48 59 62 67 69 71 75 78 79 87 89 90 102 110 111 126 127 128 143 164 167 171 185
8  2 : 8 88
9  1 : 9
10  34 : 10 42 53 57 65 73 76 77 80 82 92 95 96 97 109 114 123 125 132 145 148 149 157 161 165 178 179 182 186 187 190 196 205 215
11  1 : 11
12  1 : 12
13  1 : 13
14  1 : 14
15  1 : 15
16  2 : 16 39
17  4 : 17 23 68 138
18  1 : 18
19  5 : 19 40 94 104 106
20  4 : 20 49 55 66
21  2 : 21 105
22  3 : 22 32 37
24  3 : 24 52 85
25  3 : 25 29 61
26  1 : 26
27  1 : 27
28  1 : 28
30  41 : 30 50 70 81 86 98 101 103 108 113 115 116 117 118 119 121 122 129 133 135 136 139 140 142 151 153 159 175 181 191 193 194 197 198 201 202 204 208 209 212 214
33  1 : 33
38  6 : 38 60 64 74 84 100
58  1 : 58
91  1 : 91
107  1 : 107
120  1 : 120
131  1 : 131
160  3 : 160 200 203
162  1 : 162
% end

% frame 114
% time 11.5
% start   11.5
% cluster-index, number-of-fibers : name-of-fibers
1  2 : 1 31
2  6 : 2 35 43 72 93 152
3  1 : 3
4  3 : 4 34 54
5  46 : 5 36 46 47 51 56 63 83 99 112 124 130 134 137 141 144 146 147 150 154 155 156 158 163 166 168 169 170 172 173 174 176 177 180 183 184 188 189 192 195 199 206 207 210 211 213
6  1 : 6
7  27 : 7 41 44 45 48 59 62 67 69 71 75 78 79 87 89 90 102 110 111 126 127 128 143 164 167 171 185
8  2 : 8 88
9  1 : 9
10  34 : 10 42 53 57 65 73 76 77 80 82 92 95 96 97 109 114 123 125 132 145 148 149 157 161 165 178 179 182 186 187 190 196 205 215
11  1 : 11
12  1 : 12
13  1 : 13
14  1 : 14
15  1 : 15
16  2 : 16 39
17  4 : 17 23 68 138
18  1 : 18
19  5 : 19 40 94 104 106
20  4 : 20 49 55 66
21  2 : 21 105
22  3 : 22 32 37
24  3 : 24 52 85
25  3 : 25 29 61
26  1 : 26
27  1 : 27
28  1 : 28
30  41 : 30 50 70 81 86 98 101 103 108 113 115 116 117 118 119 121 122 129 133 135 136 139 140 142 151 153 159 175 181 191 193 194 197 198 201 202 204 208 209 212 214
33  1 : 33
38  6 : 38 60 64 74 84 100
58  1 : 58
91  1 : 91
107  1 : 107
120  1 : 120
131  1 : 131
160  3 : 160 200 203
162  1 : 162
% end

% frame 115
% time 11.6
% start   11.6
% cluster-index, number-of-fibers : name-of-fibers
1  2 : 1 31
2  6 : 2 35 43 72 93 152
3  1 : 3
4  3 : 4 34 54
5  46 : 5 36 46 47 51 56 63 83 99 112 124 130 134 137 141 144 146 147 150 154 155 156 158 163 166 168 169 170 172 173 174 176 177 180 183 184 188 189 192 195 199 206 207 210 211 213
6  1 : 6
7  27 : 7 41 44 45 48 59 62 67 69 71 75 78 79 87 89 90 102 110 111 126 127 128 143 164 167 171 185
8  2 : 8 88
9  1 : 9
10  34 : 10 42 53 57 65 73 76 77 80 82 92 95 96 97 109 114 123 125 132 145 148 149 157 161 165 178 179 182 186 187 190 196 205 215
11  1 : 11
12  1 : 12
13  1 : 13
14  1 : 14
15  1 : 15
16  2 : 16 39
17  4 : 17 23 68 138
18  1 : 18
19  5 : 19 40 94 104 106
20  4 : 20 49 55 66
21  2 : 21 105
22  3 : 22 32 37
24  3 : 24 52 85
25  3 : 25 29 61
26  1 : 26
27  1 : 27
28  1 : 28
30  42 : 30 50 70 81 86 98 101 103 108 113 115 116 117 118 119 121 122 129 133 135 136 139 140 142 151 153 159 175 181 191 193 194 197 198 201 202 204 208 209 212 214 216
33  1 : 33
38  6 : 38 60 64 74 84 100
58  1 : 58
91  1 : 91
107  1 : 107
120  1 : 120
131  1 : 131
160  3 : 160 200 203
162  1 : 162
% end

% frame 116
% time 11.7
% start   11.7
% cluster-index, number-of-fibers : name-of-fibers
1  2 : 1 31
2  6 : 2 35 43 72 93 152
3  1 : 3
4  3 : 4 34 54
5  46 : 5 36 46 47 51 56 63 83 99 112 124 130 134 137 141 144 146 147 150 154 155 156 158 163 166 168 169 170 172 173 174 176 177 180 183 184 188 189 192 195 199 206 207 210 211 213
6  1 : 6
7  27 : 7 41 44 45 48 59 62 67 69 71 75 78 79 87 89 90 102 110 111 126 127 128 143 164 167 171 185
8  2 : 8 88
9  1 : 9
10  34 : 10 42 53 57 65 73 76 77 80 82 92 95 96 97 109 114 123 125 132 145 148 149 157 161 165 178 179 182 186 187 190 196 205 215
11  1 : 11
12  1 : 12
13  1 : 13
14  1 : 14
15  1 : 15
16  2 : 16 39
17  4 : 17 23 68 138
18  1 : 18
19  5 : 19 40 94 104 106
20  4 : 20 49 55 66
21  2 : 21 105
22  3 : 22 32 37
24  3 : 24 52 85
25  3 : 25 29 61
26  1 : 26
27  1 : 27
28  1 : 28
30  42 : 30 50 70 81 86 98 101 103 108 113 115 116 117 118 119 121 122 129 133 135 136 139 140 142 151 153 159 175 181 191 193 194 197 198 201 202 204 208 209 212 214 216
33  1 : 33
38  6 : 38 60 64 74 84 100
58  1 : 58
91  1 : 91
107  1 : 107
120  1 : 120
131  1 : 131
160  3 : 160 200 203
162  1 : 162
% end

% frame 117
% time 11.8
% start   11.8
% cluster-index, number-of-fibers : name-of-fibers
1  2 : 1 31
2  6 : 2 35 43 72 93 152
3  1 : 3
4  3 : 4 34 54
5  46 : 5 36 46 47 51 56 63 83 99 112 124 130 134 137 141 144 146 147 150 154 155 156 158 163 166 168 169 170 172 173 174 176 177 180 183 184 188 189 192 195 199 206 207 210 211 213
6  1 : 6
7  27 : 7 41 44 45 48 59 62 67 69 71 75 78 79 87 89 90 102 110 111 126 127 128 143 164 167 171 185
8  2 : 8 88
9  1 : 9
10  35 : 10 42 53 57 65 73 76 77 80 82 92 95 96 97 109 114 123 125 132 145 148 149 157 161 165 178 179 182 186 187 190 196 205 215 217
11  1 : 11
12  1 : 12
13  1 : 13
14  1 : 14
15  1 : 15
16  2 : 16 39
17  4 : 17 23 68 138
18  1 : 18
19  5 : 19 40 94 104 106
20  4 : 20 49 55 66
21  2 : 21 105
22  3 : 22 32 37
24  3 : 24 52 85
25  3 : 25 29 61
26  1 : 26
27  1 : 27
28  1 : 28
30  42 : 30 50 70 81 86 98 101 103 108 113 115 116 117 118 119 121 122 129 133 135 136 139 140 142 151 153 159 175 181 191 193 194 197 198 201 202 204 208 209 212 214 216
33  1 : 33
38  6 : 38 60 64 74 84 100
58  1 : 58
91  1 : 91
107  1 : 107
120  1 : 120
131  1 : 131
160  3 : 160 200 203
162  1 : 162
% end

% frame 118
% time 11.9
% start   11.9
% cluster-index, number-of-fibers : name-of-fibers
1  2 : 1 31
2  6 : 2 35 43 72 93 152
3  1 : 3
4  3 : 4 34 54
5  47 : 5 36 46 47 51 56 63 83 99 112 124 130 134 137 141 144 146 147 150 154 155 156 158 163 166 168 169 170 172 173 174 176 177 180 183 184 188 189 192 195 199 206 207 210 211 213 218
6  1 : 6
7  28 : 7 41 44 45 48 59 62 67 69 71 75 78 79 87 89 90 102 110 111 126 127 128 143 164 167 171 185 219
8  2 : 8 88
9  1 : 9
10  35 : 10 42 53 57 65 73 76 77 80 82 92 95 96 97 109 114 123 125 132 145 148 149 157 161 165 178 179 182 186 187 190 196 205 215 217
11  1 : 11
12  1 : 12
13  1 : 13
14  1 : 14
15  1 : 15
16  2 : 16 39
17  4 : 17 23 68 138
18  1 : 18
19  5 : 19 40 94 104 106
20  4 : 20 49 55 66
21  2 : 21 105
22  3 : 22 32 37
24  3 : 24 52 85
25  3 : 25 29 61
26  1 : 26
27  1 : 27
28  1 : 28
30  42 : 30 50 70 81 86 98 101 103 108 113 115 116 117 118 119 121 122 129 133 135 136 139 140 142 151 153 159 175 181 191 193 194 197 198 201 202 204 208 209 212 214 216
33  1 : 33
38  6 : 38 60 64 74 84 100
58  1 : 58
91  1 : 91
107  1 : 107
120  1 : 120
131  1 : 131
160  3 : 160 200 203
162  1 : 162
% end

