% frame 0
% time 0.1
% start   0.1
% cluster-index, number-of-fibers : name-of-fibers
1  1 : 1
2  1 : 2
3  1 : 3
4  1 : 4
5  1 : 5
6  1 : 6
7  1 : 7
8  1 : 8
9  1 : 9
10  1 : 10
11  1 : 11
12  1 : 12
13  1 : 13
14  1 : 14
15  1 : 15
16  1 : 16
17  1 : 17
18  1 : 18
19  1 : 19
% end

% frame 1
% time 0.2
% start   0.2
% cluster-index, number-of-fibers : name-of-fibers
1  1 : 1
2  1 : 2
3  1 : 3
4  1 : 4
5  1 : 5
6  2 : 6 23
7  1 : 7
8  1 : 8
9  1 : 9
10  1 : 10
11  1 : 11
12  1 : 12
13  1 : 13
14  1 : 14
15  1 : 15
16  1 : 16
17  1 : 17
18  1 : 18
19  1 : 19
20  1 : 20
21  1 : 21
22  1 : 22
24  1 : 24
25  1 : 25
26  1 : 26
27  1 : 27
28  1 : 28
% end

% frame 2
% time 0.3
% start   0.3
% cluster-index, number-of-fibers : name-of-fibers
1  1 : 1
2  1 : 2
3  1 : 3
4  1 : 4
5  1 : 5
6  3 : 6 23 31
7  1 : 7
8  1 : 8
9  1 : 9
10  1 : 10
11  1 : 11
12  1 : 12
13  1 : 13
14  1 : 14
15  1 : 15
16  1 : 16
17  1 : 17
18  2 : 18 32
19  1 : 19
20  1 : 20
21  1 : 21
22  1 : 22
24  1 : 24
25  1 : 25
26  1 : 26
27  1 : 27
28  1 : 28
29  1 : 29
30  1 : 30
% end

% frame 3
% time 0.4
% start   0.4
% cluster-index, number-of-fibers : name-of-fibers
1  1 : 1
2  1 : 2
3  1 : 3
4  1 : 4
5  1 : 5
6  3 : 6 23 31
7  1 : 7
8  1 : 8
9  1 : 9
10  1 : 10
11  1 : 11
12  1 : 12
13  1 : 13
14  1 : 14
15  1 : 15
16  1 : 16
17  1 : 17
18  2 : 18 32
19  1 : 19
20  1 : 20
21  1 : 21
22  1 : 22
24  1 : 24
25  1 : 25
26  1 : 26
27  1 : 27
28  1 : 28
29  1 : 29
30  1 : 30
33  1 : 33
% end

% frame 4
% time 0.5
% start   0.5
% cluster-index, number-of-fibers : name-of-fibers
1  1 : 1
2  1 : 2
3  1 : 3
4  1 : 4
5  1 : 5
6  3 : 6 23 31
7  1 : 7
8  1 : 8
9  1 : 9
10  1 : 10
11  1 : 11
12  1 : 12
13  1 : 13
14  1 : 14
15  1 : 15
16  1 : 16
17  1 : 17
18  2 : 18 32
19  1 : 19
20  1 : 20
21  1 : 21
22  1 : 22
24  1 : 24
25  1 : 25
26  1 : 26
27  1 : 27
28  1 : 28
29  1 : 29
30  1 : 30
33  1 : 33
% end

% frame 5
% time 0.6
% start   0.6
% cluster-index, number-of-fibers : name-of-fibers
1  1 : 1
2  1 : 2
3  1 : 3
4  1 : 4
5  1 : 5
6  4 : 6 23 31 35
7  1 : 7
8  1 : 8
9  1 : 9
10  1 : 10
11  1 : 11
12  1 : 12
13  1 : 13
14  1 : 14
15  1 : 15
16  1 : 16
17  2 : 17 36
18  2 : 18 32
19  1 : 19
20  1 : 20
21  1 : 21
22  1 : 22
24  2 : 24 34
25  1 : 25
26  1 : 26
27  1 : 27
28  1 : 28
29  1 : 29
30  1 : 30
33  1 : 33
% end

% frame 6
% time 0.7
% start   0.7
% cluster-index, number-of-fibers : name-of-fibers
1  3 : 1 39 41
2  1 : 2
3  1 : 3
4  1 : 4
5  1 : 5
6  4 : 6 23 31 35
7  1 : 7
8  1 : 8
9  1 : 9
10  1 : 10
11  1 : 11
12  1 : 12
13  1 : 13
14  1 : 14
15  1 : 15
16  1 : 16
17  3 : 17 36 38
18  2 : 18 32
19  1 : 19
20  1 : 20
21  1 : 21
22  1 : 22
24  3 : 24 34 37
25  2 : 25 40
26  1 : 26
27  1 : 27
28  1 : 28
29  1 : 29
30  1 : 30
33  1 : 33
% end

% frame 7
% time 0.8
% start   0.8
% cluster-index, number-of-fibers : name-of-fibers
1  4 : 1 39 41 44
2  1 : 2
3  1 : 3
4  1 : 4
5  1 : 5
6  4 : 6 23 31 35
7  1 : 7
8  1 : 8
9  1 : 9
10  1 : 10
11  1 : 11
12  1 : 12
13  1 : 13
14  1 : 14
15  1 : 15
16  1 : 16
17  3 : 17 36 38
18  3 : 18 32 43
19  1 : 19
20  1 : 20
21  1 : 21
22  1 : 22
24  3 : 24 34 37
25  2 : 25 40
26  1 : 26
27  2 : 27 42
28  1 : 28
29  1 : 29
30  1 : 30
33  1 : 33
% end

% frame 8
% time 0.9
% start   0.9
% cluster-index, number-of-fibers : name-of-fibers
1  4 : 1 39 41 44
2  1 : 2
3  1 : 3
4  1 : 4
5  1 : 5
6  4 : 6 23 31 35
7  1 : 7
8  1 : 8
9  1 : 9
10  1 : 10
11  1 : 11
12  1 : 12
13  1 : 13
14  1 : 14
15  1 : 15
16  1 : 16
17  3 : 17 36 38
18  3 : 18 32 43
19  1 : 19
20  1 : 20
21  1 : 21
22  1 : 22
24  4 : 24 34 37 45
25  2 : 25 40
26  1 : 26
27  2 : 27 42
28  1 : 28
29  1 : 29
30  1 : 30
33  1 : 33
% end

% frame 9
% time 1
% start   1
% cluster-index, number-of-fibers : name-of-fibers
1  6 : 1 39 41 44 46 47
2  1 : 2
3  1 : 3
4  1 : 4
5  1 : 5
6  5 : 6 23 31 35 48
7  1 : 7
8  1 : 8
9  1 : 9
10  1 : 10
11  1 : 11
12  1 : 12
13  1 : 13
14  1 : 14
15  1 : 15
16  1 : 16
17  3 : 17 36 38
18  4 : 18 32 43 49
19  1 : 19
20  1 : 20
21  1 : 21
22  1 : 22
24  5 : 24 34 37 45 50
25  2 : 25 40
26  1 : 26
27  2 : 27 42
28  1 : 28
29  1 : 29
30  1 : 30
33  1 : 33
% end

% frame 10
% time 1.1
% start   1.1
% cluster-index, number-of-fibers : name-of-fibers
1  8 : 1 39 41 44 46 47 52 53
2  1 : 2
3  1 : 3
4  1 : 4
5  1 : 5
6  5 : 6 23 31 35 48
7  1 : 7
8  1 : 8
9  1 : 9
10  1 : 10
11  1 : 11
12  1 : 12
13  1 : 13
14  1 : 14
15  1 : 15
16  1 : 16
17  3 : 17 36 38
18  4 : 18 32 43 49
19  1 : 19
20  1 : 20
21  1 : 21
22  1 : 22
24  7 : 24 34 37 45 50 51 54
25  2 : 25 40
26  1 : 26
27  2 : 27 42
28  1 : 28
29  1 : 29
30  1 : 30
33  1 : 33
% end

% frame 11
% time 1.2
% start   1.2
% cluster-index, number-of-fibers : name-of-fibers
1  8 : 1 39 41 44 46 47 52 53
2  1 : 2
3  1 : 3
4  1 : 4
5  1 : 5
6  5 : 6 23 31 35 48
7  1 : 7
8  1 : 8
9  1 : 9
10  1 : 10
11  1 : 11
12  1 : 12
13  1 : 13
14  1 : 14
15  1 : 15
16  1 : 16
17  3 : 17 36 38
18  4 : 18 32 43 49
19  1 : 19
20  1 : 20
21  1 : 21
22  1 : 22
24  7 : 24 34 37 45 50 51 54
25  2 : 25 40
26  1 : 26
27  2 : 27 42
28  1 : 28
29  1 : 29
30  1 : 30
33  1 : 33
% end

% frame 12
% time 1.3
% start   1.3
% cluster-index, number-of-fibers : name-of-fibers
1  8 : 1 39 41 44 46 47 52 53
2  1 : 2
3  1 : 3
4  1 : 4
5  1 : 5
6  6 : 6 23 31 35 48 56
7  1 : 7
8  1 : 8
9  1 : 9
10  1 : 10
11  1 : 11
12  1 : 12
13  1 : 13
14  1 : 14
15  1 : 15
16  1 : 16
17  3 : 17 36 38
18  4 : 18 32 43 49
19  1 : 19
20  1 : 20
21  1 : 21
22  1 : 22
24  8 : 24 34 37 45 50 51 54 57
25  2 : 25 40
26  1 : 26
27  2 : 27 42
28  2 : 28 55
29  1 : 29
30  1 : 30
33  1 : 33
% end

% frame 13
% time 1.4
% start   1.4
% cluster-index, number-of-fibers : name-of-fibers
1  8 : 1 39 41 44 46 47 52 53
2  1 : 2
3  1 : 3
4  1 : 4
5  1 : 5
6  6 : 6 23 31 35 48 56
7  1 : 7
8  1 : 8
9  2 : 9 59
10  1 : 10
11  1 : 11
12  1 : 12
13  1 : 13
14  1 : 14
15  1 : 15
16  1 : 16
17  3 : 17 36 38
18  4 : 18 32 43 49
19  1 : 19
20  1 : 20
21  1 : 21
22  1 : 22
24  9 : 24 34 37 45 50 51 54 57 60
25  3 : 25 40 58
26  1 : 26
27  2 : 27 42
28  2 : 28 55
29  1 : 29
30  1 : 30
33  1 : 33
% end

% frame 14
% time 1.5
% start   1.5
% cluster-index, number-of-fibers : name-of-fibers
1  9 : 1 39 41 44 46 47 52 53 63
2  1 : 2
3  1 : 3
4  1 : 4
5  1 : 5
6  6 : 6 23 31 35 48 56
7  1 : 7
8  1 : 8
9  3 : 9 59 64
10  1 : 10
11  1 : 11
12  1 : 12
13  2 : 13 65
14  1 : 14
15  1 : 15
16  1 : 16
17  3 : 17 36 38
18  4 : 18 32 43 49
19  1 : 19
20  1 : 20
21  1 : 21
22  1 : 22
24  10 : 24 34 37 45 50 51 54 57 60 61
25  3 : 25 40 58
26  1 : 26
27  2 : 27 42
28  3 : 28 55 62
29  1 : 29
30  1 : 30
33  1 : 33
% end

% frame 15
% time 1.6
% start   1.6
% cluster-index, number-of-fibers : name-of-fibers
1  9 : 1 39 41 44 46 47 52 53 63
2  1 : 2
3  1 : 3
4  1 : 4
5  1 : 5
6  8 : 6 23 31 35 48 56 66 67
7  1 : 7
8  1 : 8
9  3 : 9 59 64
10  1 : 10
11  1 : 11
12  1 : 12
13  2 : 13 65
14  1 : 14
15  1 : 15
16  1 : 16
17  3 : 17 36 38
18  4 : 18 32 43 49
19  1 : 19
20  1 : 20
21  1 : 21
22  1 : 22
24  10 : 24 34 37 45 50 51 54 57 60 61
25  3 : 25 40 58
26  1 : 26
27  2 : 27 42
28  3 : 28 55 62
29  1 : 29
30  1 : 30
33  1 : 33
% end

% frame 16
% time 1.7
% start   1.7
% cluster-index, number-of-fibers : name-of-fibers
1  10 : 1 39 41 44 46 47 52 53 63 70
2  1 : 2
3  1 : 3
4  1 : 4
5  1 : 5
6  8 : 6 23 31 35 48 56 66 67
7  1 : 7
8  1 : 8
9  5 : 9 59 64 68 69
10  1 : 10
11  1 : 11
12  1 : 12
13  2 : 13 65
14  1 : 14
15  1 : 15
16  1 : 16
17  3 : 17 36 38
18  4 : 18 32 43 49
19  1 : 19
20  1 : 20
21  1 : 21
22  1 : 22
24  11 : 24 34 37 45 50 51 54 57 60 61 71
25  3 : 25 40 58
26  1 : 26
27  2 : 27 42
28  3 : 28 55 62
29  1 : 29
30  1 : 30
33  1 : 33
% end

% frame 17
% time 1.8
% start   1.8
% cluster-index, number-of-fibers : name-of-fibers
1  10 : 1 39 41 44 46 47 52 53 63 70
2  1 : 2
3  1 : 3
4  1 : 4
5  1 : 5
6  8 : 6 23 31 35 48 56 66 67
7  1 : 7
8  1 : 8
9  5 : 9 59 64 68 69
10  1 : 10
11  1 : 11
12  1 : 12
13  2 : 13 65
14  1 : 14
15  1 : 15
16  1 : 16
17  3 : 17 36 38
18  4 : 18 32 43 49
19  1 : 19
20  1 : 20
21  1 : 21
22  1 : 22
24  11 : 24 34 37 45 50 51 54 57 60 61 71
25  3 : 25 40 58
26  1 : 26
27  2 : 27 42
28  3 : 28 55 62
29  1 : 29
30  1 : 30
33  2 : 33 72
% end

% frame 18
% time 1.9
% start   1.9
% cluster-index, number-of-fibers : name-of-fibers
1  11 : 1 39 41 44 46 47 52 53 63 70 76
2  1 : 2
3  1 : 3
4  1 : 4
5  2 : 5 75
6  8 : 6 23 31 35 48 56 66 67
7  1 : 7
8  1 : 8
9  6 : 9 59 64 68 69 73
10  1 : 10
11  1 : 11
12  1 : 12
13  2 : 13 65
14  1 : 14
15  1 : 15
16  1 : 16
17  3 : 17 36 38
18  4 : 18 32 43 49
19  1 : 19
20  1 : 20
21  1 : 21
22  1 : 22
24  12 : 24 34 37 45 50 51 54 57 60 61 71 74
25  3 : 25 40 58
26  1 : 26
27  2 : 27 42
28  3 : 28 55 62
29  1 : 29
30  1 : 30
33  2 : 33 72
% end

% frame 19
% time 2
% start   2
% cluster-index, number-of-fibers : name-of-fibers
1  11 : 1 39 41 44 46 47 52 53 63 70 76
2  1 : 2
3  1 : 3
4  1 : 4
5  2 : 5 75
6  8 : 6 23 31 35 48 56 66 67
7  1 : 7
8  1 : 8
9  6 : 9 59 64 68 69 73
10  1 : 10
11  1 : 11
12  1 : 12
13  2 : 13 65
14  1 : 14
15  1 : 15
16  1 : 16
17  3 : 17 36 38
18  4 : 18 32 43 49
19  1 : 19
20  1 : 20
21  1 : 21
22  1 : 22
24  14 : 24 34 37 45 50 51 54 57 60 61 71 74 77 79
25  3 : 25 40 58
26  1 : 26
27  2 : 27 42
28  3 : 28 55 62
29  1 : 29
30  1 : 30
33  2 : 33 72
% end

% frame 20
% time 2.1
% start   2.1
% cluster-index, number-of-fibers : name-of-fibers
1  11 : 1 39 41 44 46 47 52 53 63 70 76
2  1 : 2
3  1 : 3
4  1 : 4
5  2 : 5 75
6  8 : 6 23 31 35 48 56 66 67
7  1 : 7
8  1 : 8
9  6 : 9 59 64 68 69 73
10  1 : 10
11  1 : 11
12  1 : 12
13  2 : 13 65
14  1 : 14
15  1 : 15
16  1 : 16
17  3 : 17 36 38
18  4 : 18 32 43 49
19  1 : 19
20  1 : 20
21  1 : 21
22  1 : 22
24  16 : 24 34 37 45 50 51 54 57 60 61 71 74 77 79 80 81
25  3 : 25 40 58
26  1 : 26
27  2 : 27 42
28  3 : 28 55 62
29  1 : 29
30  1 : 30
33  2 : 33 72
% end

% frame 21
% time 2.2
% start   2.2
% cluster-index, number-of-fibers : name-of-fibers
1  11 : 1 39 41 44 46 47 52 53 63 70 76
2  1 : 2
3  1 : 3
4  1 : 4
5  2 : 5 75
6  8 : 6 23 31 35 48 56 66 67
7  1 : 7
8  1 : 8
9  6 : 9 59 64 68 69 73
10  1 : 10
11  1 : 11
12  1 : 12
13  2 : 13 65
14  1 : 14
15  1 : 15
16  1 : 16
17  3 : 17 36 38
18  4 : 18 32 43 49
19  1 : 19
20  1 : 20
21  1 : 21
22  1 : 22
24  17 : 24 34 37 45 50 51 54 57 60 61 71 74 77 79 80 81 82
25  3 : 25 40 58
26  1 : 26
27  2 : 27 42
28  3 : 28 55 62
29  1 : 29
30  1 : 30
33  2 : 33 72
% end

% frame 22
% time 2.3
% start   2.3
% cluster-index, number-of-fibers : name-of-fibers
1  12 : 1 39 41 44 46 47 52 53 63 70 76 83
2  1 : 2
3  1 : 3
4  1 : 4
5  2 : 5 75
6  8 : 6 23 31 35 48 56 66 67
7  1 : 7
8  1 : 8
9  6 : 9 59 64 68 69 73
10  1 : 10
11  1 : 11
12  1 : 12
13  2 : 13 65
14  1 : 14
15  1 : 15
16  1 : 16
17  4 : 17 36 38 84
18  4 : 18 32 43 49
19  1 : 19
20  1 : 20
21  1 : 21
22  1 : 22
24  17 : 24 34 37 45 50 51 54 57 60 61 71 74 77 79 80 81 82
25  3 : 25 40 58
26  1 : 26
27  2 : 27 42
28  3 : 28 55 62
29  1 : 29
30  1 : 30
33  2 : 33 72
% end

% frame 23
% time 2.4
% start   2.4
% cluster-index, number-of-fibers : name-of-fibers
1  13 : 1 39 41 44 46 47 52 53 63 70 76 83 87
2  1 : 2
3  1 : 3
4  1 : 4
5  2 : 5 75
6  8 : 6 23 31 35 48 56 66 67
7  1 : 7
8  1 : 8
9  6 : 9 59 64 68 69 73
10  1 : 10
11  1 : 11
12  1 : 12
13  2 : 13 65
14  1 : 14
15  1 : 15
16  1 : 16
17  4 : 17 36 38 84
18  4 : 18 32 43 49
19  1 : 19
20  1 : 20
21  1 : 21
22  1 : 22
24  21 : 24 34 37 45 50 51 54 57 60 61 71 74 77 79 80 81 82 85 86 88 89
25  3 : 25 40 58
26  1 : 26
27  2 : 27 42
28  3 : 28 55 62
29  1 : 29
30  1 : 30
33  2 : 33 72
% end

% frame 24
% time 2.5
% start   2.5
% cluster-index, number-of-fibers : name-of-fibers
1  14 : 1 39 41 44 46 47 52 53 63 70 76 83 87 93
2  1 : 2
3  1 : 3
4  1 : 4
5  2 : 5 75
6  9 : 6 23 31 35 48 56 66 67 94
7  1 : 7
8  1 : 8
9  6 : 9 59 64 68 69 73
10  1 : 10
11  1 : 11
12  1 : 12
13  2 : 13 65
14  1 : 14
15  1 : 15
16  1 : 16
17  4 : 17 36 38 84
18  4 : 18 32 43 49
19  1 : 19
20  1 : 20
21  1 : 21
22  1 : 22
24  24 : 24 34 37 45 50 51 54 57 60 61 71 74 77 79 80 81 82 85 86 88 89 90 91 92
25  3 : 25 40 58
26  1 : 26
27  2 : 27 42
28  3 : 28 55 62
29  1 : 29
30  1 : 30
33  2 : 33 72
% end

% frame 25
% time 2.6
% start   2.6
% cluster-index, number-of-fibers : name-of-fibers
1  14 : 1 39 41 44 46 47 52 53 63 70 76 83 87 93
2  1 : 2
3  1 : 3
4  1 : 4
5  2 : 5 75
6  9 : 6 23 31 35 48 56 66 67 94
7  1 : 7
8  1 : 8
9  6 : 9 59 64 68 69 73
10  1 : 10
11  1 : 11
12  1 : 12
13  2 : 13 65
14  1 : 14
15  1 : 15
16  1 : 16
17  4 : 17 36 38 84
18  4 : 18 32 43 49
19  1 : 19
20  1 : 20
21  1 : 21
22  1 : 22
24  28 : 24 34 37 45 50 51 54 57 60 61 71 74 77 79 80 81 82 85 86 88 89 90 91 92 95 96 97 98
25  3 : 25 40 58
26  1 : 26
27  2 : 27 42
28  3 : 28 55 62
29  1 : 29
30  1 : 30
33  2 : 33 72
% end

% frame 26
% time 2.7
% start   2.7
% cluster-index, number-of-fibers : name-of-fibers
1  14 : 1 39 41 44 46 47 52 53 63 70 76 83 87 93
2  1 : 2
3  1 : 3
4  1 : 4
5  2 : 5 75
6  9 : 6 23 31 35 48 56 66 67 94
7  1 : 7
8  1 : 8
9  7 : 9 59 64 68 69 73 99
10  1 : 10
11  1 : 11
12  1 : 12
13  2 : 13 65
14  1 : 14
15  1 : 15
16  1 : 16
17  4 : 17 36 38 84
18  4 : 18 32 43 49
19  1 : 19
20  1 : 20
21  1 : 21
22  1 : 22
24  31 : 24 34 37 45 50 51 54 57 60 61 71 74 77 79 80 81 82 85 86 88 89 90 91 92 95 96 97 98 100 101 102
25  3 : 25 40 58
26  1 : 26
27  2 : 27 42
28  3 : 28 55 62
29  1 : 29
30  1 : 30
33  2 : 33 72
% end

% frame 27
% time 2.8
% start   2.8
% cluster-index, number-of-fibers : name-of-fibers
1  15 : 1 39 41 44 46 47 52 53 63 70 76 83 87 93 107
2  1 : 2
3  1 : 3
4  1 : 4
5  3 : 5 75 106
6  9 : 6 23 31 35 48 56 66 67 94
7  1 : 7
8  1 : 8
9  8 : 9 59 64 68 69 73 99 103
10  1 : 10
11  1 : 11
12  1 : 12
13  2 : 13 65
14  1 : 14
15  1 : 15
16  1 : 16
17  4 : 17 36 38 84
18  4 : 18 32 43 49
19  1 : 19
20  1 : 20
21  1 : 21
22  1 : 22
24  34 : 24 34 37 45 50 51 54 57 60 61 71 74 77 79 80 81 82 85 86 88 89 90 91 92 95 96 97 98 100 101 102 104 105 108
25  3 : 25 40 58
26  1 : 26
27  2 : 27 42
28  3 : 28 55 62
29  1 : 29
30  1 : 30
33  2 : 33 72
% end

% frame 28
% time 2.9
% start   2.9
% cluster-index, number-of-fibers : name-of-fibers
1  15 : 1 39 41 44 46 47 52 53 63 70 76 83 87 93 107
2  1 : 2
3  1 : 3
4  1 : 4
5  3 : 5 75 106
6  9 : 6 23 31 35 48 56 66 67 94
7  1 : 7
8  1 : 8
9  8 : 9 59 64 68 69 73 99 103
10  1 : 10
11  1 : 11
12  1 : 12
13  2 : 13 65
14  1 : 14
15  1 : 15
16  1 : 16
17  4 : 17 36 38 84
18  4 : 18 32 43 49
19  1 : 19
20  1 : 20
21  1 : 21
22  1 : 22
24  35 : 24 34 37 45 50 51 54 57 60 61 71 74 77 79 80 81 82 85 86 88 89 90 91 92 95 96 97 98 100 101 102 104 105 108 109
25  3 : 25 40 58
26  1 : 26
27  2 : 27 42
28  3 : 28 55 62
29  1 : 29
30  1 : 30
33  2 : 33 72
% end

% frame 29
% time 3
% start   3
% cluster-index, number-of-fibers : name-of-fibers
1  15 : 1 39 41 44 46 47 52 53 63 70 76 83 87 93 107
2  1 : 2
3  1 : 3
4  1 : 4
5  3 : 5 75 106
6  9 : 6 23 31 35 48 56 66 67 94
7  1 : 7
8  1 : 8
9  8 : 9 59 64 68 69 73 99 103
10  1 : 10
11  1 : 11
12  1 : 12
13  2 : 13 65
14  1 : 14
15  1 : 15
16  1 : 16
17  4 : 17 36 38 84
18  4 : 18 32 43 49
19  1 : 19
20  1 : 20
21  1 : 21
22  1 : 22
24  36 : 24 34 37 45 50 51 54 57 60 61 71 74 77 79 80 81 82 85 86 88 89 90 91 92 95 96 97 98 100 101 102 104 105 108 109 110
25  3 : 25 40 58
26  1 : 26
27  2 : 27 42
28  3 : 28 55 62
29  1 : 29
30  1 : 30
33  2 : 33 72
% end

% frame 30
% time 3.1
% start   3.1
% cluster-index, number-of-fibers : name-of-fibers
1  16 : 1 39 41 44 46 47 52 53 63 70 76 83 87 93 107 113
2  1 : 2
3  1 : 3
4  1 : 4
5  3 : 5 75 106
6  9 : 6 23 31 35 48 56 66 67 94
7  1 : 7
8  1 : 8
9  8 : 9 59 64 68 69 73 99 103
10  1 : 10
11  1 : 11
12  1 : 12
13  2 : 13 65
14  1 : 14
15  1 : 15
16  1 : 16
17  4 : 17 36 38 84
18  4 : 18 32 43 49
19  1 : 19
20  1 : 20
21  1 : 21
22  1 : 22
24  38 : 24 34 37 45 50 51 54 57 60 61 71 74 77 79 80 81 82 85 86 88 89 90 91 92 95 96 97 98 100 101 102 104 105 108 109 110 111 112
25  3 : 25 40 58
26  1 : 26
27  2 : 27 42
28  3 : 28 55 62
29  1 : 29
30  1 : 30
33  2 : 33 72
% end

% frame 31
% time 3.2
% start   3.2
% cluster-index, number-of-fibers : name-of-fibers
1  16 : 1 39 41 44 46 47 52 53 63 70 76 83 87 93 107 113
2  1 : 2
3  1 : 3
4  1 : 4
5  3 : 5 75 106
6  9 : 6 23 31 35 48 56 66 67 94
7  1 : 7
8  1 : 8
9  8 : 9 59 64 68 69 73 99 103
10  1 : 10
11  1 : 11
12  1 : 12
13  2 : 13 65
14  1 : 14
15  1 : 15
16  1 : 16
17  4 : 17 36 38 84
18  4 : 18 32 43 49
19  1 : 19
20  1 : 20
21  1 : 21
22  1 : 22
24  42 : 24 34 37 45 50 51 54 57 60 61 71 74 77 79 80 81 82 85 86 88 89 90 91 92 95 96 97 98 100 101 102 104 105 108 109 110 111 112 114 115 116 117
25  3 : 25 40 58
26  1 : 26
27  2 : 27 42
28  3 : 28 55 62
29  1 : 29
30  1 : 30
33  2 : 33 72
% end

% frame 32
% time 3.3
% start   3.3
% cluster-index, number-of-fibers : name-of-fibers
1  16 : 1 39 41 44 46 47 52 53 63 70 76 83 87 93 107 113
2  1 : 2
3  1 : 3
4  1 : 4
5  3 : 5 75 106
6  9 : 6 23 31 35 48 56 66 67 94
7  1 : 7
8  1 : 8
9  8 : 9 59 64 68 69 73 99 103
10  1 : 10
11  1 : 11
12  1 : 12
13  2 : 13 65
14  1 : 14
15  1 : 15
16  1 : 16
17  4 : 17 36 38 84
18  4 : 18 32 43 49
19  1 : 19
20  1 : 20
21  1 : 21
22  1 : 22
24  46 : 24 34 37 45 50 51 54 57 60 61 71 74 77 79 80 81 82 85 86 88 89 90 91 92 95 96 97 98 100 101 102 104 105 108 109 110 111 112 114 115 116 117 119 120 121 122
25  4 : 25 40 58 118
26  1 : 26
27  2 : 27 42
28  3 : 28 55 62
29  1 : 29
30  1 : 30
33  2 : 33 72
% end

% frame 33
% time 3.4
% start   3.4
% cluster-index, number-of-fibers : name-of-fibers
1  17 : 1 39 41 44 46 47 52 53 63 70 76 83 87 93 107 113 124
2  1 : 2
3  1 : 3
4  1 : 4
5  3 : 5 75 106
6  9 : 6 23 31 35 48 56 66 67 94
7  1 : 7
8  1 : 8
9  8 : 9 59 64 68 69 73 99 103
10  1 : 10
11  1 : 11
12  1 : 12
13  2 : 13 65
14  1 : 14
15  1 : 15
16  1 : 16
17  4 : 17 36 38 84
18  4 : 18 32 43 49
19  1 : 19
20  1 : 20
21  1 : 21
22  1 : 22
24  47 : 24 34 37 45 50 51 54 57 60 61 71 74 77 79 80 81 82 85 86 88 89 90 91 92 95 96 97 98 100 101 102 104 105 108 109 110 111 112 114 115 116 117 119 120 121 122 123
25  4 : 25 40 58 118
26  1 : 26
27  2 : 27 42
28  3 : 28 55 62
29  1 : 29
30  1 : 30
33  2 : 33 72
% end

% frame 34
% time 3.5
% start   3.5
% cluster-index, number-of-fibers : name-of-fibers
1  17 : 1 39 41 44 46 47 52 53 63 70 76 83 87 93 107 113 124
2  1 : 2
3  1 : 3
4  1 : 4
5  4 : 5 75 106 125
6  9 : 6 23 31 35 48 56 66 67 94
7  1 : 7
8  1 : 8
9  8 : 9 59 64 68 69 73 99 103
10  1 : 10
11  1 : 11
12  1 : 12
13  2 : 13 65
14  1 : 14
15  1 : 15
16  1 : 16
17  4 : 17 36 38 84
18  4 : 18 32 43 49
19  1 : 19
20  1 : 20
21  1 : 21
22  1 : 22
24  47 : 24 34 37 45 50 51 54 57 60 61 71 74 77 79 80 81 82 85 86 88 89 90 91 92 95 96 97 98 100 101 102 104 105 108 109 110 111 112 114 115 116 117 119 120 121 122 123
25  4 : 25 40 58 118
26  1 : 26
27  2 : 27 42
28  3 : 28 55 62
29  1 : 29
30  1 : 30
33  2 : 33 72
% end

% frame 35
% time 3.6
% start   3.6
% cluster-index, number-of-fibers : name-of-fibers
1  17 : 1 39 41 44 46 47 52 53 63 70 76 83 87 93 107 113 124
2  1 : 2
3  1 : 3
4  1 : 4
5  4 : 5 75 106 125
6  9 : 6 23 31 35 48 56 66 67 94
7  1 : 7
8  1 : 8
9  8 : 9 59 64 68 69 73 99 103
10  1 : 10
11  1 : 11
12  1 : 12
13  2 : 13 65
14  1 : 14
15  1 : 15
16  1 : 16
17  4 : 17 36 38 84
18  4 : 18 32 43 49
19  1 : 19
20  1 : 20
21  1 : 21
22  1 : 22
24  48 : 24 34 37 45 50 51 54 57 60 61 71 74 77 79 80 81 82 85 86 88 89 90 91 92 95 96 97 98 100 101 102 104 105 108 109 110 111 112 114 115 116 117 119 120 121 122 123 126
25  4 : 25 40 58 118
26  1 : 26
27  2 : 27 42
28  3 : 28 55 62
29  1 : 29
30  1 : 30
33  2 : 33 72
% end

% frame 36
% time 3.7
% start   3.7
% cluster-index, number-of-fibers : name-of-fibers
1  17 : 1 39 41 44 46 47 52 53 63 70 76 83 87 93 107 113 124
2  1 : 2
3  1 : 3
4  1 : 4
5  5 : 5 75 106 125 127
6  9 : 6 23 31 35 48 56 66 67 94
7  1 : 7
8  1 : 8
9  8 : 9 59 64 68 69 73 99 103
10  1 : 10
11  1 : 11
12  1 : 12
13  2 : 13 65
14  1 : 14
15  1 : 15
16  1 : 16
17  4 : 17 36 38 84
18  4 : 18 32 43 49
19  1 : 19
20  1 : 20
21  1 : 21
22  1 : 22
24  50 : 24 34 37 45 50 51 54 57 60 61 71 74 77 79 80 81 82 85 86 88 89 90 91 92 95 96 97 98 100 101 102 104 105 108 109 110 111 112 114 115 116 117 119 120 121 122 123 126 128 129
25  4 : 25 40 58 118
26  1 : 26
27  2 : 27 42
28  3 : 28 55 62
29  1 : 29
30  1 : 30
33  2 : 33 72
% end

% frame 37
% time 3.8
% start   3.8
% cluster-index, number-of-fibers : name-of-fibers
1  17 : 1 39 41 44 46 47 52 53 63 70 76 83 87 93 107 113 124
2  1 : 2
3  1 : 3
4  1 : 4
5  7 : 5 75 106 125 127 132 134
6  9 : 6 23 31 35 48 56 66 67 94
7  1 : 7
8  1 : 8
9  8 : 9 59 64 68 69 73 99 103
10  1 : 10
11  1 : 11
12  1 : 12
13  2 : 13 65
14  1 : 14
15  1 : 15
16  1 : 16
17  4 : 17 36 38 84
18  4 : 18 32 43 49
19  1 : 19
20  1 : 20
21  1 : 21
22  1 : 22
24  54 : 24 34 37 45 50 51 54 57 60 61 71 74 77 79 80 81 82 85 86 88 89 90 91 92 95 96 97 98 100 101 102 104 105 108 109 110 111 112 114 115 116 117 119 120 121 122 123 126 128 129 130 131 133 136
25  4 : 25 40 58 118
26  1 : 26
27  2 : 27 42
28  3 : 28 55 62
29  1 : 29
30  1 : 30
33  2 : 33 72
% end

% frame 38
% time 3.9
% start   3.9
% cluster-index, number-of-fibers : name-of-fibers
1  17 : 1 39 41 44 46 47 52 53 63 70 76 83 87 93 107 113 124
2  1 : 2
3  1 : 3
4  1 : 4
5  9 : 5 75 106 125 127 132 134 139 140
6  9 : 6 23 31 35 48 56 66 67 94
7  1 : 7
8  1 : 8
9  9 : 9 59 64 68 69 73 99 103 137
10  1 : 10
11  1 : 11
12  1 : 12
13  2 : 13 65
14  1 : 14
15  1 : 15
16  1 : 16
17  4 : 17 36 38 84
18  4 : 18 32 43 49
19  1 : 19
20  1 : 20
21  1 : 21
22  1 : 22
24  55 : 24 34 37 45 50 51 54 57 60 61 71 74 77 79 80 81 82 85 86 88 89 90 91 92 95 96 97 98 100 101 102 104 105 108 109 110 111 112 114 115 116 117 119 120 121 122 123 126 128 129 130 131 133 136 138
25  4 : 25 40 58 118
26  1 : 26
27  2 : 27 42
28  3 : 28 55 62
29  1 : 29
30  1 : 30
33  2 : 33 72
% end

% frame 39
% time 4
% start   4
% cluster-index, number-of-fibers : name-of-fibers
1  18 : 1 39 41 44 46 47 52 53 63 70 76 83 87 93 107 113 124 143
2  1 : 2
3  1 : 3
4  1 : 4
5  9 : 5 75 106 125 127 132 134 139 140
6  9 : 6 23 31 35 48 56 66 67 94
7  1 : 7
8  1 : 8
9  10 : 9 59 64 68 69 73 99 103 137 141
10  1 : 10
11  1 : 11
12  1 : 12
13  2 : 13 65
14  1 : 14
15  1 : 15
16  1 : 16
17  4 : 17 36 38 84
18  4 : 18 32 43 49
19  1 : 19
20  1 : 20
21  1 : 21
22  1 : 22
24  56 : 24 34 37 45 50 51 54 57 60 61 71 74 77 79 80 81 82 85 86 88 89 90 91 92 95 96 97 98 100 101 102 104 105 108 109 110 111 112 114 115 116 117 119 120 121 122 123 126 128 129 130 131 133 136 138 142
25  4 : 25 40 58 118
26  1 : 26
27  2 : 27 42
28  3 : 28 55 62
29  1 : 29
30  1 : 30
33  2 : 33 72
% end

% frame 40
% time 4.1
% start   4.1
% cluster-index, number-of-fibers : name-of-fibers
1  18 : 1 39 41 44 46 47 52 53 63 70 76 83 87 93 107 113 124 143
2  1 : 2
3  1 : 3
4  1 : 4
5  10 : 5 75 106 125 127 132 134 139 140 148
6  9 : 6 23 31 35 48 56 66 67 94
7  1 : 7
8  1 : 8
9  11 : 9 59 64 68 69 73 99 103 137 141 146
10  1 : 10
11  1 : 11
12  1 : 12
13  2 : 13 65
14  1 : 14
15  1 : 15
16  1 : 16
17  4 : 17 36 38 84
18  4 : 18 32 43 49
19  1 : 19
20  1 : 20
21  1 : 21
22  1 : 22
24  59 : 24 34 37 45 50 51 54 57 60 61 71 74 77 79 80 81 82 85 86 88 89 90 91 92 95 96 97 98 100 101 102 104 105 108 109 110 111 112 114 115 116 117 119 120 121 122 123 126 128 129 130 131 133 136 138 142 144 145 147
25  4 : 25 40 58 118
26  1 : 26
27  2 : 27 42
28  3 : 28 55 62
29  1 : 29
30  1 : 30
33  2 : 33 72
% end

% frame 41
% time 4.2
% start   4.2
% cluster-index, number-of-fibers : name-of-fibers
1  18 : 1 39 41 44 46 47 52 53 63 70 76 83 87 93 107 113 124 143
2  1 : 2
3  1 : 3
4  1 : 4
5  12 : 5 75 106 125 127 132 134 139 140 148 150 154
6  9 : 6 23 31 35 48 56 66 67 94
7  1 : 7
8  1 : 8
9  11 : 9 59 64 68 69 73 99 103 137 141 146
10  1 : 10
11  1 : 11
12  1 : 12
13  2 : 13 65
14  1 : 14
15  1 : 15
16  1 : 16
17  4 : 17 36 38 84
18  4 : 18 32 43 49
19  1 : 19
20  1 : 20
21  1 : 21
22  1 : 22
24  63 : 24 34 37 45 50 51 54 57 60 61 71 74 77 79 80 81 82 85 86 88 89 90 91 92 95 96 97 98 100 101 102 104 105 108 109 110 111 112 114 115 116 117 119 120 121 122 123 126 128 129 130 131 133 136 138 142 144 145 147 149 151 152 153
25  4 : 25 40 58 118
26  1 : 26
27  2 : 27 42
28  3 : 28 55 62
29  1 : 29
30  1 : 30
33  2 : 33 72
% end

% frame 42
% time 4.3
% start   4.3
% cluster-index, number-of-fibers : name-of-fibers
1  18 : 1 39 41 44 46 47 52 53 63 70 76 83 87 93 107 113 124 143
2  1 : 2
3  1 : 3
4  1 : 4
5  12 : 5 75 106 125 127 132 134 139 140 148 150 154
6  9 : 6 23 31 35 48 56 66 67 94
7  1 : 7
8  1 : 8
9  11 : 9 59 64 68 69 73 99 103 137 141 146
10  1 : 10
11  1 : 11
12  1 : 12
13  2 : 13 65
14  1 : 14
15  1 : 15
16  1 : 16
17  4 : 17 36 38 84
18  4 : 18 32 43 49
19  1 : 19
20  1 : 20
21  1 : 21
22  1 : 22
24  63 : 24 34 37 45 50 51 54 57 60 61 71 74 77 79 80 81 82 85 86 88 89 90 91 92 95 96 97 98 100 101 102 104 105 108 109 110 111 112 114 115 116 117 119 120 121 122 123 126 128 129 130 131 133 136 138 142 144 145 147 149 151 152 153
25  4 : 25 40 58 118
26  1 : 26
27  2 : 27 42
28  3 : 28 55 62
29  1 : 29
30  1 : 30
33  2 : 33 72
% end

% frame 43
% time 4.4
% start   4.4
% cluster-index, number-of-fibers : name-of-fibers
1  19 : 1 39 41 44 46 47 52 53 63 70 76 83 87 93 107 113 124 143 159
2  1 : 2
3  1 : 3
4  1 : 4
5  14 : 5 75 106 125 127 132 134 139 140 148 150 154 156 158
6  9 : 6 23 31 35 48 56 66 67 94
7  1 : 7
8  1 : 8
9  12 : 9 59 64 68 69 73 99 103 137 141 146 155
10  1 : 10
11  1 : 11
12  1 : 12
13  2 : 13 65
14  1 : 14
15  1 : 15
16  1 : 16
17  4 : 17 36 38 84
18  4 : 18 32 43 49
19  1 : 19
20  1 : 20
21  1 : 21
22  1 : 22
24  64 : 24 34 37 45 50 51 54 57 60 61 71 74 77 79 80 81 82 85 86 88 89 90 91 92 95 96 97 98 100 101 102 104 105 108 109 110 111 112 114 115 116 117 119 120 121 122 123 126 128 129 130 131 133 136 138 142 144 145 147 149 151 152 153 157
25  4 : 25 40 58 118
26  1 : 26
27  2 : 27 42
28  3 : 28 55 62
29  1 : 29
30  1 : 30
33  2 : 33 72
% end

% frame 44
% time 4.5
% start   4.5
% cluster-index, number-of-fibers : name-of-fibers
1  19 : 1 39 41 44 46 47 52 53 63 70 76 83 87 93 107 113 124 143 159
2  1 : 2
3  1 : 3
4  1 : 4
5  16 : 5 75 106 125 127 132 134 139 140 148 150 154 156 158 161 162
6  9 : 6 23 31 35 48 56 66 67 94
7  1 : 7
8  1 : 8
9  12 : 9 59 64 68 69 73 99 103 137 141 146 155
10  1 : 10
11  1 : 11
12  1 : 12
13  2 : 13 65
14  1 : 14
15  1 : 15
16  1 : 16
17  4 : 17 36 38 84
18  4 : 18 32 43 49
19  1 : 19
20  1 : 20
21  1 : 21
22  1 : 22
24  65 : 24 34 37 45 50 51 54 57 60 61 71 74 77 79 80 81 82 85 86 88 89 90 91 92 95 96 97 98 100 101 102 104 105 108 109 110 111 112 114 115 116 117 119 120 121 122 123 126 128 129 130 131 133 136 138 142 144 145 147 149 151 152 153 157 160
25  4 : 25 40 58 118
26  1 : 26
27  2 : 27 42
28  3 : 28 55 62
29  1 : 29
30  1 : 30
33  2 : 33 72
% end

% frame 45
% time 4.6
% start   4.6
% cluster-index, number-of-fibers : name-of-fibers
1  19 : 1 39 41 44 46 47 52 53 63 70 76 83 87 93 107 113 124 143 159
2  1 : 2
3  1 : 3
4  1 : 4
5  17 : 5 75 106 125 127 132 134 139 140 148 150 154 156 158 161 162 166
6  9 : 6 23 31 35 48 56 66 67 94
7  1 : 7
8  1 : 8
9  13 : 9 59 64 68 69 73 99 103 137 141 146 155 165
10  1 : 10
11  1 : 11
12  1 : 12
13  2 : 13 65
14  1 : 14
15  1 : 15
16  1 : 16
17  4 : 17 36 38 84
18  4 : 18 32 43 49
19  1 : 19
20  1 : 20
21  1 : 21
22  1 : 22
24  67 : 24 34 37 45 50 51 54 57 60 61 71 74 77 79 80 81 82 85 86 88 89 90 91 92 95 96 97 98 100 101 102 104 105 108 109 110 111 112 114 115 116 117 119 120 121 122 123 126 128 129 130 131 133 136 138 142 144 145 147 149 151 152 153 157 160 163 164
25  4 : 25 40 58 118
26  1 : 26
27  2 : 27 42
28  3 : 28 55 62
29  1 : 29
30  1 : 30
33  2 : 33 72
% end

% frame 46
% time 4.7
% start   4.7
% cluster-index, number-of-fibers : name-of-fibers
1  19 : 1 39 41 44 46 47 52 53 63 70 76 83 87 93 107 113 124 143 159
2  1 : 2
3  1 : 3
4  1 : 4
5  18 : 5 75 106 125 127 132 134 139 140 148 150 154 156 158 161 162 166 167
6  9 : 6 23 31 35 48 56 66 67 94
7  1 : 7
8  1 : 8
9  13 : 9 59 64 68 69 73 99 103 137 141 146 155 165
10  1 : 10
11  1 : 11
12  1 : 12
13  2 : 13 65
14  1 : 14
15  1 : 15
16  1 : 16
17  4 : 17 36 38 84
18  4 : 18 32 43 49
19  1 : 19
20  1 : 20
21  1 : 21
22  1 : 22
24  69 : 24 34 37 45 50 51 54 57 60 61 71 74 77 79 80 81 82 85 86 88 89 90 91 92 95 96 97 98 100 101 102 104 105 108 109 110 111 112 114 115 116 117 119 120 121 122 123 126 128 129 130 131 133 136 138 142 144 145 147 149 151 152 153 157 160 163 164 168 169
25  4 : 25 40 58 118
26  1 : 26
27  2 : 27 42
28  3 : 28 55 62
29  1 : 29
30  1 : 30
33  2 : 33 72
% end

% frame 47
% time 4.8
% start   4.8
% cluster-index, number-of-fibers : name-of-fibers
1  19 : 1 39 41 44 46 47 52 53 63 70 76 83 87 93 107 113 124 143 159
2  1 : 2
3  1 : 3
4  1 : 4
5  18 : 5 75 106 125 127 132 134 139 140 148 150 154 156 158 161 162 166 167
6  9 : 6 23 31 35 48 56 66 67 94
7  1 : 7
8  1 : 8
9  13 : 9 59 64 68 69 73 99 103 137 141 146 155 165
10  1 : 10
11  1 : 11
12  1 : 12
13  2 : 13 65
14  1 : 14
15  1 : 15
16  1 : 16
17  4 : 17 36 38 84
18  4 : 18 32 43 49
19  1 : 19
20  1 : 20
21  1 : 21
22  1 : 22
24  69 : 24 34 37 45 50 51 54 57 60 61 71 74 77 79 80 81 82 85 86 88 89 90 91 92 95 96 97 98 100 101 102 104 105 108 109 110 111 112 114 115 116 117 119 120 121 122 123 126 128 129 130 131 133 136 138 142 144 145 147 149 151 152 153 157 160 163 164 168 169
25  4 : 25 40 58 118
26  1 : 26
27  2 : 27 42
28  3 : 28 55 62
29  1 : 29
30  1 : 30
33  2 : 33 72
% end

% frame 48
% time 4.9
% start   4.9
% cluster-index, number-of-fibers : name-of-fibers
1  19 : 1 39 41 44 46 47 52 53 63 70 76 83 87 93 107 113 124 143 159
2  1 : 2
3  1 : 3
4  1 : 4
5  18 : 5 75 106 125 127 132 134 139 140 148 150 154 156 158 161 162 166 167
6  10 : 6 23 31 35 48 56 66 67 94 171
7  1 : 7
8  1 : 8
9  13 : 9 59 64 68 69 73 99 103 137 141 146 155 165
10  1 : 10
11  1 : 11
12  1 : 12
13  2 : 13 65
14  1 : 14
15  1 : 15
16  1 : 16
17  4 : 17 36 38 84
18  4 : 18 32 43 49
19  1 : 19
20  1 : 20
21  1 : 21
22  1 : 22
24  70 : 24 34 37 45 50 51 54 57 60 61 71 74 77 79 80 81 82 85 86 88 89 90 91 92 95 96 97 98 100 101 102 104 105 108 109 110 111 112 114 115 116 117 119 120 121 122 123 126 128 129 130 131 133 136 138 142 144 145 147 149 151 152 153 157 160 163 164 168 169 170
25  4 : 25 40 58 118
26  1 : 26
27  2 : 27 42
28  3 : 28 55 62
29  1 : 29
30  1 : 30
33  2 : 33 72
% end

% frame 49
% time 5
% start   5
% cluster-index, number-of-fibers : name-of-fibers
1  19 : 1 39 41 44 46 47 52 53 63 70 76 83 87 93 107 113 124 143 159
2  1 : 2
3  1 : 3
4  1 : 4
5  20 : 5 75 106 125 127 132 134 139 140 148 150 154 156 158 161 162 166 167 172 174
6  10 : 6 23 31 35 48 56 66 67 94 171
7  1 : 7
8  1 : 8
9  13 : 9 59 64 68 69 73 99 103 137 141 146 155 165
10  1 : 10
11  1 : 11
12  1 : 12
13  2 : 13 65
14  1 : 14
15  1 : 15
16  1 : 16
17  4 : 17 36 38 84
18  4 : 18 32 43 49
19  1 : 19
20  1 : 20
21  1 : 21
22  1 : 22
24  71 : 24 34 37 45 50 51 54 57 60 61 71 74 77 79 80 81 82 85 86 88 89 90 91 92 95 96 97 98 100 101 102 104 105 108 109 110 111 112 114 115 116 117 119 120 121 122 123 126 128 129 130 131 133 136 138 142 144 145 147 149 151 152 153 157 160 163 164 168 169 170 173
25  4 : 25 40 58 118
26  1 : 26
27  2 : 27 42
28  3 : 28 55 62
29  1 : 29
30  1 : 30
33  2 : 33 72
% end

% frame 50
% time 5.1
% start   5.1
% cluster-index, number-of-fibers : name-of-fibers
1  19 : 1 39 41 44 46 47 52 53 63 70 76 83 87 93 107 113 124 143 159
2  1 : 2
3  1 : 3
4  1 : 4
5  22 : 5 75 106 125 127 132 134 139 140 148 150 154 156 158 161 162 166 167 172 174 175 176
6  10 : 6 23 31 35 48 56 66 67 94 171
7  1 : 7
8  1 : 8
9  13 : 9 59 64 68 69 73 99 103 137 141 146 155 165
10  1 : 10
11  1 : 11
12  1 : 12
13  2 : 13 65
14  1 : 14
15  1 : 15
16  1 : 16
17  4 : 17 36 38 84
18  4 : 18 32 43 49
19  1 : 19
20  1 : 20
21  1 : 21
22  1 : 22
24  71 : 24 34 37 45 50 51 54 57 60 61 71 74 77 79 80 81 82 85 86 88 89 90 91 92 95 96 97 98 100 101 102 104 105 108 109 110 111 112 114 115 116 117 119 120 121 122 123 126 128 129 130 131 133 136 138 142 144 145 147 149 151 152 153 157 160 163 164 168 169 170 173
25  4 : 25 40 58 118
26  1 : 26
27  2 : 27 42
28  3 : 28 55 62
29  1 : 29
30  1 : 30
33  2 : 33 72
% end

% frame 51
% time 5.2
% start   5.2
% cluster-index, number-of-fibers : name-of-fibers
1  19 : 1 39 41 44 46 47 52 53 63 70 76 83 87 93 107 113 124 143 159
2  1 : 2
3  1 : 3
4  1 : 4
5  23 : 5 75 106 125 127 132 134 139 140 148 150 154 156 158 161 162 166 167 172 174 175 176 177
6  10 : 6 23 31 35 48 56 66 67 94 171
7  1 : 7
8  1 : 8
9  13 : 9 59 64 68 69 73 99 103 137 141 146 155 165
10  1 : 10
11  1 : 11
12  1 : 12
13  2 : 13 65
14  1 : 14
15  1 : 15
16  1 : 16
17  4 : 17 36 38 84
18  4 : 18 32 43 49
19  1 : 19
20  1 : 20
21  1 : 21
22  1 : 22
24  72 : 24 34 37 45 50 51 54 57 60 61 71 74 77 79 80 81 82 85 86 88 89 90 91 92 95 96 97 98 100 101 102 104 105 108 109 110 111 112 114 115 116 117 119 120 121 122 123 126 128 129 130 131 133 136 138 142 144 145 147 149 151 152 153 157 160 163 164 168 169 170 173 178
25  4 : 25 40 58 118
26  1 : 26
27  2 : 27 42
28  3 : 28 55 62
29  1 : 29
30  1 : 30
33  2 : 33 72
% end

% frame 52
% time 5.3
% start   5.3
% cluster-index, number-of-fibers : name-of-fibers
1  16 : 1 39 41 44 46 47 53 63 70 76 87 93 107 124 143 159
2  1 : 2
3  1 : 3
4  1 : 4
5  24 : 5 75 106 125 127 132 134 139 140 148 150 154 156 158 161 162 166 167 172 174 175 176 177 179
6  10 : 6 23 31 35 48 56 66 67 94 171
7  1 : 7
8  1 : 8
9  13 : 9 59 64 68 69 73 99 103 137 141 146 155 165
10  1 : 10
11  1 : 11
12  1 : 12
13  2 : 13 65
14  1 : 14
15  1 : 15
16  1 : 16
17  4 : 17 36 38 84
18  4 : 18 32 43 49
19  1 : 19
20  1 : 20
21  1 : 21
22  1 : 22
24  72 : 24 34 37 45 50 51 54 57 60 61 71 74 77 79 80 81 82 85 86 88 89 90 91 92 95 96 97 98 100 101 102 104 105 108 109 110 111 112 114 115 116 117 119 120 121 122 123 126 128 129 130 131 133 136 138 142 144 145 147 149 151 152 153 157 160 163 164 168 169 170 173 178
25  4 : 25 40 58 118
26  1 : 26
27  2 : 27 42
28  3 : 28 55 62
29  1 : 29
30  1 : 30
33  2 : 33 72
52  3 : 52 83 113
% end

% frame 53
% time 5.4
% start   5.4
% cluster-index, number-of-fibers : name-of-fibers
1  18 : 1 39 41 44 46 47 53 63 70 76 87 93 107 124 143 159 182 183
2  1 : 2
3  1 : 3
4  1 : 4
5  26 : 5 75 106 125 127 132 134 139 140 148 150 154 156 158 161 162 166 167 172 174 175 176 177 179 180 181
6  10 : 6 23 31 35 48 56 66 67 94 171
7  1 : 7
8  1 : 8
9  13 : 9 59 64 68 69 73 99 103 137 141 146 155 165
10  1 : 10
11  1 : 11
12  1 : 12
13  2 : 13 65
14  1 : 14
15  1 : 15
16  1 : 16
17  4 : 17 36 38 84
18  4 : 18 32 43 49
19  1 : 19
20  1 : 20
21  1 : 21
22  1 : 22
24  72 : 24 34 37 45 50 51 54 57 60 61 71 74 77 79 80 81 82 85 86 88 89 90 91 92 95 96 97 98 100 101 102 104 105 108 109 110 111 112 114 115 116 117 119 120 121 122 123 126 128 129 130 131 133 136 138 142 144 145 147 149 151 152 153 157 160 163 164 168 169 170 173 178
25  4 : 25 40 58 118
26  1 : 26
27  2 : 27 42
28  3 : 28 55 62
29  1 : 29
30  1 : 30
33  2 : 33 72
52  3 : 52 83 113
% end

% frame 54
% time 5.5
% start   5.5
% cluster-index, number-of-fibers : name-of-fibers
1  18 : 1 39 41 44 46 47 53 63 70 76 87 93 107 124 143 159 182 183
2  1 : 2
3  1 : 3
4  1 : 4
5  26 : 5 75 106 125 127 132 134 139 140 148 150 154 156 158 161 162 166 167 172 174 175 176 177 179 180 181
6  10 : 6 23 31 35 48 56 66 67 94 171
7  1 : 7
8  1 : 8
9  13 : 9 59 64 68 69 73 99 103 137 141 146 155 165
10  1 : 10
11  1 : 11
12  1 : 12
13  2 : 13 65
14  1 : 14
15  1 : 15
16  1 : 16
17  4 : 17 36 38 84
18  4 : 18 32 43 49
19  1 : 19
20  1 : 20
21  1 : 21
22  1 : 22
24  72 : 24 34 37 45 50 51 54 57 60 61 71 74 77 79 80 81 82 85 86 88 89 90 91 92 95 96 97 98 100 101 102 104 105 108 109 110 111 112 114 115 116 117 119 120 121 122 123 126 128 129 130 131 133 136 138 142 144 145 147 149 151 152 153 157 160 163 164 168 169 170 173 178
25  4 : 25 40 58 118
26  1 : 26
27  2 : 27 42
28  3 : 28 55 62
29  1 : 29
30  1 : 30
33  2 : 33 72
52  3 : 52 83 113
% end

% frame 55
% time 5.6
% start   5.6
% cluster-index, number-of-fibers : name-of-fibers
1  19 : 1 39 41 44 46 47 53 63 70 76 87 93 107 124 143 159 182 183 185
2  1 : 2
3  1 : 3
4  1 : 4
5  27 : 5 75 106 125 127 132 134 139 140 148 150 154 156 158 161 162 166 167 172 174 175 176 177 179 180 181 184
6  10 : 6 23 31 35 48 56 66 67 94 171
7  1 : 7
8  1 : 8
9  13 : 9 59 64 68 69 73 99 103 137 141 146 155 165
10  1 : 10
11  1 : 11
12  1 : 12
13  2 : 13 65
14  1 : 14
15  1 : 15
16  1 : 16
17  4 : 17 36 38 84
18  4 : 18 32 43 49
19  1 : 19
20  1 : 20
21  1 : 21
22  1 : 22
24  72 : 24 34 37 45 50 51 54 57 60 61 71 74 77 79 80 81 82 85 86 88 89 90 91 92 95 96 97 98 100 101 102 104 105 108 109 110 111 112 114 115 116 117 119 120 121 122 123 126 128 129 130 131 133 136 138 142 144 145 147 149 151 152 153 157 160 163 164 168 169 170 173 178
25  4 : 25 40 58 118
26  1 : 26
27  2 : 27 42
28  3 : 28 55 62
29  1 : 29
30  1 : 30
33  2 : 33 72
52  3 : 52 83 113
% end

% frame 56
% time 5.7
% start   5.7
% cluster-index, number-of-fibers : name-of-fibers
1  19 : 1 39 41 44 46 47 53 63 70 76 87 93 107 124 143 159 182 183 185
2  1 : 2
3  1 : 3
4  1 : 4
5  27 : 5 75 106 125 127 132 134 139 140 148 150 154 156 158 161 162 166 167 172 174 175 176 177 179 180 181 184
6  10 : 6 23 31 35 48 56 66 67 94 171
7  1 : 7
8  1 : 8
9  13 : 9 59 64 68 69 73 99 103 137 141 146 155 165
10  1 : 10
11  1 : 11
12  1 : 12
13  2 : 13 65
14  1 : 14
15  1 : 15
16  1 : 16
17  4 : 17 36 38 84
18  4 : 18 32 43 49
19  1 : 19
20  1 : 20
21  1 : 21
22  1 : 22
24  72 : 24 34 37 45 50 51 54 57 60 61 71 74 77 79 80 81 82 85 86 88 89 90 91 92 95 96 97 98 100 101 102 104 105 108 109 110 111 112 114 115 116 117 119 120 121 122 123 126 128 129 130 131 133 136 138 142 144 145 147 149 151 152 153 157 160 163 164 168 169 170 173 178
25  4 : 25 40 58 118
26  1 : 26
27  2 : 27 42
28  3 : 28 55 62
29  1 : 29
30  1 : 30
33  2 : 33 72
52  3 : 52 83 113
% end

% frame 57
% time 5.8
% start   5.8
% cluster-index, number-of-fibers : name-of-fibers
1  19 : 1 39 41 44 46 47 53 63 70 76 87 93 107 124 143 159 182 183 185
2  1 : 2
3  1 : 3
4  1 : 4
5  28 : 5 75 106 125 127 132 134 139 140 148 150 154 156 158 161 162 166 167 172 174 175 176 177 179 180 181 184 187
6  10 : 6 23 31 35 48 56 66 67 94 171
7  1 : 7
8  1 : 8
9  13 : 9 59 64 68 69 73 99 103 137 141 146 155 165
10  1 : 10
11  1 : 11
12  1 : 12
13  2 : 13 65
14  1 : 14
15  1 : 15
16  1 : 16
17  4 : 17 36 38 84
18  4 : 18 32 43 49
19  1 : 19
20  1 : 20
21  1 : 21
22  1 : 22
24  74 : 24 34 37 45 50 51 54 57 60 61 71 74 77 79 80 81 82 85 86 88 89 90 91 92 95 96 97 98 100 101 102 104 105 108 109 110 111 112 114 115 116 117 119 120 121 122 123 126 128 129 130 131 133 136 138 142 144 145 147 149 151 152 153 157 160 163 164 168 169 170 173 178 186 188
25  4 : 25 40 58 118
26  1 : 26
27  2 : 27 42
28  3 : 28 55 62
29  1 : 29
30  1 : 30
33  2 : 33 72
52  3 : 52 83 113
% end

% frame 58
% time 5.9
% start   5.9
% cluster-index, number-of-fibers : name-of-fibers
1  19 : 1 39 41 44 46 47 53 63 70 76 87 93 107 124 143 159 182 183 185
2  1 : 2
3  1 : 3
4  1 : 4
5  29 : 5 75 106 125 127 132 134 139 140 148 150 154 156 158 161 162 166 167 172 174 175 176 177 179 180 181 184 187 190
6  10 : 6 23 31 35 48 56 66 67 94 171
7  1 : 7
8  1 : 8
9  13 : 9 59 64 68 69 73 99 103 137 141 146 155 165
10  1 : 10
11  1 : 11
12  1 : 12
13  2 : 13 65
14  1 : 14
15  1 : 15
16  1 : 16
17  4 : 17 36 38 84
18  4 : 18 32 43 49
19  1 : 19
20  1 : 20
21  1 : 21
22  1 : 22
24  75 : 24 34 37 45 50 51 54 57 60 61 71 74 77 79 80 81 82 85 86 88 89 90 91 92 95 96 97 98 100 101 102 104 105 108 109 110 111 112 114 115 116 117 119 120 121 122 123 126 128 129 130 131 133 136 138 142 144 145 147 149 151 152 153 157 160 163 164 168 169 170 173 178 186 188 189
25  4 : 25 40 58 118
26  1 : 26
27  2 : 27 42
28  3 : 28 55 62
29  1 : 29
30  1 : 30
33  2 : 33 72
52  3 : 52 83 113
% end

% frame 59
% time 6
% start   6
% cluster-index, number-of-fibers : name-of-fibers
1  19 : 1 39 41 44 46 47 53 63 70 76 87 93 107 124 143 159 182 183 185
2  1 : 2
3  1 : 3
4  1 : 4
5  29 : 5 75 106 125 127 132 134 139 140 148 150 154 156 158 161 162 166 167 172 174 175 176 177 179 180 181 184 187 190
6  10 : 6 23 31 35 48 56 66 67 94 171
7  1 : 7
8  1 : 8
9  13 : 9 59 64 68 69 73 99 103 137 141 146 155 165
10  1 : 10
11  1 : 11
12  1 : 12
13  2 : 13 65
14  1 : 14
15  1 : 15
16  1 : 16
17  4 : 17 36 38 84
18  4 : 18 32 43 49
19  1 : 19
20  1 : 20
21  1 : 21
22  1 : 22
24  75 : 24 34 37 45 50 51 54 57 60 61 71 74 77 79 80 81 82 85 86 88 89 90 91 92 95 96 97 98 100 101 102 104 105 108 109 110 111 112 114 115 116 117 119 120 121 122 123 126 128 129 130 131 133 136 138 142 144 145 147 149 151 152 153 157 160 163 164 168 169 170 173 178 186 188 189
25  4 : 25 40 58 118
26  1 : 26
27  2 : 27 42
28  3 : 28 55 62
29  1 : 29
30  1 : 30
33  2 : 33 72
52  3 : 52 83 113
% end

% frame 60
% time 6.1
% start   6.1
% cluster-index, number-of-fibers : name-of-fibers
1  19 : 1 39 41 44 46 47 53 63 70 76 87 93 107 124 143 159 182 183 185
2  1 : 2
3  1 : 3
4  1 : 4
5  2 : 5 75
6  10 : 6 23 31 35 48 56 66 67 94 171
7  1 : 7
8  1 : 8
9  13 : 9 59 64 68 69 73 99 103 137 141 146 155 165
10  1 : 10
11  1 : 11
12  1 : 12
13  2 : 13 65
14  1 : 14
15  1 : 15
16  1 : 16
17  4 : 17 36 38 84
18  4 : 18 32 43 49
19  1 : 19
20  1 : 20
21  1 : 21
22  1 : 22
24  75 : 24 34 37 45 50 51 54 57 60 61 71 74 77 79 80 81 82 85 86 88 89 90 91 92 95 96 97 98 100 101 102 104 105 108 109 110 111 112 114 115 116 117 119 120 121 122 123 126 128 129 130 131 133 136 138 142 144 145 147 149 151 152 153 157 160 163 164 168 169 170 173 178 186 188 189
25  4 : 25 40 58 118
26  1 : 26
27  2 : 27 42
28  3 : 28 55 62
29  1 : 29
30  1 : 30
33  2 : 33 72
52  3 : 52 83 113
106  27 : 106 125 127 132 134 139 140 148 150 154 156 158 161 162 166 167 172 174 175 176 177 179 180 181 184 187 190
% end

% frame 61
% time 6.2
% start   6.2
% cluster-index, number-of-fibers : name-of-fibers
1  19 : 1 39 41 44 46 47 53 63 70 76 87 93 107 124 143 159 182 183 185
2  1 : 2
3  1 : 3
4  1 : 4
5  2 : 5 75
6  10 : 6 23 31 35 48 56 66 67 94 171
7  1 : 7
8  1 : 8
9  13 : 9 59 64 68 69 73 99 103 137 141 146 155 165
10  1 : 10
11  1 : 11
12  1 : 12
13  2 : 13 65
14  1 : 14
15  1 : 15
16  1 : 16
17  4 : 17 36 38 84
18  4 : 18 32 43 49
19  1 : 19
20  1 : 20
21  1 : 21
22  1 : 22
24  75 : 24 34 37 45 50 51 54 57 60 61 71 74 77 79 80 81 82 85 86 88 89 90 91 92 95 96 97 98 100 101 102 104 105 108 109 110 111 112 114 115 116 117 119 120 121 122 123 126 128 129 130 131 133 136 138 142 144 145 147 149 151 152 153 157 160 163 164 168 169 170 173 178 186 188 189
25  4 : 25 40 58 118
26  1 : 26
27  2 : 27 42
28  3 : 28 55 62
29  1 : 29
30  1 : 30
33  2 : 33 72
52  3 : 52 83 113
106  27 : 106 125 127 132 134 139 140 148 150 154 156 158 161 162 166 167 172 174 175 176 177 179 180 181 184 187 190
% end

% frame 62
% time 6.3
% start   6.3
% cluster-index, number-of-fibers : name-of-fibers
1  19 : 1 39 41 44 46 47 53 63 70 76 87 93 107 124 143 159 182 183 185
2  1 : 2
3  1 : 3
4  1 : 4
5  2 : 5 75
6  10 : 6 23 31 35 48 56 66 67 94 171
7  1 : 7
8  1 : 8
9  13 : 9 59 64 68 69 73 99 103 137 141 146 155 165
10  1 : 10
11  1 : 11
12  1 : 12
13  2 : 13 65
14  1 : 14
15  1 : 15
16  1 : 16
17  4 : 17 36 38 84
18  4 : 18 32 43 49
19  1 : 19
20  1 : 20
21  1 : 21
22  1 : 22
24  75 : 24 34 37 45 50 51 54 57 60 61 71 74 77 79 80 81 82 85 86 88 89 90 91 92 95 96 97 98 100 101 102 104 105 108 109 110 111 112 114 115 116 117 119 120 121 122 123 126 128 129 130 131 133 136 138 142 144 145 147 149 151 152 153 157 160 163 164 168 169 170 173 178 186 188 189
25  4 : 25 40 58 118
26  1 : 26
27  2 : 27 42
28  3 : 28 55 62
29  1 : 29
30  1 : 30
33  2 : 33 72
52  3 : 52 83 113
106  27 : 106 125 127 132 134 139 140 148 150 154 156 158 161 162 166 167 172 174 175 176 177 179 180 181 184 187 190
% end

% frame 63
% time 6.4
% start   6.4
% cluster-index, number-of-fibers : name-of-fibers
1  19 : 1 39 41 44 46 47 53 63 70 76 87 93 107 124 143 159 182 183 185
2  1 : 2
3  1 : 3
4  1 : 4
5  2 : 5 75
6  10 : 6 23 31 35 48 56 66 67 94 171
7  1 : 7
8  1 : 8
9  13 : 9 59 64 68 69 73 99 103 137 141 146 155 165
10  1 : 10
11  1 : 11
12  1 : 12
13  2 : 13 65
14  1 : 14
15  1 : 15
16  1 : 16
17  4 : 17 36 38 84
18  4 : 18 32 43 49
19  1 : 19
20  1 : 20
21  1 : 21
22  1 : 22
24  75 : 24 34 37 45 50 51 54 57 60 61 71 74 77 79 80 81 82 85 86 88 89 90 91 92 95 96 97 98 100 101 102 104 105 108 109 110 111 112 114 115 116 117 119 120 121 122 123 126 128 129 130 131 133 136 138 142 144 145 147 149 151 152 153 157 160 163 164 168 169 170 173 178 186 188 189
25  4 : 25 40 58 118
26  1 : 26
27  2 : 27 42
28  3 : 28 55 62
29  1 : 29
30  1 : 30
33  2 : 33 72
52  3 : 52 83 113
106  26 : 106 125 127 132 134 139 140 148 150 154 156 158 161 162 166 167 172 174 175 176 177 179 180 181 184 187
190  1 : 190
% end

% frame 64
% time 6.5
% start   6.5
% cluster-index, number-of-fibers : name-of-fibers
1  19 : 1 39 41 44 46 47 53 63 70 76 87 93 107 124 143 159 182 183 185
2  1 : 2
3  1 : 3
4  1 : 4
5  2 : 5 75
6  10 : 6 23 31 35 48 56 66 67 94 171
7  1 : 7
8  1 : 8
9  13 : 9 59 64 68 69 73 99 103 137 141 146 155 165
10  1 : 10
11  1 : 11
12  1 : 12
13  2 : 13 65
14  1 : 14
15  1 : 15
16  1 : 16
17  4 : 17 36 38 84
18  4 : 18 32 43 49
19  1 : 19
20  1 : 20
21  1 : 21
22  1 : 22
24  76 : 24 34 37 45 50 51 54 57 60 61 71 74 77 79 80 81 82 85 86 88 89 90 91 92 95 96 97 98 100 101 102 104 105 108 109 110 111 112 114 115 116 117 119 120 121 122 123 126 128 129 130 131 133 136 138 142 144 145 147 149 151 152 153 157 160 163 164 168 169 170 173 178 186 188 189 191
25  4 : 25 40 58 118
26  1 : 26
27  2 : 27 42
28  3 : 28 55 62
29  1 : 29
30  1 : 30
33  2 : 33 72
52  3 : 52 83 113
106  26 : 106 125 127 132 134 139 140 148 150 154 156 158 161 162 166 167 172 174 175 176 177 179 180 181 184 187
190  1 : 190
% end

% frame 65
% time 6.6
% start   6.6
% cluster-index, number-of-fibers : name-of-fibers
1  19 : 1 39 41 44 46 47 53 63 70 76 87 93 107 124 143 159 182 183 185
2  1 : 2
3  1 : 3
4  1 : 4
5  2 : 5 75
6  10 : 6 23 31 35 48 56 66 67 94 171
7  1 : 7
8  1 : 8
9  13 : 9 59 64 68 69 73 99 103 137 141 146 155 165
10  1 : 10
11  1 : 11
12  1 : 12
13  2 : 13 65
14  1 : 14
15  1 : 15
16  1 : 16
17  4 : 17 36 38 84
18  4 : 18 32 43 49
19  1 : 19
20  1 : 20
21  1 : 21
22  1 : 22
24  77 : 24 34 37 45 50 51 54 57 60 61 71 74 77 79 80 81 82 85 86 88 89 90 91 92 95 96 97 98 100 101 102 104 105 108 109 110 111 112 114 115 116 117 119 120 121 122 123 126 128 129 130 131 133 136 138 142 144 145 147 149 151 152 153 157 160 163 164 168 169 170 173 178 186 188 189 191 192
25  4 : 25 40 58 118
26  1 : 26
27  2 : 27 42
28  3 : 28 55 62
29  1 : 29
30  1 : 30
33  2 : 33 72
52  3 : 52 83 113
106  26 : 106 125 127 132 134 139 140 148 150 154 156 158 161 162 166 167 172 174 175 176 177 179 180 181 184 187
190  1 : 190
% end

% frame 66
% time 6.7
% start   6.7
% cluster-index, number-of-fibers : name-of-fibers
1  19 : 1 39 41 44 46 47 53 63 70 76 87 93 107 124 143 159 182 183 185
2  1 : 2
3  1 : 3
4  1 : 4
5  2 : 5 75
6  10 : 6 23 31 35 48 56 66 67 94 171
7  1 : 7
8  1 : 8
9  13 : 9 59 64 68 69 73 99 103 137 141 146 155 165
10  1 : 10
11  1 : 11
12  1 : 12
13  2 : 13 65
14  1 : 14
15  1 : 15
16  1 : 16
17  4 : 17 36 38 84
18  4 : 18 32 43 49
19  1 : 19
20  1 : 20
21  1 : 21
22  1 : 22
24  77 : 24 34 37 45 50 51 54 57 60 61 71 74 77 79 80 81 82 85 86 88 89 90 91 92 95 96 97 98 100 101 102 104 105 108 109 110 111 112 114 115 116 117 119 120 121 122 123 126 128 129 130 131 133 136 138 142 144 145 147 149 151 152 153 157 160 163 164 168 169 170 173 178 186 188 189 191 192
25  4 : 25 40 58 118
26  1 : 26
27  2 : 27 42
28  3 : 28 55 62
29  1 : 29
30  1 : 30
33  2 : 33 72
52  3 : 52 83 113
106  27 : 106 125 127 132 134 139 140 148 150 154 156 158 161 162 166 167 172 174 175 176 177 179 180 181 184 187 193
190  1 : 190
% end

% frame 67
% time 6.8
% start   6.8
% cluster-index, number-of-fibers : name-of-fibers
1  19 : 1 39 41 44 46 47 53 63 70 76 87 93 107 124 143 159 182 183 185
2  1 : 2
3  1 : 3
4  1 : 4
5  2 : 5 75
6  10 : 6 23 31 35 48 56 66 67 94 171
7  1 : 7
8  1 : 8
9  13 : 9 59 64 68 69 73 99 103 137 141 146 155 165
10  1 : 10
11  1 : 11
12  1 : 12
13  2 : 13 65
14  1 : 14
15  1 : 15
16  1 : 16
17  4 : 17 36 38 84
18  4 : 18 32 43 49
19  1 : 19
20  1 : 20
21  1 : 21
22  1 : 22
24  77 : 24 34 37 45 50 51 54 57 60 61 71 74 77 79 80 81 82 85 86 88 89 90 91 92 95 96 97 98 100 101 102 104 105 108 109 110 111 112 114 115 116 117 119 120 121 122 123 126 128 129 130 131 133 136 138 142 144 145 147 149 151 152 153 157 160 163 164 168 169 170 173 178 186 188 189 191 192
25  4 : 25 40 58 118
26  1 : 26
27  2 : 27 42
28  3 : 28 55 62
29  1 : 29
30  1 : 30
33  2 : 33 72
52  3 : 52 83 113
106  27 : 106 125 127 132 134 139 140 148 150 154 156 158 161 162 166 167 172 174 175 176 177 179 180 181 184 187 193
190  1 : 190
% end

% frame 68
% time 6.9
% start   6.9
% cluster-index, number-of-fibers : name-of-fibers
1  19 : 1 39 41 44 46 47 53 63 70 76 87 93 107 124 143 159 182 183 185
2  1 : 2
3  1 : 3
4  1 : 4
5  2 : 5 75
6  10 : 6 23 31 35 48 56 66 67 94 171
7  1 : 7
8  1 : 8
9  13 : 9 59 64 68 69 73 99 103 137 141 146 155 165
10  1 : 10
11  1 : 11
12  1 : 12
13  2 : 13 65
14  1 : 14
15  1 : 15
16  1 : 16
17  4 : 17 36 38 84
18  4 : 18 32 43 49
19  1 : 19
20  1 : 20
21  1 : 21
22  1 : 22
24  77 : 24 34 37 45 50 51 54 57 60 61 71 74 77 79 80 81 82 85 86 88 89 90 91 92 95 96 97 98 100 101 102 104 105 108 109 110 111 112 114 115 116 117 119 120 121 122 123 126 128 129 130 131 133 136 138 142 144 145 147 149 151 152 153 157 160 163 164 168 169 170 173 178 186 188 189 191 192
25  4 : 25 40 58 118
26  1 : 26
27  2 : 27 42
28  3 : 28 55 62
29  1 : 29
30  1 : 30
33  2 : 33 72
52  3 : 52 83 113
106  27 : 106 125 127 132 134 139 140 148 150 154 156 158 161 162 166 167 172 174 175 176 177 179 180 181 184 187 193
190  1 : 190
% end

% frame 69
% time 7
% start   7
% cluster-index, number-of-fibers : name-of-fibers
1  19 : 1 39 41 44 46 47 53 63 70 76 87 93 107 124 143 159 182 183 185
2  1 : 2
3  1 : 3
4  1 : 4
5  2 : 5 75
6  10 : 6 23 31 35 48 56 66 67 94 171
7  1 : 7
8  1 : 8
9  13 : 9 59 64 68 69 73 99 103 137 141 146 155 165
10  1 : 10
11  1 : 11
12  1 : 12
13  2 : 13 65
14  1 : 14
15  1 : 15
16  1 : 16
17  4 : 17 36 38 84
18  4 : 18 32 43 49
19  1 : 19
20  1 : 20
21  1 : 21
22  1 : 22
24  78 : 24 34 37 45 50 51 54 57 60 61 71 74 77 79 80 81 82 85 86 88 89 90 91 92 95 96 97 98 100 101 102 104 105 108 109 110 111 112 114 115 116 117 119 120 121 122 123 126 128 129 130 131 133 136 138 142 144 145 147 149 151 152 153 157 160 163 164 168 169 170 173 178 186 188 189 191 192 194
25  4 : 25 40 58 118
26  1 : 26
27  2 : 27 42
28  3 : 28 55 62
29  1 : 29
30  1 : 30
33  2 : 33 72
52  3 : 52 83 113
106  27 : 106 125 127 132 134 139 140 148 150 154 156 158 161 162 166 167 172 174 175 176 177 179 180 181 184 187 193
190  1 : 190
% end

% frame 70
% time 7.1
% start   7.1
% cluster-index, number-of-fibers : name-of-fibers
1  19 : 1 39 41 44 46 47 53 63 70 76 87 93 107 124 143 159 182 183 185
2  1 : 2
3  1 : 3
4  1 : 4
5  2 : 5 75
6  10 : 6 23 31 35 48 56 66 67 94 171
7  1 : 7
8  1 : 8
9  13 : 9 59 64 68 69 73 99 103 137 141 146 155 165
10  1 : 10
11  1 : 11
12  1 : 12
13  2 : 13 65
14  1 : 14
15  1 : 15
16  1 : 16
17  4 : 17 36 38 84
18  4 : 18 32 43 49
19  1 : 19
20  1 : 20
21  1 : 21
22  1 : 22
24  78 : 24 34 37 45 50 51 54 57 60 61 71 74 77 79 80 81 82 85 86 88 89 90 91 92 95 96 97 98 100 101 102 104 105 108 109 110 111 112 114 115 116 117 119 120 121 122 123 126 128 129 130 131 133 136 138 142 144 145 147 149 151 152 153 157 160 163 164 168 169 170 173 178 186 188 189 191 192 194
25  4 : 25 40 58 118
26  1 : 26
27  2 : 27 42
28  3 : 28 55 62
29  1 : 29
30  1 : 30
33  2 : 33 72
52  3 : 52 83 113
106  27 : 106 125 127 132 134 139 140 148 150 154 156 158 161 162 166 167 172 174 175 176 177 179 180 181 184 187 193
190  1 : 190
% end

% frame 71
% time 7.2
% start   7.2
% cluster-index, number-of-fibers : name-of-fibers
1  19 : 1 39 41 44 46 47 53 63 70 76 87 93 107 124 143 159 182 183 185
2  1 : 2
3  1 : 3
4  1 : 4
5  2 : 5 75
6  10 : 6 23 31 35 48 56 66 67 94 171
7  1 : 7
8  1 : 8
9  13 : 9 59 64 68 69 73 99 103 137 141 146 155 165
10  1 : 10
11  1 : 11
12  1 : 12
13  1 : 13
14  1 : 14
15  1 : 15
16  1 : 16
17  4 : 17 36 38 84
18  4 : 18 32 43 49
19  1 : 19
20  1 : 20
21  1 : 21
22  1 : 22
24  79 : 24 34 37 45 50 51 54 57 60 61 71 74 77 79 80 81 82 85 86 88 89 90 91 92 95 96 97 98 100 101 102 104 105 108 109 110 111 112 114 115 116 117 119 120 121 122 123 126 128 129 130 131 133 136 138 142 144 145 147 149 151 152 153 157 160 163 164 168 169 170 173 178 186 188 189 191 192 194 195
25  4 : 25 40 58 118
26  1 : 26
27  2 : 27 42
28  3 : 28 55 62
29  1 : 29
30  1 : 30
33  2 : 33 72
52  3 : 52 83 113
65  1 : 65
106  27 : 106 125 127 132 134 139 140 148 150 154 156 158 161 162 166 167 172 174 175 176 177 179 180 181 184 187 193
190  1 : 190
% end

% frame 72
% time 7.3
% start   7.3
% cluster-index, number-of-fibers : name-of-fibers
1  19 : 1 39 41 44 46 47 53 63 70 76 87 93 107 124 143 159 182 183 185
2  1 : 2
3  1 : 3
4  1 : 4
5  2 : 5 75
6  10 : 6 23 31 35 48 56 66 67 94 171
7  1 : 7
8  1 : 8
9  13 : 9 59 64 68 69 73 99 103 137 141 146 155 165
10  1 : 10
11  1 : 11
12  1 : 12
13  1 : 13
14  1 : 14
15  1 : 15
16  1 : 16
17  4 : 17 36 38 84
18  4 : 18 32 43 49
19  1 : 19
20  1 : 20
21  1 : 21
22  1 : 22
24  80 : 24 34 37 45 50 51 54 57 60 61 71 74 77 79 80 81 82 85 86 88 89 90 91 92 95 96 97 98 100 101 102 104 105 108 109 110 111 112 114 115 116 117 119 120 121 122 123 126 128 129 130 131 133 136 138 142 144 145 147 149 151 152 153 157 160 163 164 168 169 170 173 178 186 188 189 191 192 194 195 196
25  4 : 25 40 58 118
26  1 : 26
27  2 : 27 42
28  3 : 28 55 62
29  1 : 29
30  1 : 30
33  2 : 33 72
52  3 : 52 83 113
65  1 : 65
106  27 : 106 125 127 132 134 139 140 148 150 154 156 158 161 162 166 167 172 174 175 176 177 179 180 181 184 187 193
190  1 : 190
% end

% frame 73
% time 7.4
% start   7.4
% cluster-index, number-of-fibers : name-of-fibers
1  19 : 1 39 41 44 46 47 53 63 70 76 87 93 107 124 143 159 182 183 185
2  1 : 2
3  1 : 3
4  1 : 4
5  2 : 5 75
6  10 : 6 23 31 35 48 56 66 67 94 171
7  1 : 7
8  1 : 8
9  13 : 9 59 64 68 69 73 99 103 137 141 146 155 165
10  1 : 10
11  1 : 11
12  1 : 12
13  1 : 13
14  1 : 14
15  1 : 15
16  1 : 16
17  4 : 17 36 38 84
18  4 : 18 32 43 49
19  1 : 19
20  1 : 20
21  1 : 21
22  1 : 22
24  78 : 24 34 37 45 50 51 54 57 60 61 71 74 77 79 80 81 82 85 86 88 89 90 91 92 95 96 97 98 100 101 102 104 105 109 110 111 112 114 115 116 117 119 120 122 123 126 128 129 130 131 133 136 138 142 144 145 147 149 151 152 153 157 160 163 164 168 169 170 173 178 186 188 189 191 192 194 195 196
25  4 : 25 40 58 118
26  1 : 26
27  2 : 27 42
28  3 : 28 55 62
29  1 : 29
30  1 : 30
33  2 : 33 72
52  3 : 52 83 113
65  1 : 65
106  29 : 106 125 127 132 134 139 140 148 150 154 156 158 161 162 166 167 172 174 175 176 177 179 180 181 184 187 193 197 198
108  1 : 108
121  1 : 121
190  1 : 190
% end

% frame 74
% time 7.5
% start   7.5
% cluster-index, number-of-fibers : name-of-fibers
1  19 : 1 39 41 44 46 47 53 63 70 76 87 93 107 124 143 159 182 183 185
2  1 : 2
3  1 : 3
4  1 : 4
5  2 : 5 75
6  10 : 6 23 31 35 48 56 66 67 94 171
7  1 : 7
8  1 : 8
9  13 : 9 59 64 68 69 73 99 103 137 141 146 155 165
10  1 : 10
11  1 : 11
12  1 : 12
13  1 : 13
14  1 : 14
15  1 : 15
16  1 : 16
17  4 : 17 36 38 84
18  4 : 18 32 43 49
19  1 : 19
20  1 : 20
21  1 : 21
22  1 : 22
24  78 : 24 34 37 45 50 51 54 57 60 61 71 74 77 79 80 81 82 85 86 88 89 90 91 92 95 96 97 98 100 101 102 104 105 109 110 111 112 114 115 116 117 119 120 122 123 126 128 129 130 131 133 136 138 142 144 145 147 149 151 152 153 157 160 163 164 168 169 170 173 178 186 188 189 191 192 194 195 196
25  4 : 25 40 58 118
26  1 : 26
27  2 : 27 42
28  3 : 28 55 62
29  1 : 29
30  1 : 30
33  2 : 33 72
52  3 : 52 83 113
65  1 : 65
106  29 : 106 125 127 132 134 139 140 148 150 154 156 158 161 162 166 167 172 174 175 176 177 179 180 181 184 187 193 197 198
108  1 : 108
121  1 : 121
190  1 : 190
% end

% frame 75
% time 7.6
% start   7.6
% cluster-index, number-of-fibers : name-of-fibers
1  19 : 1 39 41 44 46 47 53 63 70 76 87 93 107 124 143 159 182 183 185
2  1 : 2
3  1 : 3
4  1 : 4
5  2 : 5 75
6  10 : 6 23 31 35 48 56 66 67 94 171
7  1 : 7
8  1 : 8
9  13 : 9 59 64 68 69 73 99 103 137 141 146 155 165
10  1 : 10
11  1 : 11
12  1 : 12
13  1 : 13
14  1 : 14
15  1 : 15
16  1 : 16
17  4 : 17 36 38 84
18  4 : 18 32 43 49
19  1 : 19
20  1 : 20
21  1 : 21
22  1 : 22
24  78 : 24 34 37 45 50 51 54 57 60 61 71 74 77 79 80 81 82 85 86 88 89 90 91 92 95 96 97 98 100 101 102 104 105 109 110 111 112 114 115 116 117 119 120 122 123 126 128 129 130 131 133 136 138 142 144 145 147 149 151 152 153 157 160 163 164 168 169 170 173 178 186 188 189 191 192 194 195 196
25  4 : 25 40 58 118
26  1 : 26
27  2 : 27 42
28  3 : 28 55 62
29  1 : 29
30  1 : 30
33  2 : 33 72
52  3 : 52 83 113
65  1 : 65
106  31 : 106 125 127 132 134 139 140 148 150 154 156 158 161 162 166 167 172 174 175 176 177 179 180 181 184 187 193 197 198 199 200
108  1 : 108
121  1 : 121
190  1 : 190
% end

% frame 76
% time 7.7
% start   7.7
% cluster-index, number-of-fibers : name-of-fibers
1  19 : 1 39 41 44 46 47 53 63 70 76 87 93 107 124 143 159 182 183 185
2  1 : 2
3  1 : 3
4  1 : 4
5  2 : 5 75
6  10 : 6 23 31 35 48 56 66 67 94 171
7  1 : 7
8  1 : 8
9  13 : 9 59 64 68 69 73 99 103 137 141 146 155 165
10  1 : 10
11  1 : 11
12  1 : 12
13  1 : 13
14  1 : 14
15  1 : 15
16  1 : 16
17  4 : 17 36 38 84
18  4 : 18 32 43 49
19  1 : 19
20  1 : 20
21  1 : 21
22  1 : 22
24  80 : 24 34 37 45 50 51 54 57 60 61 71 74 77 79 80 81 82 85 86 88 89 90 91 92 95 96 97 98 100 101 102 104 105 109 110 111 112 114 115 116 117 119 120 122 123 126 128 129 130 131 133 136 138 142 144 145 147 149 151 152 153 157 160 163 164 168 169 170 173 178 186 188 189 191 192 194 195 196 201 202
25  4 : 25 40 58 118
26  1 : 26
27  2 : 27 42
28  3 : 28 55 62
29  1 : 29
30  1 : 30
33  2 : 33 72
52  3 : 52 83 113
65  1 : 65
106  31 : 106 125 127 132 134 139 140 148 150 154 156 158 161 162 166 167 172 174 175 176 177 179 180 181 184 187 193 197 198 199 200
108  1 : 108
121  1 : 121
190  1 : 190
% end

% frame 77
% time 7.8
% start   7.8
% cluster-index, number-of-fibers : name-of-fibers
1  19 : 1 39 41 44 46 47 53 63 70 76 87 93 107 124 143 159 182 183 185
2  1 : 2
3  1 : 3
4  1 : 4
5  2 : 5 75
6  10 : 6 23 31 35 48 56 66 67 94 171
7  1 : 7
8  1 : 8
9  13 : 9 59 64 68 69 73 99 103 137 141 146 155 165
10  1 : 10
11  1 : 11
12  1 : 12
13  1 : 13
14  1 : 14
15  1 : 15
16  1 : 16
17  4 : 17 36 38 84
18  4 : 18 32 43 49
19  1 : 19
20  1 : 20
21  1 : 21
22  1 : 22
24  81 : 24 34 37 45 50 51 54 57 60 61 71 74 77 79 80 81 82 85 86 88 89 90 91 92 95 96 97 98 100 101 102 104 105 109 110 111 112 114 115 116 117 119 120 122 123 126 128 129 130 131 133 136 138 142 144 145 147 149 151 152 153 157 160 163 164 168 169 170 173 178 186 188 189 191 192 194 195 196 201 202 203
25  4 : 25 40 58 118
26  1 : 26
27  2 : 27 42
28  3 : 28 55 62
29  1 : 29
30  1 : 30
33  2 : 33 72
52  3 : 52 83 113
65  1 : 65
106  31 : 106 125 127 132 134 139 140 148 150 154 156 158 161 162 166 167 172 174 175 176 177 179 180 181 184 187 193 197 198 199 200
108  1 : 108
121  1 : 121
190  1 : 190
% end

% frame 78
% time 7.9
% start   7.9
% cluster-index, number-of-fibers : name-of-fibers
1  19 : 1 39 41 44 46 47 53 63 70 76 87 93 107 124 143 159 182 183 185
2  1 : 2
3  1 : 3
4  1 : 4
5  2 : 5 75
6  10 : 6 23 31 35 48 56 66 67 94 171
7  1 : 7
8  1 : 8
9  14 : 9 59 64 68 69 73 99 103 137 141 146 155 165 204
10  1 : 10
11  1 : 11
12  1 : 12
13  1 : 13
14  1 : 14
15  1 : 15
16  1 : 16
17  4 : 17 36 38 84
18  4 : 18 32 43 49
19  1 : 19
20  1 : 20
21  1 : 21
22  1 : 22
24  81 : 24 34 37 45 50 51 54 57 60 61 71 74 77 79 80 81 82 85 86 88 89 90 91 92 95 96 97 98 100 101 102 104 105 109 110 111 112 114 115 116 117 119 120 122 123 126 128 129 130 131 133 136 138 142 144 145 147 149 151 152 153 157 160 163 164 168 169 170 173 178 186 188 189 191 192 194 195 196 201 202 203
25  4 : 25 40 58 118
26  1 : 26
27  2 : 27 42
28  3 : 28 55 62
29  1 : 29
30  1 : 30
33  2 : 33 72
52  3 : 52 83 113
65  1 : 65
106  31 : 106 125 127 132 134 139 140 148 150 154 156 158 161 162 166 167 172 174 175 176 177 179 180 181 184 187 193 197 198 199 200
108  1 : 108
121  1 : 121
190  1 : 190
% end

% frame 79
% time 8
% start   8
% cluster-index, number-of-fibers : name-of-fibers
1  19 : 1 39 41 44 46 47 53 63 70 76 87 93 107 124 143 159 182 183 185
2  1 : 2
3  1 : 3
4  1 : 4
5  2 : 5 75
6  10 : 6 23 31 35 48 56 66 67 94 171
7  1 : 7
8  1 : 8
9  14 : 9 59 64 68 69 73 99 103 137 141 146 155 165 204
10  1 : 10
11  1 : 11
12  1 : 12
13  1 : 13
14  1 : 14
15  1 : 15
16  1 : 16
17  4 : 17 36 38 84
18  4 : 18 32 43 49
19  1 : 19
20  1 : 20
21  1 : 21
22  1 : 22
24  81 : 24 34 37 45 50 51 54 57 60 61 71 74 77 79 80 81 82 85 86 88 89 90 91 92 95 96 97 98 100 101 102 104 105 109 110 111 112 114 115 116 117 119 120 122 123 126 128 129 130 131 133 136 138 142 144 145 147 149 151 152 153 157 160 163 164 168 169 170 173 178 186 188 189 191 192 194 195 196 201 202 203
25  4 : 25 40 58 118
26  1 : 26
27  2 : 27 42
28  3 : 28 55 62
29  1 : 29
30  1 : 30
33  2 : 33 72
52  3 : 52 83 113
65  1 : 65
106  32 : 106 125 127 132 134 139 140 148 150 154 156 158 161 162 166 167 172 174 175 176 177 179 180 181 184 187 193 197 198 199 200 205
108  1 : 108
121  1 : 121
190  1 : 190
% end

% frame 80
% time 8.1
% start   8.1
% cluster-index, number-of-fibers : name-of-fibers
1  19 : 1 39 41 44 46 47 53 63 70 76 87 93 107 124 143 159 182 183 185
2  1 : 2
3  1 : 3
4  1 : 4
5  2 : 5 75
6  10 : 6 23 31 35 48 56 66 67 94 171
7  1 : 7
8  1 : 8
9  14 : 9 59 64 68 69 73 99 103 137 141 146 155 165 204
10  1 : 10
11  1 : 11
12  1 : 12
13  1 : 13
14  1 : 14
15  1 : 15
16  1 : 16
17  4 : 17 36 38 84
18  4 : 18 32 43 49
19  1 : 19
20  1 : 20
21  1 : 21
22  1 : 22
24  81 : 24 34 37 45 50 51 54 57 60 61 71 74 77 79 80 81 82 85 86 88 89 90 91 92 95 96 97 98 100 101 102 104 105 109 110 111 112 114 115 116 117 119 120 122 123 126 128 129 130 131 133 136 138 142 144 145 147 149 151 152 153 157 160 163 164 168 169 170 173 178 186 188 189 191 192 194 195 196 201 202 203
25  4 : 25 40 58 118
26  1 : 26
27  2 : 27 42
28  3 : 28 55 62
29  1 : 29
30  1 : 30
33  2 : 33 72
52  3 : 52 83 113
65  1 : 65
106  33 : 106 125 127 132 134 139 140 148 150 154 156 158 161 162 166 167 172 174 175 176 177 179 180 181 184 187 193 197 198 199 200 205 206
108  1 : 108
121  1 : 121
190  1 : 190
% end

% frame 81
% time 8.2
% start   8.2
% cluster-index, number-of-fibers : name-of-fibers
1  19 : 1 39 41 44 46 47 53 63 70 76 87 93 107 124 143 159 182 183 185
2  1 : 2
3  1 : 3
4  1 : 4
5  2 : 5 75
6  10 : 6 23 31 35 48 56 66 67 94 171
7  1 : 7
8  1 : 8
9  14 : 9 59 64 68 69 73 99 103 137 141 146 155 165 204
10  1 : 10
11  1 : 11
12  1 : 12
13  1 : 13
14  1 : 14
15  1 : 15
16  1 : 16
17  4 : 17 36 38 84
18  4 : 18 32 43 49
19  1 : 19
20  1 : 20
21  1 : 21
22  1 : 22
24  81 : 24 34 37 45 50 51 54 57 60 61 71 74 77 79 80 81 82 85 86 88 89 90 91 92 95 96 97 98 100 101 102 104 105 109 110 111 112 114 115 116 117 119 120 122 123 126 128 129 130 131 133 136 138 142 144 145 147 149 151 152 153 157 160 163 164 168 169 170 173 178 186 188 189 191 192 194 195 196 201 202 203
25  4 : 25 40 58 118
26  1 : 26
27  2 : 27 42
28  3 : 28 55 62
29  1 : 29
30  1 : 30
33  2 : 33 72
52  3 : 52 83 113
65  1 : 65
106  33 : 106 125 127 132 134 139 140 148 150 154 156 158 161 162 166 167 172 174 175 176 177 179 180 181 184 187 193 197 198 199 200 205 206
108  1 : 108
121  1 : 121
190  1 : 190
% end

% frame 82
% time 8.3
% start   8.3
% cluster-index, number-of-fibers : name-of-fibers
1  19 : 1 39 41 44 46 47 53 63 70 76 87 93 107 124 143 159 182 183 185
2  1 : 2
3  1 : 3
4  1 : 4
5  2 : 5 75
6  10 : 6 23 31 35 48 56 66 67 94 171
7  1 : 7
8  1 : 8
9  14 : 9 59 64 68 69 73 99 103 137 141 146 155 165 204
10  1 : 10
11  1 : 11
12  1 : 12
13  1 : 13
14  1 : 14
15  1 : 15
16  1 : 16
17  4 : 17 36 38 84
18  4 : 18 32 43 49
19  1 : 19
20  1 : 20
21  1 : 21
22  1 : 22
24  81 : 24 34 37 45 50 51 54 57 60 61 71 74 77 79 80 81 82 85 86 88 89 90 91 92 95 96 97 98 100 101 102 104 105 109 110 111 112 114 115 116 117 119 120 122 123 126 128 129 130 131 133 136 138 142 144 145 147 149 151 152 153 157 160 163 164 168 169 170 173 178 186 188 189 191 192 194 195 196 201 202 203
25  4 : 25 40 58 118
26  1 : 26
27  2 : 27 42
28  3 : 28 55 62
29  1 : 29
30  1 : 30
33  2 : 33 72
52  3 : 52 83 113
65  1 : 65
106  33 : 106 125 127 132 134 139 140 148 150 154 156 158 161 162 166 167 172 174 175 176 177 179 180 181 184 187 193 197 198 199 200 205 206
108  1 : 108
121  1 : 121
190  1 : 190
% end

% frame 83
% time 8.4
% start   8.4
% cluster-index, number-of-fibers : name-of-fibers
1  19 : 1 39 41 44 46 47 53 63 70 76 87 93 107 124 143 159 182 183 185
2  1 : 2
3  1 : 3
4  1 : 4
5  2 : 5 75
6  10 : 6 23 31 35 48 56 66 67 94 171
7  1 : 7
8  1 : 8
9  14 : 9 59 64 68 69 73 99 103 137 141 146 155 165 204
10  1 : 10
11  1 : 11
12  1 : 12
13  1 : 13
14  1 : 14
15  1 : 15
16  1 : 16
17  4 : 17 36 38 84
18  4 : 18 32 43 49
19  1 : 19
20  1 : 20
21  1 : 21
22  1 : 22
24  81 : 24 34 37 45 50 51 54 57 60 61 71 74 77 79 80 81 82 85 86 88 89 90 91 92 95 96 97 98 100 101 102 104 105 109 110 111 112 114 115 116 117 119 120 122 123 126 128 129 130 131 133 136 138 142 144 145 147 149 151 152 153 157 160 163 164 168 169 170 173 178 186 188 189 191 192 194 195 196 201 202 203
25  4 : 25 40 58 118
26  1 : 26
27  2 : 27 42
28  3 : 28 55 62
29  1 : 29
30  1 : 30
33  2 : 33 72
52  3 : 52 83 113
65  1 : 65
106  35 : 106 125 127 132 134 139 140 148 150 154 156 158 161 162 166 167 172 174 175 176 177 179 180 181 184 187 193 197 198 199 200 205 206 207 208
108  1 : 108
121  1 : 121
190  1 : 190
% end

% frame 84
% time 8.5
% start   8.5
% cluster-index, number-of-fibers : name-of-fibers
1  19 : 1 39 41 44 46 47 53 63 70 76 87 93 107 124 143 159 182 183 185
2  1 : 2
3  1 : 3
4  1 : 4
5  2 : 5 75
6  10 : 6 23 31 35 48 56 66 67 94 171
7  1 : 7
8  1 : 8
9  14 : 9 59 64 68 69 73 99 103 137 141 146 155 165 204
10  1 : 10
11  1 : 11
12  1 : 12
13  1 : 13
14  1 : 14
15  1 : 15
16  1 : 16
17  4 : 17 36 38 84
18  4 : 18 32 43 49
19  1 : 19
20  1 : 20
21  1 : 21
22  1 : 22
24  81 : 24 34 37 45 50 51 54 57 60 61 71 74 77 79 80 81 82 85 86 88 89 90 91 92 95 96 97 98 100 101 102 104 105 109 110 111 112 114 115 116 117 119 120 122 123 126 128 129 130 131 133 136 138 142 144 145 147 149 151 152 153 157 160 163 164 168 169 170 173 178 186 188 189 191 192 194 195 196 201 202 203
25  4 : 25 40 58 118
26  1 : 26
27  2 : 27 42
28  3 : 28 55 62
29  1 : 29
30  1 : 30
33  2 : 33 72
52  3 : 52 83 113
65  1 : 65
106  35 : 106 125 127 132 134 139 140 148 150 154 156 158 161 162 166 167 172 174 175 176 177 179 180 181 184 187 193 197 198 199 200 205 206 207 208
108  1 : 108
121  1 : 121
190  1 : 190
% end

% frame 85
% time 8.6
% start   8.6
% cluster-index, number-of-fibers : name-of-fibers
1  19 : 1 39 41 44 46 47 53 63 70 76 87 93 107 124 143 159 182 183 185
2  1 : 2
3  1 : 3
4  1 : 4
5  2 : 5 75
6  10 : 6 23 31 35 48 56 66 67 94 171
7  1 : 7
8  1 : 8
9  14 : 9 59 64 68 69 73 99 103 137 141 146 155 165 204
10  1 : 10
11  1 : 11
12  1 : 12
13  1 : 13
14  1 : 14
15  1 : 15
16  1 : 16
17  4 : 17 36 38 84
18  4 : 18 32 43 49
19  1 : 19
20  1 : 20
21  1 : 21
22  1 : 22
24  81 : 24 34 37 45 50 51 54 57 60 61 71 74 77 79 80 81 82 85 86 88 89 90 91 92 95 96 97 98 100 101 102 104 105 109 110 111 112 114 115 116 117 119 120 122 123 126 128 129 130 131 133 136 138 142 144 145 147 149 151 152 153 157 160 163 164 168 169 170 173 178 186 188 189 191 192 194 195 196 201 202 203
25  4 : 25 40 58 118
26  1 : 26
27  2 : 27 42
28  3 : 28 55 62
29  1 : 29
30  1 : 30
33  2 : 33 72
52  3 : 52 83 113
65  1 : 65
106  36 : 106 125 127 132 134 139 140 148 150 154 156 158 161 162 166 167 172 174 175 176 177 179 180 181 184 187 193 197 198 199 200 205 206 207 208 209
108  1 : 108
121  1 : 121
190  1 : 190
% end

% frame 86
% time 8.7
% start   8.7
% cluster-index, number-of-fibers : name-of-fibers
1  19 : 1 39 41 44 46 47 53 63 70 76 87 93 107 124 143 159 182 183 185
2  1 : 2
3  1 : 3
4  1 : 4
5  2 : 5 75
6  10 : 6 23 31 35 48 56 66 67 94 171
7  1 : 7
8  1 : 8
9  14 : 9 59 64 68 69 73 99 103 137 141 146 155 165 204
10  1 : 10
11  1 : 11
12  1 : 12
13  1 : 13
14  1 : 14
15  1 : 15
16  1 : 16
17  4 : 17 36 38 84
18  4 : 18 32 43 49
19  1 : 19
20  1 : 20
21  1 : 21
22  1 : 22
24  82 : 24 34 37 45 50 51 54 57 60 61 71 74 77 79 80 81 82 85 86 88 89 90 91 92 95 96 97 98 100 101 102 104 105 109 110 111 112 114 115 116 117 119 120 122 123 126 128 129 130 131 133 136 138 142 144 145 147 149 151 152 153 157 160 163 164 168 169 170 173 178 186 188 189 191 192 194 195 196 201 202 203 210
25  4 : 25 40 58 118
26  1 : 26
27  2 : 27 42
28  3 : 28 55 62
29  1 : 29
30  1 : 30
33  2 : 33 72
52  3 : 52 83 113
65  1 : 65
106  36 : 106 125 127 132 134 139 140 148 150 154 156 158 161 162 166 167 172 174 175 176 177 179 180 181 184 187 193 197 198 199 200 205 206 207 208 209
108  1 : 108
121  1 : 121
190  1 : 190
% end

% frame 87
% time 8.8
% start   8.8
% cluster-index, number-of-fibers : name-of-fibers
1  19 : 1 39 41 44 46 47 53 63 70 76 87 93 107 124 143 159 182 183 185
2  1 : 2
3  1 : 3
4  1 : 4
5  2 : 5 75
6  10 : 6 23 31 35 48 56 66 67 94 171
7  1 : 7
8  1 : 8
9  14 : 9 59 64 68 69 73 99 103 137 141 146 155 165 204
10  1 : 10
11  1 : 11
12  1 : 12
13  1 : 13
14  1 : 14
15  1 : 15
16  1 : 16
17  4 : 17 36 38 84
18  4 : 18 32 43 49
19  1 : 19
20  1 : 20
21  1 : 21
22  1 : 22
24  82 : 24 34 37 45 50 51 54 57 60 61 71 74 77 79 80 81 82 85 86 88 89 90 91 92 95 96 97 98 100 101 102 104 105 109 110 111 112 114 115 116 117 119 120 122 123 126 128 129 130 131 133 136 138 142 144 145 147 149 151 152 153 157 160 163 164 168 169 170 173 178 186 188 189 191 192 194 195 196 201 202 203 210
25  4 : 25 40 58 118
26  1 : 26
27  2 : 27 42
28  3 : 28 55 62
29  1 : 29
30  1 : 30
33  2 : 33 72
52  3 : 52 83 113
65  1 : 65
106  36 : 106 125 127 132 134 139 140 148 150 154 156 158 161 162 166 167 172 174 175 176 177 179 180 181 184 187 193 197 198 199 200 205 206 207 208 209
108  1 : 108
121  1 : 121
190  1 : 190
% end

% frame 88
% time 8.9
% start   8.9
% cluster-index, number-of-fibers : name-of-fibers
1  19 : 1 39 41 44 46 47 53 63 70 76 87 93 107 124 143 159 182 183 185
2  1 : 2
3  1 : 3
4  1 : 4
5  2 : 5 75
6  10 : 6 23 31 35 48 56 66 67 94 171
7  1 : 7
8  1 : 8
9  14 : 9 59 64 68 69 73 99 103 137 141 146 155 165 204
10  1 : 10
11  1 : 11
12  1 : 12
13  1 : 13
14  1 : 14
15  1 : 15
16  1 : 16
17  4 : 17 36 38 84
18  4 : 18 32 43 49
19  1 : 19
20  1 : 20
21  1 : 21
22  1 : 22
24  82 : 24 34 37 45 50 51 54 57 60 61 71 74 77 79 80 81 82 85 86 88 89 90 91 92 95 96 97 98 100 101 102 104 105 109 110 111 112 114 115 116 117 119 120 122 123 126 128 129 130 131 133 136 138 142 144 145 147 149 151 152 153 157 160 163 164 168 169 170 173 178 186 188 189 191 192 194 195 196 201 202 203 210
25  4 : 25 40 58 118
26  1 : 26
27  2 : 27 42
28  3 : 28 55 62
29  1 : 29
30  1 : 30
33  2 : 33 72
52  3 : 52 83 113
65  1 : 65
106  37 : 106 125 127 132 134 139 140 148 150 154 156 158 161 162 166 167 172 174 175 176 177 179 180 181 184 187 193 197 198 199 200 205 206 207 208 209 211
108  1 : 108
121  1 : 121
190  1 : 190
% end

% frame 89
% time 9
% start   9
% cluster-index, number-of-fibers : name-of-fibers
1  19 : 1 39 41 44 46 47 53 63 70 76 87 93 107 124 143 159 182 183 185
2  1 : 2
3  1 : 3
4  1 : 4
5  2 : 5 75
6  10 : 6 23 31 35 48 56 66 67 94 171
7  1 : 7
8  1 : 8
9  14 : 9 59 64 68 69 73 99 103 137 141 146 155 165 204
10  1 : 10
11  1 : 11
12  1 : 12
13  1 : 13
14  1 : 14
15  1 : 15
16  1 : 16
17  4 : 17 36 38 84
18  4 : 18 32 43 49
19  1 : 19
20  1 : 20
21  1 : 21
22  1 : 22
24  82 : 24 34 37 45 50 51 54 57 60 61 71 74 77 79 80 81 82 85 86 88 89 90 91 92 95 96 97 98 100 101 102 104 105 109 110 111 112 114 115 116 117 119 120 122 123 126 128 129 130 131 133 136 138 142 144 145 147 149 151 152 153 157 160 163 164 168 169 170 173 178 186 188 189 191 192 194 195 196 201 202 203 210
25  4 : 25 40 58 118
26  1 : 26
27  2 : 27 42
28  3 : 28 55 62
29  1 : 29
30  1 : 30
33  2 : 33 72
52  3 : 52 83 113
65  1 : 65
106  38 : 106 125 127 132 134 139 140 148 150 154 156 158 161 162 166 167 172 174 175 176 177 179 180 181 184 187 193 197 198 199 200 205 206 207 208 209 211 212
108  1 : 108
121  1 : 121
190  1 : 190
% end

% frame 90
% time 9.1
% start   9.1
% cluster-index, number-of-fibers : name-of-fibers
1  19 : 1 39 41 44 46 47 53 63 70 76 87 93 107 124 143 159 182 183 185
2  1 : 2
3  1 : 3
4  1 : 4
5  2 : 5 75
6  10 : 6 23 31 35 48 56 66 67 94 171
7  1 : 7
8  1 : 8
9  14 : 9 59 64 68 69 73 99 103 137 141 146 155 165 204
10  1 : 10
11  1 : 11
12  1 : 12
13  1 : 13
14  1 : 14
15  1 : 15
16  1 : 16
17  4 : 17 36 38 84
18  4 : 18 32 43 49
19  1 : 19
20  1 : 20
21  1 : 21
22  1 : 22
24  82 : 24 34 37 45 50 51 54 57 60 61 71 74 77 79 80 81 82 85 86 88 89 90 91 92 95 96 97 98 100 101 102 104 105 109 110 111 112 114 115 116 117 119 120 122 123 126 128 129 130 131 133 136 138 142 144 145 147 149 151 152 153 157 160 163 164 168 169 170 173 178 186 188 189 191 192 194 195 196 201 202 203 210
25  4 : 25 40 58 118
26  1 : 26
27  2 : 27 42
28  3 : 28 55 62
29  1 : 29
30  1 : 30
33  2 : 33 72
52  3 : 52 83 113
65  1 : 65
106  39 : 106 125 127 132 134 139 140 148 150 154 156 158 161 162 166 167 172 174 175 176 177 179 180 181 184 187 193 197 198 199 200 205 206 207 208 209 211 212 213
108  1 : 108
121  1 : 121
190  1 : 190
% end

% frame 91
% time 9.2
% start   9.2
% cluster-index, number-of-fibers : name-of-fibers
1  19 : 1 39 41 44 46 47 53 63 70 76 87 93 107 124 143 159 182 183 185
2  1 : 2
3  1 : 3
4  1 : 4
5  2 : 5 75
6  10 : 6 23 31 35 48 56 66 67 94 171
7  1 : 7
8  1 : 8
9  14 : 9 59 64 68 69 73 99 103 137 141 146 155 165 204
10  1 : 10
11  1 : 11
12  1 : 12
13  1 : 13
14  1 : 14
15  1 : 15
16  1 : 16
17  4 : 17 36 38 84
18  4 : 18 32 43 49
19  1 : 19
20  1 : 20
21  1 : 21
22  1 : 22
24  82 : 24 34 37 45 50 51 54 57 60 61 71 74 77 79 80 81 82 85 86 88 89 90 91 92 95 96 97 98 100 101 102 104 105 109 110 111 112 114 115 116 117 119 120 122 123 126 128 129 130 131 133 136 138 142 144 145 147 149 151 152 153 157 160 163 164 168 169 170 173 178 186 188 189 191 192 194 195 196 201 202 203 210
25  4 : 25 40 58 118
26  1 : 26
27  2 : 27 42
28  3 : 28 55 62
29  1 : 29
30  1 : 30
33  2 : 33 72
52  3 : 52 83 113
65  1 : 65
106  39 : 106 125 127 132 134 139 140 148 150 154 156 158 161 162 166 167 172 174 175 176 177 179 180 181 184 187 193 197 198 199 200 205 206 207 208 209 211 212 213
108  1 : 108
121  1 : 121
190  1 : 190
% end

% frame 92
% time 9.3
% start   9.3
% cluster-index, number-of-fibers : name-of-fibers
1  19 : 1 39 41 44 46 47 53 63 70 76 87 93 107 124 143 159 182 183 185
2  1 : 2
3  1 : 3
4  1 : 4
5  2 : 5 75
6  10 : 6 23 31 35 48 56 66 67 94 171
7  1 : 7
8  1 : 8
9  14 : 9 59 64 68 69 73 99 103 137 141 146 155 165 204
10  1 : 10
11  1 : 11
12  1 : 12
13  1 : 13
14  1 : 14
15  1 : 15
16  1 : 16
17  4 : 17 36 38 84
18  4 : 18 32 43 49
19  1 : 19
20  1 : 20
21  1 : 21
22  1 : 22
24  82 : 24 34 37 45 50 51 54 57 60 61 71 74 77 79 80 81 82 85 86 88 89 90 91 92 95 96 97 98 100 101 102 104 105 109 110 111 112 114 115 116 117 119 120 122 123 126 128 129 130 131 133 136 138 142 144 145 147 149 151 152 153 157 160 163 164 168 169 170 173 178 186 188 189 191 192 194 195 196 201 202 203 210
25  4 : 25 40 58 118
26  1 : 26
27  2 : 27 42
28  3 : 28 55 62
29  1 : 29
30  1 : 30
33  2 : 33 72
52  3 : 52 83 113
65  1 : 65
106  40 : 106 125 127 132 134 139 140 148 150 154 156 158 161 162 166 167 172 174 175 176 177 179 180 181 184 187 193 197 198 199 200 205 206 207 208 209 211 212 213 214
108  1 : 108
121  1 : 121
190  1 : 190
% end

% frame 93
% time 9.4
% start   9.4
% cluster-index, number-of-fibers : name-of-fibers
1  19 : 1 39 41 44 46 47 53 63 70 76 87 93 107 124 143 159 182 183 185
2  1 : 2
3  1 : 3
4  1 : 4
5  2 : 5 75
6  10 : 6 23 31 35 48 56 66 67 94 171
7  1 : 7
8  1 : 8
9  14 : 9 59 64 68 69 73 99 103 137 141 146 155 165 204
10  1 : 10
11  1 : 11
12  1 : 12
13  1 : 13
14  1 : 14
15  1 : 15
16  1 : 16
17  4 : 17 36 38 84
18  4 : 18 32 43 49
19  1 : 19
20  1 : 20
21  1 : 21
22  1 : 22
24  82 : 24 34 37 45 50 51 54 57 60 61 71 74 77 79 80 81 82 85 86 88 89 90 91 92 95 96 97 98 100 101 102 104 105 109 110 111 112 114 115 116 117 119 120 122 123 126 128 129 130 131 133 136 138 142 144 145 147 149 151 152 153 157 160 163 164 168 169 170 173 178 186 188 189 191 192 194 195 196 201 202 203 210
25  4 : 25 40 58 118
26  1 : 26
27  2 : 27 42
28  3 : 28 55 62
29  1 : 29
30  1 : 30
33  2 : 33 72
52  3 : 52 83 113
65  1 : 65
106  40 : 106 125 127 132 134 139 140 148 150 154 156 158 161 162 166 167 172 174 175 176 177 179 180 181 184 187 193 197 198 199 200 205 206 207 208 209 211 212 213 214
108  1 : 108
121  1 : 121
190  1 : 190
% end

% frame 94
% time 9.5
% start   9.5
% cluster-index, number-of-fibers : name-of-fibers
1  19 : 1 39 41 44 46 47 53 63 70 76 87 93 107 124 143 159 182 183 185
2  1 : 2
3  1 : 3
4  1 : 4
5  2 : 5 75
6  10 : 6 23 31 35 48 56 66 67 94 171
7  1 : 7
8  1 : 8
9  14 : 9 59 64 68 69 73 99 103 137 141 146 155 165 204
10  1 : 10
11  1 : 11
12  1 : 12
13  1 : 13
14  1 : 14
15  1 : 15
16  1 : 16
17  4 : 17 36 38 84
18  4 : 18 32 43 49
19  1 : 19
20  1 : 20
21  1 : 21
22  1 : 22
24  82 : 24 34 37 45 50 51 54 57 60 61 71 74 77 79 80 81 82 85 86 88 89 90 91 92 95 96 97 98 100 101 102 104 105 109 110 111 112 114 115 116 117 119 120 122 123 126 128 129 130 131 133 136 138 142 144 145 147 149 151 152 153 157 160 163 164 168 169 170 173 178 186 188 189 191 192 194 195 196 201 202 203 210
25  4 : 25 40 58 118
26  1 : 26
27  2 : 27 42
28  3 : 28 55 62
29  1 : 29
30  1 : 30
33  2 : 33 72
52  3 : 52 83 113
65  1 : 65
106  42 : 106 125 127 132 134 139 140 148 150 154 156 158 161 162 166 167 172 174 175 176 177 179 180 181 184 187 193 197 198 199 200 205 206 207 208 209 211 212 213 214 215 216
108  1 : 108
121  1 : 121
190  1 : 190
% end

% frame 95
% time 9.6
% start   9.6
% cluster-index, number-of-fibers : name-of-fibers
1  19 : 1 39 41 44 46 47 53 63 70 76 87 93 107 124 143 159 182 183 185
2  1 : 2
3  1 : 3
4  1 : 4
5  2 : 5 75
6  10 : 6 23 31 35 48 56 66 67 94 171
7  1 : 7
8  1 : 8
9  14 : 9 59 64 68 69 73 99 103 137 141 146 155 165 204
10  1 : 10
11  1 : 11
12  1 : 12
13  1 : 13
14  1 : 14
15  1 : 15
16  1 : 16
17  4 : 17 36 38 84
18  4 : 18 32 43 49
19  1 : 19
20  1 : 20
21  1 : 21
22  1 : 22
24  82 : 24 34 37 45 50 51 54 57 60 61 71 74 77 79 80 81 82 85 86 88 89 90 91 92 95 96 97 98 100 101 102 104 105 109 110 111 112 114 115 116 117 119 120 122 123 126 128 129 130 131 133 136 138 142 144 145 147 149 151 152 153 157 160 163 164 168 169 170 173 178 186 188 189 191 192 194 195 196 201 202 203 210
25  4 : 25 40 58 118
26  1 : 26
27  2 : 27 42
28  3 : 28 55 62
29  1 : 29
30  1 : 30
33  2 : 33 72
52  3 : 52 83 113
65  1 : 65
106  42 : 106 125 127 132 134 139 140 148 150 154 156 158 161 162 166 167 172 174 175 176 177 179 180 181 184 187 193 197 198 199 200 205 206 207 208 209 211 212 213 214 215 216
108  1 : 108
121  1 : 121
190  1 : 190
% end

% frame 96
% time 9.7
% start   9.7
% cluster-index, number-of-fibers : name-of-fibers
1  18 : 1 39 41 44 46 53 63 70 76 87 93 107 124 143 159 182 183 185
2  1 : 2
3  1 : 3
4  1 : 4
5  2 : 5 75
6  10 : 6 23 31 35 48 56 66 67 94 171
7  1 : 7
8  1 : 8
9  14 : 9 59 64 68 69 73 99 103 137 141 146 155 165 204
10  1 : 10
11  1 : 11
12  1 : 12
13  1 : 13
14  1 : 14
15  1 : 15
16  1 : 16
17  4 : 17 36 38 84
18  4 : 18 32 43 49
19  1 : 19
20  1 : 20
21  1 : 21
22  1 : 22
24  82 : 24 34 37 45 50 51 54 57 60 61 71 74 77 79 80 81 82 85 86 88 89 90 91 92 95 96 97 98 100 101 102 104 105 109 110 111 112 114 115 116 117 119 120 122 123 126 128 129 130 131 133 136 138 142 144 145 147 149 151 152 153 157 160 163 164 168 169 170 173 178 186 188 189 191 192 194 195 196 201 202 203 210
25  4 : 25 40 58 118
26  1 : 26
27  2 : 27 42
28  3 : 28 55 62
29  1 : 29
30  1 : 30
33  2 : 33 72
47  1 : 47
52  3 : 52 83 113
65  1 : 65
106  43 : 106 125 127 132 134 139 140 148 150 154 156 158 161 162 166 167 172 174 175 176 177 179 180 181 184 187 193 197 198 199 200 205 206 207 208 209 211 212 213 214 215 216 217
108  1 : 108
121  1 : 121
190  1 : 190
% end

% frame 97
% time 9.8
% start   9.8
% cluster-index, number-of-fibers : name-of-fibers
1  18 : 1 39 41 44 46 53 63 70 76 87 93 107 124 143 159 182 183 185
2  1 : 2
3  1 : 3
4  1 : 4
5  2 : 5 75
6  10 : 6 23 31 35 48 56 66 67 94 171
7  1 : 7
8  1 : 8
9  14 : 9 59 64 68 69 73 99 103 137 141 146 155 165 204
10  1 : 10
11  1 : 11
12  1 : 12
13  1 : 13
14  1 : 14
15  1 : 15
16  1 : 16
17  4 : 17 36 38 84
18  4 : 18 32 43 49
19  1 : 19
20  1 : 20
21  1 : 21
22  1 : 22
24  82 : 24 34 37 45 50 51 54 57 60 61 71 74 77 79 80 81 82 85 86 88 89 90 91 92 95 96 97 98 100 101 102 104 105 109 110 111 112 114 115 116 117 119 120 122 123 126 128 129 130 131 133 136 138 142 144 145 147 149 151 152 153 157 160 163 164 168 169 170 173 178 186 188 189 191 192 194 195 196 201 202 203 210
25  4 : 25 40 58 118
26  1 : 26
27  2 : 27 42
28  3 : 28 55 62
29  1 : 29
30  1 : 30
33  2 : 33 72
47  1 : 47
52  3 : 52 83 113
65  1 : 65
106  44 : 106 125 127 132 134 139 140 148 150 154 156 158 161 162 166 167 172 174 175 176 177 179 180 181 184 187 193 197 198 199 200 205 206 207 208 209 211 212 213 214 215 216 217 218
108  1 : 108
121  1 : 121
190  1 : 190
% end

% frame 98
% time 9.9
% start   9.9
% cluster-index, number-of-fibers : name-of-fibers
1  18 : 1 39 41 44 46 53 63 70 76 87 93 107 124 143 159 182 183 185
2  1 : 2
3  1 : 3
4  1 : 4
5  2 : 5 75
6  10 : 6 23 31 35 48 56 66 67 94 171
7  1 : 7
8  1 : 8
9  14 : 9 59 64 68 69 73 99 103 137 141 146 155 165 204
10  1 : 10
11  1 : 11
12  1 : 12
13  1 : 13
14  1 : 14
15  1 : 15
16  1 : 16
17  4 : 17 36 38 84
18  4 : 18 32 43 49
19  1 : 19
20  1 : 20
21  1 : 21
22  1 : 22
24  83 : 24 34 37 45 50 51 54 57 60 61 71 74 77 79 80 81 82 85 86 88 89 90 91 92 95 96 97 98 100 101 102 104 105 109 110 111 112 114 115 116 117 119 120 122 123 126 128 129 130 131 133 136 138 142 144 145 147 149 151 152 153 157 160 163 164 168 169 170 173 178 186 188 189 191 192 194 195 196 201 202 203 210 219
25  4 : 25 40 58 118
26  1 : 26
27  2 : 27 42
28  3 : 28 55 62
29  1 : 29
30  1 : 30
33  2 : 33 72
47  1 : 47
52  3 : 52 83 113
65  1 : 65
106  44 : 106 125 127 132 134 139 140 148 150 154 156 158 161 162 166 167 172 174 175 176 177 179 180 181 184 187 193 197 198 199 200 205 206 207 208 209 211 212 213 214 215 216 217 218
108  1 : 108
121  1 : 121
190  1 : 190
% end

% frame 99
% time 10
% start   10
% cluster-index, number-of-fibers : name-of-fibers
1  18 : 1 39 41 44 46 53 63 70 76 87 93 107 124 143 159 182 183 185
2  1 : 2
3  1 : 3
4  1 : 4
5  2 : 5 75
6  10 : 6 23 31 35 48 56 66 67 94 171
7  1 : 7
8  1 : 8
9  14 : 9 59 64 68 69 73 99 103 137 141 146 155 165 204
10  1 : 10
11  1 : 11
12  1 : 12
13  1 : 13
14  1 : 14
15  1 : 15
16  1 : 16
17  4 : 17 36 38 84
18  4 : 18 32 43 49
19  1 : 19
20  1 : 20
21  1 : 21
22  1 : 22
24  83 : 24 34 37 45 50 51 54 57 60 61 71 74 77 79 80 81 82 85 86 88 89 90 91 92 95 96 97 98 100 101 102 104 105 109 110 111 112 114 115 116 117 119 120 122 123 126 128 129 130 131 133 136 138 142 144 145 147 149 151 152 153 157 160 163 164 168 169 170 173 178 186 188 189 191 192 194 195 196 201 202 203 210 219
25  4 : 25 40 58 118
26  1 : 26
27  2 : 27 42
28  3 : 28 55 62
29  1 : 29
30  1 : 30
33  2 : 33 72
47  1 : 47
52  3 : 52 83 113
65  1 : 65
106  44 : 106 125 127 132 134 139 140 148 150 154 156 158 161 162 166 167 172 174 175 176 177 179 180 181 184 187 193 197 198 199 200 205 206 207 208 209 211 212 213 214 215 216 217 218
108  1 : 108
121  1 : 121
190  1 : 190
% end

% frame 100
% time 10.1
% start   10.1
% cluster-index, number-of-fibers : name-of-fibers
1  18 : 1 39 41 44 46 53 63 70 76 87 93 107 124 143 159 182 183 185
2  1 : 2
3  1 : 3
4  1 : 4
5  2 : 5 75
6  10 : 6 23 31 35 48 56 66 67 94 171
7  1 : 7
8  1 : 8
9  14 : 9 59 64 68 69 73 99 103 137 141 146 155 165 204
10  1 : 10
11  1 : 11
12  1 : 12
13  1 : 13
14  1 : 14
15  1 : 15
16  1 : 16
17  4 : 17 36 38 84
18  4 : 18 32 43 49
19  1 : 19
20  1 : 20
21  1 : 21
22  1 : 22
24  83 : 24 34 37 45 50 51 54 57 60 61 71 74 77 79 80 81 82 85 86 88 89 90 91 92 95 96 97 98 100 101 102 104 105 109 110 111 112 114 115 116 117 119 120 122 123 126 128 129 130 131 133 136 138 142 144 145 147 149 151 152 153 157 160 163 164 168 169 170 173 178 186 188 189 191 192 194 195 196 201 202 203 210 219
25  4 : 25 40 58 118
26  1 : 26
27  2 : 27 42
28  3 : 28 55 62
29  1 : 29
30  1 : 30
33  2 : 33 72
47  1 : 47
52  3 : 52 83 113
65  1 : 65
106  44 : 106 125 127 132 134 139 140 148 150 154 156 158 161 162 166 167 172 174 175 176 177 179 180 181 184 187 193 197 198 199 200 205 206 207 208 209 211 212 213 214 215 216 217 218
108  1 : 108
121  1 : 121
190  1 : 190
% end

% frame 101
% time 10.2
% start   10.2
% cluster-index, number-of-fibers : name-of-fibers
1  18 : 1 39 41 44 46 53 63 70 76 87 93 107 124 143 159 182 183 185
2  1 : 2
3  1 : 3
4  1 : 4
5  2 : 5 75
6  10 : 6 23 31 35 48 56 66 67 94 171
7  1 : 7
8  1 : 8
9  14 : 9 59 64 68 69 73 99 103 137 141 146 155 165 204
10  1 : 10
11  1 : 11
12  1 : 12
13  1 : 13
14  1 : 14
15  1 : 15
16  1 : 16
17  4 : 17 36 38 84
18  4 : 18 32 43 49
19  1 : 19
20  1 : 20
21  1 : 21
22  1 : 22
24  83 : 24 34 37 45 50 51 54 57 60 61 71 74 77 79 80 81 82 85 86 88 89 90 91 92 95 96 97 98 100 101 102 104 105 109 110 111 112 114 115 116 117 119 120 122 123 126 128 129 130 131 133 136 138 142 144 145 147 149 151 152 153 157 160 163 164 168 169 170 173 178 186 188 189 191 192 194 195 196 201 202 203 210 219
25  4 : 25 40 58 118
26  1 : 26
27  2 : 27 42
28  3 : 28 55 62
29  1 : 29
30  1 : 30
33  2 : 33 72
47  1 : 47
52  3 : 52 83 113
65  1 : 65
106  46 : 106 121 125 127 132 134 139 140 148 150 154 156 158 161 162 166 167 172 174 175 176 177 179 180 181 184 187 193 197 198 199 200 205 206 207 208 209 211 212 213 214 215 216 217 218 220
108  1 : 108
190  1 : 190
% end

% frame 102
% time 10.3
% start   10.3
% cluster-index, number-of-fibers : name-of-fibers
1  18 : 1 39 41 44 46 53 63 70 76 87 93 107 124 143 159 182 183 185
2  1 : 2
3  1 : 3
4  1 : 4
5  2 : 5 75
6  10 : 6 23 31 35 48 56 66 67 94 171
7  1 : 7
8  1 : 8
9  14 : 9 59 64 68 69 73 99 103 137 141 146 155 165 204
10  1 : 10
11  1 : 11
12  1 : 12
13  1 : 13
14  1 : 14
15  1 : 15
16  1 : 16
17  4 : 17 36 38 84
18  4 : 18 32 43 49
19  1 : 19
20  1 : 20
21  1 : 21
22  1 : 22
24  83 : 24 34 37 45 50 51 54 57 60 61 71 74 77 79 80 81 82 85 86 88 89 90 91 92 95 96 97 98 100 101 102 104 105 109 110 111 112 114 115 116 117 119 120 122 123 126 128 129 130 131 133 136 138 142 144 145 147 149 151 152 153 157 160 163 164 168 169 170 173 178 186 188 189 191 192 194 195 196 201 202 203 210 219
25  4 : 25 40 58 118
26  1 : 26
27  2 : 27 42
28  3 : 28 55 62
29  1 : 29
30  1 : 30
33  2 : 33 72
47  1 : 47
52  3 : 52 83 113
65  1 : 65
106  47 : 106 121 125 127 132 134 139 140 148 150 154 156 158 161 162 166 167 172 174 175 176 177 179 180 181 184 187 193 197 198 199 200 205 206 207 208 209 211 212 213 214 215 216 217 218 220 221
108  1 : 108
190  1 : 190
% end

% frame 103
% time 10.4
% start   10.4
% cluster-index, number-of-fibers : name-of-fibers
1  18 : 1 39 41 44 46 53 63 70 76 87 93 107 124 143 159 182 183 185
2  1 : 2
3  1 : 3
4  1 : 4
5  2 : 5 75
6  10 : 6 23 31 35 48 56 66 67 94 171
7  1 : 7
8  1 : 8
9  14 : 9 59 64 68 69 73 99 103 137 141 146 155 165 204
10  1 : 10
11  1 : 11
12  1 : 12
13  1 : 13
14  1 : 14
15  1 : 15
16  1 : 16
17  4 : 17 36 38 84
18  4 : 18 32 43 49
19  1 : 19
20  1 : 20
21  1 : 21
22  1 : 22
24  83 : 24 34 37 45 50 51 54 57 60 61 71 74 77 79 80 81 82 85 86 88 89 90 91 92 95 96 97 98 100 101 102 104 105 109 110 111 112 114 115 116 117 119 120 122 123 126 128 129 130 131 133 136 138 142 144 145 147 149 151 152 153 157 160 163 164 168 169 170 173 178 186 188 189 191 192 194 195 196 201 202 203 210 219
25  4 : 25 40 58 118
26  1 : 26
27  2 : 27 42
28  3 : 28 55 62
29  1 : 29
30  1 : 30
33  2 : 33 72
47  1 : 47
52  3 : 52 83 113
65  1 : 65
106  48 : 106 121 125 127 132 134 139 140 148 150 154 156 158 161 162 166 167 172 174 175 176 177 179 180 181 184 187 193 197 198 199 200 205 206 207 208 209 211 212 213 214 215 216 217 218 220 221 222
108  1 : 108
190  1 : 190
% end

% frame 104
% time 10.5
% start   10.5
% cluster-index, number-of-fibers : name-of-fibers
1  18 : 1 39 41 44 46 53 63 70 76 87 93 107 124 143 159 182 183 185
2  1 : 2
3  1 : 3
4  1 : 4
5  2 : 5 75
6  10 : 6 23 31 35 48 56 66 67 94 171
7  1 : 7
8  1 : 8
9  14 : 9 59 64 68 69 73 99 103 137 141 146 155 165 204
10  1 : 10
11  1 : 11
12  1 : 12
13  1 : 13
14  1 : 14
15  1 : 15
16  1 : 16
17  4 : 17 36 38 84
18  4 : 18 32 43 49
19  1 : 19
20  1 : 20
21  1 : 21
22  1 : 22
24  83 : 24 34 37 45 50 51 54 57 60 61 71 74 77 79 80 81 82 85 86 88 89 90 91 92 95 96 97 98 100 101 102 104 105 109 110 111 112 114 115 116 117 119 120 122 123 126 128 129 130 131 133 136 138 142 144 145 147 149 151 152 153 157 160 163 164 168 169 170 173 178 186 188 189 191 192 194 195 196 201 202 203 210 219
25  4 : 25 40 58 118
26  1 : 26
27  2 : 27 42
28  3 : 28 55 62
29  1 : 29
30  1 : 30
33  2 : 33 72
47  1 : 47
52  3 : 52 83 113
65  1 : 65
106  48 : 106 121 125 127 132 134 139 140 148 150 154 156 158 161 162 166 167 172 174 175 176 177 179 180 181 184 187 193 197 198 199 200 205 206 207 208 209 211 212 213 214 215 216 217 218 220 221 222
108  1 : 108
190  1 : 190
% end

% frame 105
% time 10.6
% start   10.6
% cluster-index, number-of-fibers : name-of-fibers
1  18 : 1 39 41 44 46 53 63 70 76 87 93 107 124 143 159 182 183 185
2  1 : 2
3  1 : 3
4  1 : 4
5  2 : 5 75
6  10 : 6 23 31 35 48 56 66 67 94 171
7  1 : 7
8  1 : 8
9  14 : 9 59 64 68 69 73 99 103 137 141 146 155 165 204
10  1 : 10
11  1 : 11
12  1 : 12
13  1 : 13
14  1 : 14
15  1 : 15
16  1 : 16
17  4 : 17 36 38 84
18  4 : 18 32 43 49
19  1 : 19
20  1 : 20
21  1 : 21
22  1 : 22
24  83 : 24 34 37 45 50 51 54 57 60 61 71 74 77 79 80 81 82 85 86 88 89 90 91 92 95 96 97 98 100 101 102 104 105 109 110 111 112 114 115 116 117 119 120 122 123 126 128 129 130 131 133 136 138 142 144 145 147 149 151 152 153 157 160 163 164 168 169 170 173 178 186 188 189 191 192 194 195 196 201 202 203 210 219
25  4 : 25 40 58 118
26  1 : 26
27  2 : 27 42
28  3 : 28 55 62
29  1 : 29
30  1 : 30
33  2 : 33 72
47  1 : 47
52  3 : 52 83 113
65  1 : 65
106  48 : 106 121 125 127 132 134 139 140 148 150 154 156 158 161 162 166 167 172 174 175 176 177 179 180 181 184 187 193 197 198 199 200 205 206 207 208 209 211 212 213 214 215 216 217 218 220 221 222
108  1 : 108
190  1 : 190
% end

% frame 106
% time 10.7
% start   10.7
% cluster-index, number-of-fibers : name-of-fibers
1  18 : 1 39 41 44 46 53 63 70 76 87 93 107 124 143 159 182 183 185
2  1 : 2
3  1 : 3
4  1 : 4
5  2 : 5 75
6  10 : 6 23 31 35 48 56 66 67 94 171
7  1 : 7
8  1 : 8
9  14 : 9 59 64 68 69 73 99 103 137 141 146 155 165 204
10  1 : 10
11  1 : 11
12  1 : 12
13  1 : 13
14  1 : 14
15  1 : 15
16  1 : 16
17  4 : 17 36 38 84
18  4 : 18 32 43 49
19  1 : 19
20  1 : 20
21  1 : 21
22  1 : 22
24  84 : 24 34 37 45 50 51 54 57 60 61 71 74 77 79 80 81 82 85 86 88 89 90 91 92 95 96 97 98 100 101 102 104 105 109 110 111 112 114 115 116 117 119 120 122 123 126 128 129 130 131 133 136 138 142 144 145 147 149 151 152 153 157 160 163 164 168 169 170 173 178 186 188 189 191 192 194 195 196 201 202 203 210 219 223
25  4 : 25 40 58 118
26  1 : 26
27  2 : 27 42
28  3 : 28 55 62
29  1 : 29
30  1 : 30
33  2 : 33 72
47  1 : 47
52  3 : 52 83 113
65  1 : 65
106  48 : 106 121 125 127 132 134 139 140 148 150 154 156 158 161 162 166 167 172 174 175 176 177 179 180 181 184 187 193 197 198 199 200 205 206 207 208 209 211 212 213 214 215 216 217 218 220 221 222
108  1 : 108
190  1 : 190
% end

% frame 107
% time 10.8
% start   10.8
% cluster-index, number-of-fibers : name-of-fibers
1  18 : 1 39 41 44 46 53 63 70 76 87 93 107 124 143 159 182 183 185
2  1 : 2
3  1 : 3
4  1 : 4
5  2 : 5 75
6  10 : 6 23 31 35 48 56 66 67 94 171
7  1 : 7
8  1 : 8
9  14 : 9 59 64 68 69 73 99 103 137 141 146 155 165 204
10  1 : 10
11  1 : 11
12  1 : 12
13  1 : 13
14  1 : 14
15  1 : 15
16  1 : 16
17  4 : 17 36 38 84
18  4 : 18 32 43 49
19  1 : 19
20  1 : 20
21  1 : 21
22  1 : 22
24  84 : 24 34 37 45 50 51 54 57 60 61 71 74 77 79 80 81 82 85 86 88 89 90 91 92 95 96 97 98 100 101 102 104 105 109 110 111 112 114 115 116 117 119 120 122 123 126 128 129 130 131 133 136 138 142 144 145 147 149 151 152 153 157 160 163 164 168 169 170 173 178 186 188 189 191 192 194 195 196 201 202 203 210 219 223
25  4 : 25 40 58 118
26  1 : 26
27  2 : 27 42
28  3 : 28 55 62
29  1 : 29
30  1 : 30
33  2 : 33 72
47  1 : 47
52  3 : 52 83 113
65  1 : 65
106  48 : 106 121 125 127 132 134 139 140 148 150 154 156 158 161 162 166 167 172 174 175 176 177 179 180 181 184 187 193 197 198 199 200 205 206 207 208 209 211 212 213 214 215 216 217 218 220 221 222
108  1 : 108
190  1 : 190
% end

% frame 108
% time 10.9
% start   10.9
% cluster-index, number-of-fibers : name-of-fibers
1  18 : 1 39 41 44 46 53 63 70 76 87 93 107 124 143 159 182 183 185
2  1 : 2
3  1 : 3
4  1 : 4
5  2 : 5 75
6  10 : 6 23 31 35 48 56 66 67 94 171
7  1 : 7
8  1 : 8
9  14 : 9 59 64 68 69 73 99 103 137 141 146 155 165 204
10  1 : 10
11  1 : 11
12  1 : 12
13  1 : 13
14  1 : 14
15  1 : 15
16  1 : 16
17  4 : 17 36 38 84
18  4 : 18 32 43 49
19  1 : 19
20  1 : 20
21  1 : 21
22  1 : 22
24  84 : 24 34 37 45 50 51 54 57 60 61 71 74 77 79 80 81 82 85 86 88 89 90 91 92 95 96 97 98 100 101 102 104 105 109 110 111 112 114 115 116 117 119 120 122 123 126 128 129 130 131 133 136 138 142 144 145 147 149 151 152 153 157 160 163 164 168 169 170 173 178 186 188 189 191 192 194 195 196 201 202 203 210 219 223
25  4 : 25 40 58 118
26  1 : 26
27  2 : 27 42
28  3 : 28 55 62
29  1 : 29
30  1 : 30
33  2 : 33 72
47  1 : 47
52  3 : 52 83 113
65  1 : 65
106  48 : 106 121 125 127 132 134 139 140 148 150 154 156 158 161 162 166 167 172 174 175 176 177 179 180 181 184 187 193 197 198 199 200 205 206 207 208 209 211 212 213 214 215 216 217 218 220 221 222
108  1 : 108
190  1 : 190
% end

% frame 109
% time 11
% start   11
% cluster-index, number-of-fibers : name-of-fibers
1  18 : 1 39 41 44 46 53 63 70 76 87 93 107 124 143 159 182 183 185
2  1 : 2
3  1 : 3
4  1 : 4
5  2 : 5 75
6  10 : 6 23 31 35 48 56 66 67 94 171
7  1 : 7
8  1 : 8
9  14 : 9 59 64 68 69 73 99 103 137 141 146 155 165 204
10  1 : 10
11  1 : 11
12  1 : 12
13  1 : 13
14  1 : 14
15  1 : 15
16  1 : 16
17  4 : 17 36 38 84
18  4 : 18 32 43 49
19  1 : 19
20  1 : 20
21  1 : 21
22  1 : 22
24  84 : 24 34 37 45 50 51 54 57 60 61 71 74 77 79 80 81 82 85 86 88 89 90 91 92 95 96 97 98 100 101 102 104 105 109 110 111 112 114 115 116 117 119 120 122 123 126 128 129 130 131 133 136 138 142 144 145 147 149 151 152 153 157 160 163 164 168 169 170 173 178 186 188 189 191 192 194 195 196 201 202 203 210 219 223
25  4 : 25 40 58 118
26  1 : 26
27  2 : 27 42
28  3 : 28 55 62
29  1 : 29
30  1 : 30
33  2 : 33 72
47  1 : 47
52  3 : 52 83 113
65  1 : 65
106  49 : 106 121 125 127 132 134 139 140 148 150 154 156 158 161 162 166 167 172 174 175 176 177 179 180 181 184 187 193 197 198 199 200 205 206 207 208 209 211 212 213 214 215 216 217 218 220 221 222 224
108  1 : 108
190  1 : 190
% end

