% frame 0
% time 0.1
% start   0.1
% cluster-index, number-of-fibers : name-of-fibers
1  1 : 1
2  1 : 2
3  1 : 3
4  1 : 4
5  1 : 5
6  1 : 6
7  1 : 7
8  1 : 8
9  1 : 9
10  1 : 10
11  1 : 11
12  1 : 12
13  1 : 13
% end

% frame 1
% time 0.2
% start   0.2
% cluster-index, number-of-fibers : name-of-fibers
1  1 : 1
2  1 : 2
3  1 : 3
4  1 : 4
5  1 : 5
6  1 : 6
7  1 : 7
8  1 : 8
9  1 : 9
10  1 : 10
11  1 : 11
12  1 : 12
13  1 : 13
14  1 : 14
15  1 : 15
16  2 : 16 24
17  1 : 17
18  1 : 18
19  1 : 19
20  1 : 20
21  1 : 21
22  1 : 22
23  1 : 23
25  1 : 25
26  1 : 26
% end

% frame 2
% time 0.3
% start   0.3
% cluster-index, number-of-fibers : name-of-fibers
1  1 : 1
2  1 : 2
3  1 : 3
4  1 : 4
5  1 : 5
6  1 : 6
7  1 : 7
8  1 : 8
9  1 : 9
10  1 : 10
11  1 : 11
12  1 : 12
13  1 : 13
14  1 : 14
15  1 : 15
16  2 : 16 24
17  1 : 17
18  1 : 18
19  1 : 19
20  1 : 20
21  1 : 21
22  1 : 22
23  1 : 23
25  1 : 25
26  1 : 26
27  1 : 27
28  1 : 28
29  1 : 29
% end

% frame 3
% time 0.4
% start   0.4
% cluster-index, number-of-fibers : name-of-fibers
1  1 : 1
2  1 : 2
3  1 : 3
4  1 : 4
5  1 : 5
6  1 : 6
7  1 : 7
8  1 : 8
9  1 : 9
10  1 : 10
11  1 : 11
12  1 : 12
13  1 : 13
14  1 : 14
15  1 : 15
16  2 : 16 24
17  1 : 17
18  1 : 18
19  1 : 19
20  1 : 20
21  1 : 21
22  2 : 22 30
23  1 : 23
25  1 : 25
26  1 : 26
27  1 : 27
28  1 : 28
29  1 : 29
31  1 : 31
% end

% frame 4
% time 0.5
% start   0.5
% cluster-index, number-of-fibers : name-of-fibers
1  1 : 1
2  1 : 2
3  1 : 3
4  2 : 4 32
5  1 : 5
6  1 : 6
7  1 : 7
8  1 : 8
9  1 : 9
10  1 : 10
11  1 : 11
12  1 : 12
13  1 : 13
14  1 : 14
15  1 : 15
16  2 : 16 24
17  1 : 17
18  1 : 18
19  1 : 19
20  1 : 20
21  1 : 21
22  3 : 22 30 33
23  1 : 23
25  1 : 25
26  1 : 26
27  1 : 27
28  1 : 28
29  1 : 29
31  1 : 31
% end

% frame 5
% time 0.6
% start   0.6
% cluster-index, number-of-fibers : name-of-fibers
1  1 : 1
2  1 : 2
3  1 : 3
4  2 : 4 32
5  1 : 5
6  1 : 6
7  1 : 7
8  1 : 8
9  1 : 9
10  1 : 10
11  1 : 11
12  1 : 12
13  1 : 13
14  1 : 14
15  1 : 15
16  2 : 16 24
17  1 : 17
18  1 : 18
19  1 : 19
20  1 : 20
21  1 : 21
22  3 : 22 30 33
23  1 : 23
25  1 : 25
26  1 : 26
27  1 : 27
28  1 : 28
29  1 : 29
31  1 : 31
34  1 : 34
% end

% frame 6
% time 0.7
% start   0.7
% cluster-index, number-of-fibers : name-of-fibers
1  1 : 1
2  1 : 2
3  2 : 3 36
4  3 : 4 32 38
5  1 : 5
6  1 : 6
7  1 : 7
8  1 : 8
9  1 : 9
10  3 : 10 35 39
11  1 : 11
12  1 : 12
13  1 : 13
14  2 : 14 37
15  1 : 15
16  2 : 16 24
17  1 : 17
18  1 : 18
19  1 : 19
20  1 : 20
21  1 : 21
22  3 : 22 30 33
23  1 : 23
25  1 : 25
26  1 : 26
27  1 : 27
28  1 : 28
29  1 : 29
31  1 : 31
34  1 : 34
% end

% frame 7
% time 0.8
% start   0.8
% cluster-index, number-of-fibers : name-of-fibers
1  1 : 1
2  1 : 2
3  2 : 3 36
4  3 : 4 32 38
5  1 : 5
6  1 : 6
7  1 : 7
8  1 : 8
9  1 : 9
10  3 : 10 35 39
11  1 : 11
12  1 : 12
13  1 : 13
14  2 : 14 37
15  1 : 15
16  2 : 16 24
17  1 : 17
18  1 : 18
19  1 : 19
20  1 : 20
21  1 : 21
22  4 : 22 30 33 40
23  1 : 23
25  1 : 25
26  1 : 26
27  1 : 27
28  1 : 28
29  1 : 29
31  1 : 31
34  1 : 34
% end

% frame 8
% time 0.9
% start   0.9
% cluster-index, number-of-fibers : name-of-fibers
1  1 : 1
2  1 : 2
3  2 : 3 36
4  4 : 4 32 38 42
5  1 : 5
6  1 : 6
7  1 : 7
8  1 : 8
9  1 : 9
10  4 : 10 35 39 43
11  1 : 11
12  1 : 12
13  1 : 13
14  3 : 14 37 44
15  1 : 15
16  2 : 16 24
17  1 : 17
18  1 : 18
19  1 : 19
20  1 : 20
21  1 : 21
22  5 : 22 30 33 40 41
23  1 : 23
25  1 : 25
26  1 : 26
27  1 : 27
28  1 : 28
29  1 : 29
31  1 : 31
34  1 : 34
% end

% frame 9
% time 1
% start   1
% cluster-index, number-of-fibers : name-of-fibers
1  1 : 1
2  1 : 2
3  2 : 3 36
4  4 : 4 32 38 42
5  1 : 5
6  1 : 6
7  1 : 7
8  1 : 8
9  1 : 9
10  7 : 10 35 39 43 47 49 50
11  1 : 11
12  1 : 12
13  1 : 13
14  3 : 14 37 44
15  1 : 15
16  2 : 16 24
17  2 : 17 46
18  1 : 18
19  1 : 19
20  1 : 20
21  1 : 21
22  7 : 22 30 33 40 41 45 48
23  1 : 23
25  1 : 25
26  1 : 26
27  1 : 27
28  1 : 28
29  1 : 29
31  1 : 31
34  1 : 34
% end

% frame 10
% time 1.1
% start   1.1
% cluster-index, number-of-fibers : name-of-fibers
1  1 : 1
2  1 : 2
3  2 : 3 36
4  5 : 4 32 38 42 53
5  1 : 5
6  1 : 6
7  1 : 7
8  1 : 8
9  1 : 9
10  9 : 10 35 39 43 47 49 50 51 52
11  1 : 11
12  1 : 12
13  1 : 13
14  3 : 14 37 44
15  1 : 15
16  2 : 16 24
17  2 : 17 46
18  1 : 18
19  1 : 19
20  1 : 20
21  1 : 21
22  7 : 22 30 33 40 41 45 48
23  1 : 23
25  1 : 25
26  1 : 26
27  1 : 27
28  1 : 28
29  1 : 29
31  1 : 31
34  1 : 34
% end

% frame 11
% time 1.2
% start   1.2
% cluster-index, number-of-fibers : name-of-fibers
1  1 : 1
2  1 : 2
3  2 : 3 36
4  5 : 4 32 38 42 53
5  1 : 5
6  1 : 6
7  1 : 7
8  1 : 8
9  1 : 9
10  11 : 10 35 39 43 47 49 50 51 52 54 55
11  1 : 11
12  1 : 12
13  1 : 13
14  3 : 14 37 44
15  1 : 15
16  2 : 16 24
17  2 : 17 46
18  1 : 18
19  1 : 19
20  1 : 20
21  1 : 21
22  7 : 22 30 33 40 41 45 48
23  1 : 23
25  1 : 25
26  1 : 26
27  1 : 27
28  1 : 28
29  1 : 29
31  1 : 31
34  1 : 34
% end

% frame 12
% time 1.3
% start   1.3
% cluster-index, number-of-fibers : name-of-fibers
1  1 : 1
2  1 : 2
3  2 : 3 36
4  6 : 4 32 38 42 53 57
5  1 : 5
6  1 : 6
7  1 : 7
8  1 : 8
9  1 : 9
10  12 : 10 35 39 43 47 49 50 51 52 54 55 59
11  1 : 11
12  1 : 12
13  1 : 13
14  3 : 14 37 44
15  1 : 15
16  2 : 16 24
17  3 : 17 46 56
18  1 : 18
19  1 : 19
20  1 : 20
21  1 : 21
22  7 : 22 30 33 40 41 45 48
23  1 : 23
25  2 : 25 58
26  1 : 26
27  1 : 27
28  1 : 28
29  1 : 29
31  1 : 31
34  1 : 34
% end

% frame 13
% time 1.4
% start   1.4
% cluster-index, number-of-fibers : name-of-fibers
1  1 : 1
2  1 : 2
3  2 : 3 36
4  6 : 4 32 38 42 53 57
5  1 : 5
6  1 : 6
7  1 : 7
8  1 : 8
9  1 : 9
10  12 : 10 35 39 43 47 49 50 51 52 54 55 59
11  1 : 11
12  1 : 12
13  1 : 13
14  4 : 14 37 44 60
15  1 : 15
16  2 : 16 24
17  4 : 17 46 56 61
18  1 : 18
19  1 : 19
20  1 : 20
21  1 : 21
22  7 : 22 30 33 40 41 45 48
23  1 : 23
25  2 : 25 58
26  1 : 26
27  1 : 27
28  1 : 28
29  1 : 29
31  1 : 31
34  1 : 34
% end

% frame 14
% time 1.5
% start   1.5
% cluster-index, number-of-fibers : name-of-fibers
1  1 : 1
2  1 : 2
3  2 : 3 36
4  10 : 4 32 38 42 53 57 62 63 64 66
5  1 : 5
6  1 : 6
7  1 : 7
8  1 : 8
9  1 : 9
10  12 : 10 35 39 43 47 49 50 51 52 54 55 59
11  1 : 11
12  1 : 12
13  1 : 13
14  4 : 14 37 44 60
15  1 : 15
16  2 : 16 24
17  4 : 17 46 56 61
18  1 : 18
19  1 : 19
20  1 : 20
21  1 : 21
22  7 : 22 30 33 40 41 45 48
23  1 : 23
25  3 : 25 58 65
26  1 : 26
27  1 : 27
28  1 : 28
29  1 : 29
31  1 : 31
34  1 : 34
% end

% frame 15
% time 1.6
% start   1.6
% cluster-index, number-of-fibers : name-of-fibers
1  1 : 1
2  1 : 2
3  2 : 3 36
4  12 : 4 32 38 42 53 57 62 63 64 66 67 68
5  1 : 5
6  1 : 6
7  1 : 7
8  1 : 8
9  1 : 9
10  12 : 10 35 39 43 47 49 50 51 52 54 55 59
11  1 : 11
12  1 : 12
13  1 : 13
14  4 : 14 37 44 60
15  1 : 15
16  2 : 16 24
17  4 : 17 46 56 61
18  1 : 18
19  1 : 19
20  1 : 20
21  1 : 21
22  7 : 22 30 33 40 41 45 48
23  1 : 23
25  3 : 25 58 65
26  1 : 26
27  1 : 27
28  1 : 28
29  1 : 29
31  1 : 31
34  1 : 34
% end

% frame 16
% time 1.7
% start   1.7
% cluster-index, number-of-fibers : name-of-fibers
1  1 : 1
2  1 : 2
3  3 : 3 36 74
4  15 : 4 32 38 42 53 57 62 63 64 66 67 68 70 72 73
5  1 : 5
6  1 : 6
7  1 : 7
8  1 : 8
9  1 : 9
10  13 : 10 35 39 43 47 49 50 51 52 54 55 59 71
11  1 : 11
12  1 : 12
13  1 : 13
14  4 : 14 37 44 60
15  1 : 15
16  2 : 16 24
17  4 : 17 46 56 61
18  1 : 18
19  1 : 19
20  1 : 20
21  1 : 21
22  7 : 22 30 33 40 41 45 48
23  1 : 23
25  4 : 25 58 65 69
26  1 : 26
27  1 : 27
28  1 : 28
29  1 : 29
31  1 : 31
34  1 : 34
% end

% frame 17
% time 1.8
% start   1.8
% cluster-index, number-of-fibers : name-of-fibers
1  1 : 1
2  1 : 2
3  3 : 3 36 74
4  18 : 4 32 38 42 53 57 62 63 64 66 67 68 70 72 73 76 78 79
5  1 : 5
6  1 : 6
7  1 : 7
8  1 : 8
9  1 : 9
10  14 : 10 35 39 43 47 49 50 51 52 54 55 59 71 75
11  1 : 11
12  1 : 12
13  1 : 13
14  4 : 14 37 44 60
15  1 : 15
16  2 : 16 24
17  5 : 17 46 56 61 77
18  1 : 18
19  1 : 19
20  1 : 20
21  1 : 21
22  7 : 22 30 33 40 41 45 48
23  1 : 23
25  4 : 25 58 65 69
26  1 : 26
27  1 : 27
28  1 : 28
29  1 : 29
31  1 : 31
34  1 : 34
% end

% frame 18
% time 1.9
% start   1.9
% cluster-index, number-of-fibers : name-of-fibers
1  1 : 1
2  1 : 2
3  3 : 3 36 74
4  21 : 4 32 38 42 53 57 62 63 64 66 67 68 70 72 73 76 78 79 80 85 86
5  1 : 5
6  1 : 6
7  1 : 7
8  1 : 8
9  1 : 9
10  15 : 10 35 39 43 47 49 50 51 52 54 55 59 71 75 84
11  1 : 11
12  1 : 12
13  1 : 13
14  4 : 14 37 44 60
15  1 : 15
16  2 : 16 24
17  8 : 17 46 56 61 77 81 82 83
18  1 : 18
19  1 : 19
20  1 : 20
21  1 : 21
22  7 : 22 30 33 40 41 45 48
23  1 : 23
25  4 : 25 58 65 69
26  1 : 26
27  1 : 27
28  1 : 28
29  1 : 29
31  1 : 31
34  1 : 34
% end

% frame 19
% time 2
% start   2
% cluster-index, number-of-fibers : name-of-fibers
1  1 : 1
2  1 : 2
3  3 : 3 36 74
4  22 : 4 32 38 42 53 57 62 63 64 66 67 68 70 72 73 76 78 79 80 85 86 89
5  1 : 5
6  1 : 6
7  1 : 7
8  1 : 8
9  1 : 9
10  15 : 10 35 39 43 47 49 50 51 52 54 55 59 71 75 84
11  1 : 11
12  1 : 12
13  1 : 13
14  4 : 14 37 44 60
15  1 : 15
16  2 : 16 24
17  10 : 17 46 56 61 77 81 82 83 87 88
18  1 : 18
19  1 : 19
20  1 : 20
21  1 : 21
22  7 : 22 30 33 40 41 45 48
23  1 : 23
25  4 : 25 58 65 69
26  1 : 26
27  1 : 27
28  1 : 28
29  1 : 29
31  1 : 31
34  1 : 34
% end

% frame 20
% time 2.1
% start   2.1
% cluster-index, number-of-fibers : name-of-fibers
1  1 : 1
2  1 : 2
3  3 : 3 36 74
4  27 : 4 32 38 42 53 57 62 63 64 66 67 68 70 72 73 76 78 79 80 85 86 89 91 92 93 94 95
5  1 : 5
6  1 : 6
7  1 : 7
8  1 : 8
9  1 : 9
10  15 : 10 35 39 43 47 49 50 51 52 54 55 59 71 75 84
11  1 : 11
12  1 : 12
13  1 : 13
14  4 : 14 37 44 60
15  1 : 15
16  2 : 16 24
17  10 : 17 46 56 61 77 81 82 83 87 88
18  1 : 18
19  1 : 19
20  1 : 20
21  1 : 21
22  8 : 22 30 33 40 41 45 48 90
23  1 : 23
25  4 : 25 58 65 69
26  1 : 26
27  1 : 27
28  1 : 28
29  1 : 29
31  1 : 31
34  1 : 34
% end

% frame 21
% time 2.2
% start   2.2
% cluster-index, number-of-fibers : name-of-fibers
1  1 : 1
2  1 : 2
3  3 : 3 36 74
4  33 : 4 32 38 42 53 57 62 63 64 66 67 68 70 72 73 76 78 79 80 85 86 89 91 92 93 94 95 96 97 98 99 100 101
5  1 : 5
6  1 : 6
7  1 : 7
8  1 : 8
9  1 : 9
10  15 : 10 35 39 43 47 49 50 51 52 54 55 59 71 75 84
11  1 : 11
12  1 : 12
13  1 : 13
14  4 : 14 37 44 60
15  1 : 15
16  2 : 16 24
17  10 : 17 46 56 61 77 81 82 83 87 88
18  1 : 18
19  1 : 19
20  1 : 20
21  1 : 21
22  8 : 22 30 33 40 41 45 48 90
23  1 : 23
25  4 : 25 58 65 69
26  1 : 26
27  1 : 27
28  1 : 28
29  1 : 29
31  1 : 31
34  1 : 34
% end

% frame 22
% time 2.3
% start   2.3
% cluster-index, number-of-fibers : name-of-fibers
1  1 : 1
2  1 : 2
3  3 : 3 36 74
4  35 : 4 32 38 42 53 57 62 63 64 66 67 68 70 72 73 76 78 79 80 85 86 89 91 92 93 94 95 96 97 98 99 100 101 104 106
5  1 : 5
6  1 : 6
7  1 : 7
8  1 : 8
9  1 : 9
10  16 : 10 35 39 43 47 49 50 51 52 54 55 59 71 75 84 103
11  1 : 11
12  1 : 12
13  1 : 13
14  4 : 14 37 44 60
15  1 : 15
16  2 : 16 24
17  12 : 17 46 56 61 77 81 82 83 87 88 102 105
18  1 : 18
19  1 : 19
20  1 : 20
21  1 : 21
22  8 : 22 30 33 40 41 45 48 90
23  1 : 23
25  4 : 25 58 65 69
26  1 : 26
27  1 : 27
28  1 : 28
29  1 : 29
31  1 : 31
34  1 : 34
% end

% frame 23
% time 2.4
% start   2.4
% cluster-index, number-of-fibers : name-of-fibers
1  1 : 1
2  1 : 2
3  3 : 3 36 74
4  37 : 4 32 38 42 53 57 62 63 64 66 67 68 70 72 73 76 78 79 80 85 86 89 91 92 93 94 95 96 97 98 99 100 101 104 106 107 108
5  1 : 5
6  1 : 6
7  1 : 7
8  1 : 8
9  1 : 9
10  17 : 10 35 39 43 47 49 50 51 52 54 55 59 71 75 84 103 109
11  1 : 11
12  1 : 12
13  1 : 13
14  4 : 14 37 44 60
15  1 : 15
16  2 : 16 24
17  12 : 17 46 56 61 77 81 82 83 87 88 102 105
18  1 : 18
19  1 : 19
20  1 : 20
21  1 : 21
22  8 : 22 30 33 40 41 45 48 90
23  1 : 23
25  4 : 25 58 65 69
26  1 : 26
27  1 : 27
28  1 : 28
29  1 : 29
31  1 : 31
34  1 : 34
% end

% frame 24
% time 2.5
% start   2.5
% cluster-index, number-of-fibers : name-of-fibers
1  1 : 1
2  1 : 2
3  3 : 3 36 74
4  40 : 4 32 38 42 53 57 62 63 64 66 67 68 70 72 73 76 78 79 80 85 86 89 91 92 93 94 95 96 97 98 99 100 101 104 106 107 108 110 111 112
5  1 : 5
6  1 : 6
7  1 : 7
8  1 : 8
9  1 : 9
10  17 : 10 35 39 43 47 49 50 51 52 54 55 59 71 75 84 103 109
11  1 : 11
12  1 : 12
13  1 : 13
14  4 : 14 37 44 60
15  1 : 15
16  2 : 16 24
17  12 : 17 46 56 61 77 81 82 83 87 88 102 105
18  1 : 18
19  1 : 19
20  1 : 20
21  1 : 21
22  8 : 22 30 33 40 41 45 48 90
23  1 : 23
25  4 : 25 58 65 69
26  1 : 26
27  1 : 27
28  1 : 28
29  1 : 29
31  1 : 31
34  1 : 34
% end

% frame 25
% time 2.6
% start   2.6
% cluster-index, number-of-fibers : name-of-fibers
1  1 : 1
2  1 : 2
3  3 : 3 36 74
4  41 : 4 32 38 42 53 57 62 63 64 66 67 68 72 73 76 78 79 80 85 86 89 91 92 93 94 95 96 97 98 99 100 101 104 106 107 108 110 111 112 113 115
5  1 : 5
6  1 : 6
7  1 : 7
8  1 : 8
9  1 : 9
10  17 : 10 35 39 43 47 49 50 51 52 54 55 59 71 75 84 103 109
11  1 : 11
12  1 : 12
13  1 : 13
14  4 : 14 37 44 60
15  1 : 15
16  2 : 16 24
17  14 : 17 46 56 61 77 81 82 83 87 88 102 105 114 116
18  1 : 18
19  1 : 19
20  1 : 20
21  1 : 21
22  8 : 22 30 33 40 41 45 48 90
23  1 : 23
25  4 : 25 58 65 69
26  1 : 26
27  1 : 27
28  1 : 28
29  1 : 29
31  1 : 31
34  1 : 34
70  1 : 70
% end

% frame 26
% time 2.7
% start   2.7
% cluster-index, number-of-fibers : name-of-fibers
1  1 : 1
2  1 : 2
3  3 : 3 36 74
4  43 : 4 32 38 42 53 57 62 63 64 66 67 68 72 73 76 78 79 80 85 86 89 91 92 93 94 95 96 97 98 99 100 101 104 106 107 108 110 111 112 113 115 117 118
5  1 : 5
6  1 : 6
7  1 : 7
8  1 : 8
9  1 : 9
10  17 : 10 35 39 43 47 49 50 51 52 54 55 59 71 75 84 103 109
11  1 : 11
12  1 : 12
13  1 : 13
14  4 : 14 37 44 60
15  1 : 15
16  2 : 16 24
17  14 : 17 46 56 61 77 81 82 83 87 88 102 105 114 116
18  1 : 18
19  1 : 19
20  1 : 20
21  1 : 21
22  8 : 22 30 33 40 41 45 48 90
23  1 : 23
25  4 : 25 58 65 69
26  1 : 26
27  1 : 27
28  1 : 28
29  1 : 29
31  1 : 31
34  1 : 34
70  1 : 70
% end

% frame 27
% time 2.8
% start   2.8
% cluster-index, number-of-fibers : name-of-fibers
1  1 : 1
2  1 : 2
3  3 : 3 36 74
4  48 : 4 32 38 42 53 57 62 63 64 66 67 68 72 73 76 78 79 80 85 86 89 91 92 93 94 95 96 97 98 99 100 101 104 106 107 108 110 111 112 113 115 117 118 120 121 122 124 125
5  1 : 5
6  1 : 6
7  1 : 7
8  1 : 8
9  1 : 9
10  17 : 10 35 39 43 47 49 50 51 52 54 55 59 71 75 84 103 109
11  1 : 11
12  1 : 12
13  1 : 13
14  4 : 14 37 44 60
15  1 : 15
16  2 : 16 24
17  14 : 17 46 56 61 77 81 82 83 87 88 102 105 114 116
18  1 : 18
19  1 : 19
20  1 : 20
21  1 : 21
22  8 : 22 30 33 40 41 45 48 90
23  1 : 23
25  4 : 25 58 65 69
26  1 : 26
27  1 : 27
28  1 : 28
29  1 : 29
31  1 : 31
34  1 : 34
70  3 : 70 119 123
% end

% frame 28
% time 2.9
% start   2.9
% cluster-index, number-of-fibers : name-of-fibers
1  1 : 1
2  1 : 2
3  3 : 3 36 74
4  50 : 4 32 38 42 53 57 62 63 64 66 67 68 72 73 76 78 79 80 85 86 89 91 92 93 94 95 96 97 98 99 100 101 104 106 107 108 110 111 112 113 115 117 118 120 121 122 124 125 126 127
5  1 : 5
6  1 : 6
7  1 : 7
8  1 : 8
9  1 : 9
10  17 : 10 35 39 43 47 49 50 51 52 54 55 59 71 75 84 103 109
11  2 : 11 129
12  1 : 12
13  1 : 13
14  4 : 14 37 44 60
15  1 : 15
16  2 : 16 24
17  15 : 17 46 56 61 77 81 82 83 87 88 102 105 114 116 128
18  1 : 18
19  1 : 19
20  1 : 20
21  1 : 21
22  8 : 22 30 33 40 41 45 48 90
23  1 : 23
25  4 : 25 58 65 69
26  1 : 26
27  1 : 27
28  1 : 28
29  1 : 29
31  1 : 31
34  1 : 34
70  4 : 70 119 123 130
% end

% frame 29
% time 3
% start   3
% cluster-index, number-of-fibers : name-of-fibers
1  1 : 1
2  1 : 2
3  3 : 3 36 74
4  53 : 4 32 38 42 53 57 62 63 64 66 67 68 72 73 76 78 79 80 85 86 89 91 92 93 94 95 96 97 98 99 100 101 104 106 107 108 110 111 112 113 115 117 118 120 121 122 124 125 126 127 131 132 133
5  1 : 5
6  1 : 6
7  1 : 7
8  1 : 8
9  1 : 9
10  17 : 10 35 39 43 47 49 50 51 52 54 55 59 71 75 84 103 109
11  2 : 11 129
12  1 : 12
13  1 : 13
14  4 : 14 37 44 60
15  1 : 15
16  2 : 16 24
17  15 : 17 46 56 61 77 81 82 83 87 88 102 105 114 116 128
18  1 : 18
19  1 : 19
20  1 : 20
21  1 : 21
22  8 : 22 30 33 40 41 45 48 90
23  1 : 23
25  4 : 25 58 65 69
26  1 : 26
27  1 : 27
28  1 : 28
29  1 : 29
31  1 : 31
34  1 : 34
70  4 : 70 119 123 130
% end

% frame 30
% time 3.1
% start   3.1
% cluster-index, number-of-fibers : name-of-fibers
1  1 : 1
2  1 : 2
3  3 : 3 36 74
4  54 : 4 32 38 42 53 57 62 63 64 66 67 68 72 73 76 78 79 80 85 86 89 91 92 93 94 95 96 97 98 99 100 101 104 106 107 108 110 111 112 113 115 117 118 120 121 122 124 125 126 127 131 132 133 134
5  1 : 5
6  1 : 6
7  1 : 7
8  1 : 8
9  1 : 9
10  17 : 10 35 39 43 47 49 50 51 52 54 55 59 71 75 84 103 109
11  2 : 11 129
12  1 : 12
13  1 : 13
14  4 : 14 37 44 60
15  1 : 15
16  2 : 16 24
17  15 : 17 46 56 61 77 81 82 83 87 88 102 105 114 116 128
18  1 : 18
19  1 : 19
20  1 : 20
21  1 : 21
22  8 : 22 30 33 40 41 45 48 90
23  1 : 23
25  4 : 25 58 65 69
26  1 : 26
27  1 : 27
28  1 : 28
29  1 : 29
31  1 : 31
34  1 : 34
70  4 : 70 119 123 130
% end

% frame 31
% time 3.2
% start   3.2
% cluster-index, number-of-fibers : name-of-fibers
1  1 : 1
2  1 : 2
3  3 : 3 36 74
4  57 : 4 32 38 42 53 57 62 63 64 66 67 68 72 73 76 78 79 80 85 86 89 91 92 93 94 95 96 97 98 99 100 101 104 106 107 108 110 111 112 113 115 117 118 120 121 122 124 125 126 127 131 132 133 134 135 136 137
5  1 : 5
6  1 : 6
7  1 : 7
8  1 : 8
9  1 : 9
10  17 : 10 35 39 43 47 49 50 51 52 54 55 59 71 75 84 103 109
11  2 : 11 129
12  1 : 12
13  1 : 13
14  4 : 14 37 44 60
15  1 : 15
16  2 : 16 24
17  15 : 17 46 56 61 77 81 82 83 87 88 102 105 114 116 128
18  1 : 18
19  1 : 19
20  1 : 20
21  1 : 21
22  8 : 22 30 33 40 41 45 48 90
23  1 : 23
25  4 : 25 58 65 69
26  1 : 26
27  1 : 27
28  1 : 28
29  1 : 29
31  1 : 31
34  1 : 34
70  4 : 70 119 123 130
% end

% frame 32
% time 3.3
% start   3.3
% cluster-index, number-of-fibers : name-of-fibers
1  1 : 1
2  1 : 2
3  3 : 3 36 74
4  62 : 4 32 38 42 53 57 62 63 64 66 67 68 72 73 76 78 79 80 85 86 89 91 92 93 94 95 96 97 98 99 100 101 104 106 107 108 110 111 112 113 115 117 118 120 121 122 124 125 126 127 131 132 133 134 135 136 137 138 139 140 142 143
5  1 : 5
6  1 : 6
7  1 : 7
8  1 : 8
9  1 : 9
10  17 : 10 35 39 43 47 49 50 51 52 54 55 59 71 75 84 103 109
11  2 : 11 129
12  1 : 12
13  1 : 13
14  4 : 14 37 44 60
15  1 : 15
16  2 : 16 24
17  15 : 17 46 56 61 77 81 82 83 87 88 102 105 114 116 128
18  1 : 18
19  1 : 19
20  1 : 20
21  1 : 21
22  8 : 22 30 33 40 41 45 48 90
23  1 : 23
25  4 : 25 58 65 69
26  1 : 26
27  1 : 27
28  1 : 28
29  1 : 29
31  1 : 31
34  1 : 34
70  5 : 70 119 123 130 141
% end

% frame 33
% time 3.4
% start   3.4
% cluster-index, number-of-fibers : name-of-fibers
1  1 : 1
2  1 : 2
3  3 : 3 36 74
4  72 : 4 32 38 42 53 57 62 63 64 66 67 68 70 72 73 76 78 79 80 85 86 89 91 92 93 94 95 96 97 98 99 100 101 104 106 107 108 110 111 112 113 115 117 118 119 120 121 122 123 124 125 126 127 130 131 132 133 134 135 136 137 138 139 140 141 142 143 144 145 146 147 148
5  1 : 5
6  1 : 6
7  1 : 7
8  1 : 8
9  1 : 9
10  17 : 10 35 39 43 47 49 50 51 52 54 55 59 71 75 84 103 109
11  2 : 11 129
12  1 : 12
13  1 : 13
14  4 : 14 37 44 60
15  1 : 15
16  2 : 16 24
17  15 : 17 46 56 61 77 81 82 83 87 88 102 105 114 116 128
18  1 : 18
19  1 : 19
20  1 : 20
21  1 : 21
22  8 : 22 30 33 40 41 45 48 90
23  1 : 23
25  4 : 25 58 65 69
26  1 : 26
27  1 : 27
28  1 : 28
29  1 : 29
31  1 : 31
34  1 : 34
% end

% frame 34
% time 3.5
% start   3.5
% cluster-index, number-of-fibers : name-of-fibers
1  1 : 1
2  1 : 2
3  3 : 3 36 74
4  75 : 4 32 38 42 53 57 62 63 64 66 67 68 70 72 73 76 78 79 80 85 86 89 91 92 93 94 95 96 97 98 99 100 101 104 106 107 108 110 111 112 113 115 117 118 119 120 121 122 123 124 125 126 127 130 131 132 133 134 135 136 137 138 139 140 141 142 143 144 145 146 147 148 149 150 151
5  1 : 5
6  1 : 6
7  1 : 7
8  1 : 8
9  1 : 9
10  17 : 10 35 39 43 47 49 50 51 52 54 55 59 71 75 84 103 109
11  2 : 11 129
12  1 : 12
13  1 : 13
14  4 : 14 37 44 60
15  1 : 15
16  2 : 16 24
17  15 : 17 46 56 61 77 81 82 83 87 88 102 105 114 116 128
18  1 : 18
19  1 : 19
20  1 : 20
21  1 : 21
22  8 : 22 30 33 40 41 45 48 90
23  1 : 23
25  4 : 25 58 65 69
26  1 : 26
27  1 : 27
28  1 : 28
29  1 : 29
31  1 : 31
34  1 : 34
% end

% frame 35
% time 3.6
% start   3.6
% cluster-index, number-of-fibers : name-of-fibers
1  1 : 1
2  1 : 2
3  3 : 3 36 74
4  77 : 4 32 38 42 53 57 62 63 64 66 67 68 70 72 73 76 78 79 80 85 86 89 91 92 93 94 95 96 97 98 99 100 101 104 106 107 108 110 111 112 113 115 117 118 119 120 121 122 123 124 125 126 127 130 131 132 133 134 135 136 137 138 139 140 141 142 143 144 145 146 147 148 149 150 151 152 153
5  1 : 5
6  1 : 6
7  1 : 7
8  1 : 8
9  1 : 9
10  17 : 10 35 39 43 47 49 50 51 52 54 55 59 71 75 84 103 109
11  2 : 11 129
12  1 : 12
13  1 : 13
14  4 : 14 37 44 60
15  1 : 15
16  2 : 16 24
17  15 : 17 46 56 61 77 81 82 83 87 88 102 105 114 116 128
18  1 : 18
19  1 : 19
20  1 : 20
21  1 : 21
22  8 : 22 30 33 40 41 45 48 90
23  1 : 23
25  5 : 25 58 65 69 154
26  1 : 26
27  1 : 27
28  1 : 28
29  1 : 29
31  1 : 31
34  1 : 34
% end

% frame 36
% time 3.7
% start   3.7
% cluster-index, number-of-fibers : name-of-fibers
1  1 : 1
2  1 : 2
3  3 : 3 36 74
4  78 : 4 32 38 42 53 57 62 63 64 66 67 68 70 72 73 76 78 79 80 85 86 89 91 92 93 94 95 96 97 98 99 100 101 104 106 107 108 110 111 112 113 115 117 118 119 120 121 122 123 124 125 126 127 130 131 132 133 134 135 136 137 138 139 140 141 142 143 144 145 146 147 148 149 150 151 152 153 155
5  1 : 5
6  1 : 6
7  1 : 7
8  1 : 8
9  1 : 9
10  17 : 10 35 39 43 47 49 50 51 52 54 55 59 71 75 84 103 109
11  2 : 11 129
12  1 : 12
13  1 : 13
14  4 : 14 37 44 60
15  1 : 15
16  2 : 16 24
17  15 : 17 46 56 61 77 81 82 83 87 88 102 105 114 116 128
18  1 : 18
19  1 : 19
20  1 : 20
21  1 : 21
22  8 : 22 30 33 40 41 45 48 90
23  1 : 23
25  5 : 25 58 65 69 154
26  1 : 26
27  1 : 27
28  1 : 28
29  1 : 29
31  1 : 31
34  1 : 34
% end

% frame 37
% time 3.8
% start   3.8
% cluster-index, number-of-fibers : name-of-fibers
1  1 : 1
2  1 : 2
3  3 : 3 36 74
4  80 : 4 32 38 42 53 57 62 63 64 66 67 68 70 72 73 76 78 79 80 85 86 89 91 92 93 94 95 96 97 98 99 100 101 104 106 107 108 110 111 112 113 115 117 118 119 120 121 122 123 124 125 126 127 130 131 132 133 134 135 136 137 138 139 140 141 142 143 144 145 146 147 148 149 150 151 152 153 155 156 157
5  1 : 5
6  1 : 6
7  1 : 7
8  1 : 8
9  1 : 9
10  17 : 10 35 39 43 47 49 50 51 52 54 55 59 71 75 84 103 109
11  2 : 11 129
12  1 : 12
13  1 : 13
14  4 : 14 37 44 60
15  1 : 15
16  2 : 16 24
17  15 : 17 46 56 61 77 81 82 83 87 88 102 105 114 116 128
18  1 : 18
19  1 : 19
20  1 : 20
21  1 : 21
22  8 : 22 30 33 40 41 45 48 90
23  1 : 23
25  5 : 25 58 65 69 154
26  1 : 26
27  1 : 27
28  1 : 28
29  1 : 29
31  1 : 31
34  1 : 34
% end

% frame 38
% time 3.9
% start   3.9
% cluster-index, number-of-fibers : name-of-fibers
1  1 : 1
2  1 : 2
3  3 : 3 36 74
4  82 : 4 32 38 42 53 57 62 63 64 66 67 68 70 72 73 76 78 79 80 85 86 89 91 92 93 94 95 96 97 98 99 100 101 104 106 107 108 110 111 112 113 115 117 118 119 120 121 122 123 124 125 126 127 130 131 132 133 134 135 136 137 138 139 140 141 142 143 144 145 146 147 148 149 150 151 152 153 155 156 157 158 159
5  1 : 5
6  1 : 6
7  1 : 7
8  1 : 8
9  1 : 9
10  17 : 10 35 39 43 47 49 50 51 52 54 55 59 71 75 84 103 109
11  2 : 11 129
12  1 : 12
13  1 : 13
14  4 : 14 37 44 60
15  1 : 15
16  2 : 16 24
17  15 : 17 46 56 61 77 81 82 83 87 88 102 105 114 116 128
18  1 : 18
19  1 : 19
20  1 : 20
21  1 : 21
22  8 : 22 30 33 40 41 45 48 90
23  1 : 23
25  6 : 25 58 65 69 154 160
26  1 : 26
27  1 : 27
28  1 : 28
29  1 : 29
31  1 : 31
34  1 : 34
% end

% frame 39
% time 4
% start   4
% cluster-index, number-of-fibers : name-of-fibers
1  1 : 1
2  1 : 2
3  3 : 3 36 74
4  83 : 4 32 38 42 53 57 62 63 64 66 67 68 70 72 73 76 78 79 80 85 86 89 91 92 93 94 95 96 97 98 99 100 101 104 106 107 108 110 111 112 113 115 117 118 119 120 121 122 123 124 125 126 127 130 131 132 133 134 135 136 137 138 139 140 141 142 143 144 145 146 147 148 149 150 151 152 153 155 156 157 158 159 161
5  1 : 5
6  1 : 6
7  1 : 7
8  1 : 8
9  1 : 9
10  17 : 10 35 39 43 47 49 50 51 52 54 55 59 71 75 84 103 109
11  2 : 11 129
12  1 : 12
13  1 : 13
14  4 : 14 37 44 60
15  1 : 15
16  2 : 16 24
17  15 : 17 46 56 61 77 81 82 83 87 88 102 105 114 116 128
18  1 : 18
19  1 : 19
20  1 : 20
21  1 : 21
22  8 : 22 30 33 40 41 45 48 90
23  1 : 23
25  6 : 25 58 65 69 154 160
26  1 : 26
27  1 : 27
28  1 : 28
29  1 : 29
31  1 : 31
34  1 : 34
% end

% frame 40
% time 4.1
% start   4.1
% cluster-index, number-of-fibers : name-of-fibers
1  1 : 1
2  1 : 2
3  3 : 3 36 74
4  86 : 4 32 38 42 53 57 62 63 64 66 67 68 70 72 73 76 78 79 80 85 86 89 91 92 93 94 95 96 97 98 99 100 101 104 106 107 108 110 111 112 113 115 117 118 119 120 121 122 123 124 125 126 127 130 131 132 133 134 135 136 137 138 139 140 141 142 143 144 145 146 147 148 149 150 151 152 153 155 156 157 158 159 161 162 163 165
5  1 : 5
6  1 : 6
7  1 : 7
8  1 : 8
9  1 : 9
10  17 : 10 35 39 43 47 49 50 51 52 54 55 59 71 75 84 103 109
11  2 : 11 129
12  1 : 12
13  1 : 13
14  4 : 14 37 44 60
15  1 : 15
16  2 : 16 24
17  16 : 17 46 56 61 77 81 82 83 87 88 102 105 114 116 128 164
18  1 : 18
19  1 : 19
20  1 : 20
21  1 : 21
22  8 : 22 30 33 40 41 45 48 90
23  1 : 23
25  6 : 25 58 65 69 154 160
26  1 : 26
27  1 : 27
28  1 : 28
29  1 : 29
31  1 : 31
34  1 : 34
% end

% frame 41
% time 4.2
% start   4.2
% cluster-index, number-of-fibers : name-of-fibers
1  1 : 1
2  1 : 2
3  3 : 3 36 74
4  87 : 4 32 38 42 53 57 62 63 64 66 67 68 70 72 73 76 78 79 80 85 86 89 91 92 93 94 95 96 97 98 99 100 101 104 106 107 108 110 111 112 113 115 117 118 119 120 121 122 123 124 125 126 127 130 131 132 133 134 135 136 137 138 139 140 141 142 143 144 145 146 147 148 149 150 151 152 153 155 156 157 158 159 161 162 163 165 166
5  1 : 5
6  1 : 6
7  1 : 7
8  1 : 8
9  1 : 9
10  17 : 10 35 39 43 47 49 50 51 52 54 55 59 71 75 84 103 109
11  2 : 11 129
12  1 : 12
13  1 : 13
14  4 : 14 37 44 60
15  1 : 15
16  2 : 16 24
17  16 : 17 46 56 61 77 81 82 83 87 88 102 105 114 116 128 164
18  1 : 18
19  1 : 19
20  1 : 20
21  1 : 21
22  8 : 22 30 33 40 41 45 48 90
23  1 : 23
25  6 : 25 58 65 69 154 160
26  1 : 26
27  1 : 27
28  1 : 28
29  1 : 29
31  1 : 31
34  1 : 34
% end

% frame 42
% time 4.3
% start   4.3
% cluster-index, number-of-fibers : name-of-fibers
1  1 : 1
2  1 : 2
3  3 : 3 36 74
4  88 : 4 32 38 42 53 57 62 63 64 66 67 68 70 72 73 76 78 79 80 85 86 89 91 92 93 94 95 96 97 98 99 100 101 104 106 107 108 110 111 112 113 115 117 118 119 120 121 122 123 124 125 126 127 130 131 132 133 134 135 136 137 138 139 140 141 142 143 144 145 146 147 148 149 150 151 152 153 155 156 157 158 159 161 162 163 165 166 167
5  1 : 5
6  1 : 6
7  1 : 7
8  1 : 8
9  1 : 9
10  17 : 10 35 39 43 47 49 50 51 52 54 55 59 71 75 84 103 109
11  2 : 11 129
12  1 : 12
13  1 : 13
14  4 : 14 37 44 60
15  1 : 15
16  2 : 16 24
17  16 : 17 46 56 61 77 81 82 83 87 88 102 105 114 116 128 164
18  1 : 18
19  1 : 19
20  1 : 20
21  1 : 21
22  8 : 22 30 33 40 41 45 48 90
23  1 : 23
25  6 : 25 58 65 69 154 160
26  1 : 26
27  1 : 27
28  1 : 28
29  1 : 29
31  1 : 31
34  1 : 34
% end

% frame 43
% time 4.4
% start   4.4
% cluster-index, number-of-fibers : name-of-fibers
1  1 : 1
2  1 : 2
3  3 : 3 36 74
4  92 : 4 32 38 42 53 57 62 63 64 66 67 68 70 72 73 76 78 79 80 85 86 89 91 92 93 94 95 96 97 98 99 100 101 104 106 107 108 110 111 112 113 115 117 118 119 120 121 122 123 124 125 126 127 130 131 132 133 134 135 136 137 138 139 140 141 142 143 144 145 146 147 148 149 150 151 152 153 155 156 157 158 159 161 162 163 165 166 167 168 169 170 171
5  1 : 5
6  1 : 6
7  1 : 7
8  1 : 8
9  1 : 9
10  17 : 10 35 39 43 47 49 50 51 52 54 55 59 71 75 84 103 109
11  2 : 11 129
12  1 : 12
13  1 : 13
14  4 : 14 37 44 60
15  1 : 15
16  2 : 16 24
17  16 : 17 46 56 61 77 81 82 83 87 88 102 105 114 116 128 164
18  1 : 18
19  1 : 19
20  1 : 20
21  1 : 21
22  8 : 22 30 33 40 41 45 48 90
23  1 : 23
25  6 : 25 58 65 69 154 160
26  1 : 26
27  1 : 27
28  1 : 28
29  1 : 29
31  1 : 31
34  1 : 34
% end

% frame 44
% time 4.5
% start   4.5
% cluster-index, number-of-fibers : name-of-fibers
1  1 : 1
2  1 : 2
3  3 : 3 36 74
4  94 : 4 32 38 42 53 57 62 63 64 66 67 68 70 72 73 76 78 79 80 85 86 89 91 92 93 94 95 96 97 98 99 100 101 104 106 107 108 110 111 112 113 115 117 118 119 120 121 122 123 124 125 126 127 130 131 132 133 134 135 136 137 138 139 140 141 142 143 144 145 146 147 148 149 150 151 152 153 155 156 157 158 159 161 162 163 165 166 167 168 169 170 171 173 174
5  1 : 5
6  1 : 6
7  1 : 7
8  1 : 8
9  1 : 9
10  17 : 10 35 39 43 47 49 50 51 52 54 55 59 71 75 84 103 109
11  2 : 11 129
12  1 : 12
13  1 : 13
14  4 : 14 37 44 60
15  1 : 15
16  2 : 16 24
17  17 : 17 46 56 61 77 81 82 83 87 88 102 105 114 116 128 164 172
18  1 : 18
19  1 : 19
20  1 : 20
21  1 : 21
22  8 : 22 30 33 40 41 45 48 90
23  1 : 23
25  6 : 25 58 65 69 154 160
26  1 : 26
27  1 : 27
28  1 : 28
29  1 : 29
31  1 : 31
34  1 : 34
% end

% frame 45
% time 4.6
% start   4.6
% cluster-index, number-of-fibers : name-of-fibers
1  1 : 1
2  1 : 2
3  3 : 3 36 74
4  95 : 4 32 38 42 53 57 62 63 64 66 67 68 70 72 73 76 78 79 80 85 86 89 91 92 93 94 95 96 97 98 99 100 101 104 106 107 108 110 111 112 113 115 117 118 119 120 121 122 123 124 125 126 127 130 131 132 133 134 135 136 137 138 139 140 141 142 143 144 145 146 147 148 149 150 151 152 153 155 156 157 158 159 161 162 163 165 166 167 168 169 170 171 173 174 175
5  1 : 5
6  1 : 6
7  1 : 7
8  1 : 8
9  1 : 9
10  17 : 10 35 39 43 47 49 50 51 52 54 55 59 71 75 84 103 109
11  2 : 11 129
12  1 : 12
13  1 : 13
14  4 : 14 37 44 60
15  1 : 15
16  2 : 16 24
17  17 : 17 46 56 61 77 81 82 83 87 88 102 105 114 116 128 164 172
18  1 : 18
19  1 : 19
20  1 : 20
21  1 : 21
22  8 : 22 30 33 40 41 45 48 90
23  1 : 23
25  6 : 25 58 65 69 154 160
26  1 : 26
27  1 : 27
28  1 : 28
29  1 : 29
31  1 : 31
34  1 : 34
% end

% frame 46
% time 4.7
% start   4.7
% cluster-index, number-of-fibers : name-of-fibers
1  1 : 1
2  1 : 2
3  3 : 3 36 74
4  96 : 4 32 38 42 53 57 62 63 64 66 67 68 70 72 73 76 78 79 80 85 86 89 91 92 93 94 95 96 97 98 99 100 101 104 106 107 108 110 111 112 113 115 117 118 119 120 121 122 123 124 125 126 127 130 131 132 133 134 135 136 137 138 139 140 141 142 143 144 145 146 147 148 149 150 151 152 153 155 156 157 158 159 161 162 163 165 166 167 168 169 170 171 173 174 175 176
5  1 : 5
6  1 : 6
7  1 : 7
8  1 : 8
9  1 : 9
10  17 : 10 35 39 43 47 49 50 51 52 54 55 59 71 75 84 103 109
11  2 : 11 129
12  1 : 12
13  1 : 13
14  4 : 14 37 44 60
15  1 : 15
16  2 : 16 24
17  17 : 17 46 56 61 77 81 82 83 87 88 102 105 114 116 128 164 172
18  1 : 18
19  1 : 19
20  1 : 20
21  1 : 21
22  8 : 22 30 33 40 41 45 48 90
23  1 : 23
25  6 : 25 58 65 69 154 160
26  1 : 26
27  1 : 27
28  1 : 28
29  1 : 29
31  1 : 31
34  1 : 34
% end

% frame 47
% time 4.8
% start   4.8
% cluster-index, number-of-fibers : name-of-fibers
1  1 : 1
2  1 : 2
3  3 : 3 36 74
4  98 : 4 32 38 42 53 57 62 63 64 66 67 68 70 72 73 76 78 79 80 85 86 89 91 92 93 94 95 96 97 98 99 100 101 104 106 107 108 110 111 112 113 115 117 118 119 120 121 122 123 124 125 126 127 130 131 132 133 134 135 136 137 138 139 140 141 142 143 144 145 146 147 148 149 150 151 152 153 155 156 157 158 159 161 162 163 165 166 167 168 169 170 171 173 174 175 176 177 178
5  1 : 5
6  1 : 6
7  1 : 7
8  1 : 8
9  1 : 9
10  17 : 10 35 39 43 47 49 50 51 52 54 55 59 71 75 84 103 109
11  2 : 11 129
12  1 : 12
13  1 : 13
14  4 : 14 37 44 60
15  1 : 15
16  2 : 16 24
17  17 : 17 46 56 61 77 81 82 83 87 88 102 105 114 116 128 164 172
18  1 : 18
19  1 : 19
20  1 : 20
21  1 : 21
22  8 : 22 30 33 40 41 45 48 90
23  1 : 23
25  6 : 25 58 65 69 154 160
26  1 : 26
27  1 : 27
28  1 : 28
29  1 : 29
31  1 : 31
34  1 : 34
% end

% frame 48
% time 4.9
% start   4.9
% cluster-index, number-of-fibers : name-of-fibers
1  1 : 1
2  1 : 2
3  3 : 3 36 74
4  101 : 4 32 38 42 53 57 62 63 64 66 67 68 70 72 73 76 78 79 80 85 86 89 91 92 93 94 95 96 97 98 99 100 101 104 106 107 108 110 111 112 113 115 117 118 119 120 121 122 123 124 125 126 127 130 131 132 133 134 135 136 137 138 139 140 141 142 143 144 145 146 147 148 149 150 151 152 153 155 156 157 158 159 161 162 163 165 166 167 168 169 170 171 173 174 175 176 177 178 180 181 182
5  1 : 5
6  1 : 6
7  1 : 7
8  1 : 8
9  1 : 9
10  17 : 10 35 39 43 47 49 50 51 52 54 55 59 71 75 84 103 109
11  2 : 11 129
12  1 : 12
13  1 : 13
14  4 : 14 37 44 60
15  1 : 15
16  2 : 16 24
17  18 : 17 46 56 61 77 81 82 83 87 88 102 105 114 116 128 164 172 179
18  1 : 18
19  1 : 19
20  1 : 20
21  1 : 21
22  8 : 22 30 33 40 41 45 48 90
23  1 : 23
25  6 : 25 58 65 69 154 160
26  1 : 26
27  1 : 27
28  1 : 28
29  1 : 29
31  1 : 31
34  1 : 34
% end

% frame 49
% time 5
% start   5
% cluster-index, number-of-fibers : name-of-fibers
1  1 : 1
2  1 : 2
3  3 : 3 36 74
4  104 : 4 32 38 42 53 57 62 63 64 66 67 68 70 72 73 76 78 79 80 85 86 89 91 92 93 94 95 96 97 98 99 100 101 104 106 107 108 110 111 112 113 115 117 118 119 120 121 122 123 124 125 126 127 130 131 132 133 134 135 136 137 138 139 140 141 142 143 144 145 146 147 148 149 150 151 152 153 155 156 157 158 159 161 162 163 165 166 167 168 169 170 171 173 174 175 176 177 178 180 181 182 183 184 185
5  1 : 5
6  1 : 6
7  1 : 7
8  1 : 8
9  1 : 9
10  17 : 10 35 39 43 47 49 50 51 52 54 55 59 71 75 84 103 109
11  2 : 11 129
12  1 : 12
13  1 : 13
14  4 : 14 37 44 60
15  1 : 15
16  2 : 16 24
17  18 : 17 46 56 61 77 81 82 83 87 88 102 105 114 116 128 164 172 179
18  1 : 18
19  1 : 19
20  1 : 20
21  1 : 21
22  8 : 22 30 33 40 41 45 48 90
23  1 : 23
25  6 : 25 58 65 69 154 160
26  1 : 26
27  1 : 27
28  1 : 28
29  1 : 29
31  1 : 31
34  1 : 34
% end

% frame 50
% time 5.1
% start   5.1
% cluster-index, number-of-fibers : name-of-fibers
1  1 : 1
2  1 : 2
3  3 : 3 36 74
4  104 : 4 32 38 42 53 57 62 63 64 66 67 68 70 72 73 76 78 79 80 85 86 89 91 92 93 94 95 96 97 98 99 100 101 104 106 107 108 110 111 112 113 115 117 118 119 120 121 122 123 124 125 126 127 130 131 132 133 134 135 136 137 138 139 140 141 142 143 144 145 146 147 148 149 150 151 152 153 155 156 157 158 159 161 162 163 165 166 167 168 169 170 171 173 174 175 176 177 178 180 181 182 183 184 186
5  1 : 5
6  1 : 6
7  1 : 7
8  1 : 8
9  1 : 9
10  17 : 10 35 39 43 47 49 50 51 52 54 55 59 71 75 84 103 109
11  2 : 11 129
12  1 : 12
13  1 : 13
14  4 : 14 37 44 60
15  1 : 15
16  2 : 16 24
17  18 : 17 46 56 61 77 81 82 83 87 88 102 105 114 116 128 164 172 179
18  1 : 18
19  1 : 19
20  1 : 20
21  1 : 21
22  8 : 22 30 33 40 41 45 48 90
23  1 : 23
25  6 : 25 58 65 69 154 160
26  2 : 26 185
27  1 : 27
28  1 : 28
29  1 : 29
31  1 : 31
34  1 : 34
% end

% frame 51
% time 5.2
% start   5.2
% cluster-index, number-of-fibers : name-of-fibers
1  1 : 1
2  1 : 2
3  3 : 3 36 74
4  105 : 4 32 38 42 53 57 62 63 64 66 67 68 70 72 73 76 78 79 80 85 86 89 91 92 93 94 95 96 97 98 99 100 101 104 106 107 108 110 111 112 113 115 117 118 119 120 121 122 123 124 125 126 127 130 131 132 133 134 135 136 137 138 139 140 141 142 143 144 145 146 147 148 149 150 151 152 153 155 156 157 158 159 161 162 163 165 166 167 168 169 170 171 173 174 175 176 177 178 180 181 182 183 184 186 187
5  1 : 5
6  1 : 6
7  1 : 7
8  1 : 8
9  1 : 9
10  17 : 10 35 39 43 47 49 50 51 52 54 55 59 71 75 84 103 109
11  2 : 11 129
12  1 : 12
13  1 : 13
14  4 : 14 37 44 60
15  1 : 15
16  2 : 16 24
17  18 : 17 46 56 61 77 81 82 83 87 88 102 105 114 116 128 164 172 179
18  1 : 18
19  1 : 19
20  1 : 20
21  1 : 21
22  8 : 22 30 33 40 41 45 48 90
23  1 : 23
25  6 : 25 58 65 69 154 160
26  2 : 26 185
27  1 : 27
28  1 : 28
29  1 : 29
31  1 : 31
34  1 : 34
% end

% frame 52
% time 5.3
% start   5.3
% cluster-index, number-of-fibers : name-of-fibers
1  1 : 1
2  1 : 2
3  3 : 3 36 74
4  107 : 4 32 38 42 53 57 62 63 64 66 67 68 70 72 73 76 78 79 80 85 86 89 91 92 93 94 95 96 97 98 99 100 101 104 106 107 108 110 111 112 113 115 117 118 119 120 121 122 123 124 125 126 127 130 131 132 133 134 135 136 137 138 139 140 141 142 143 144 145 146 147 148 149 150 151 152 153 155 156 157 158 159 161 162 163 165 166 167 168 169 170 171 173 174 175 176 177 178 180 181 182 183 184 186 187 188 189
5  1 : 5
6  1 : 6
7  1 : 7
8  1 : 8
9  1 : 9
10  17 : 10 35 39 43 47 49 50 51 52 54 55 59 71 75 84 103 109
11  2 : 11 129
12  1 : 12
13  1 : 13
14  4 : 14 37 44 60
15  1 : 15
16  2 : 16 24
17  18 : 17 46 56 61 77 81 82 83 87 88 102 105 114 116 128 164 172 179
18  1 : 18
19  1 : 19
20  1 : 20
21  1 : 21
22  8 : 22 30 33 40 41 45 48 90
23  1 : 23
25  6 : 25 58 65 69 154 160
26  2 : 26 185
27  1 : 27
28  1 : 28
29  1 : 29
31  1 : 31
34  1 : 34
% end

% frame 53
% time 5.4
% start   5.4
% cluster-index, number-of-fibers : name-of-fibers
1  1 : 1
2  1 : 2
3  3 : 3 36 74
4  108 : 4 32 38 42 53 57 62 63 64 66 67 68 70 72 73 76 78 79 80 85 86 89 91 92 93 94 95 96 97 98 99 100 101 104 106 107 108 110 111 112 113 115 117 118 119 120 121 122 123 124 125 126 127 130 131 132 133 134 135 136 137 138 139 140 141 142 143 144 145 146 147 148 149 150 151 152 153 155 156 157 158 159 161 162 163 165 166 167 168 169 170 171 173 174 175 176 177 178 180 181 182 183 184 186 187 188 189 190
5  1 : 5
6  1 : 6
7  1 : 7
8  1 : 8
9  1 : 9
10  17 : 10 35 39 43 47 49 50 51 52 54 55 59 71 75 84 103 109
11  2 : 11 129
12  1 : 12
13  1 : 13
14  4 : 14 37 44 60
15  1 : 15
16  2 : 16 24
17  18 : 17 46 56 61 77 81 82 83 87 88 102 105 114 116 128 164 172 179
18  1 : 18
19  1 : 19
20  1 : 20
21  1 : 21
22  8 : 22 30 33 40 41 45 48 90
23  1 : 23
25  6 : 25 58 65 69 154 160
26  2 : 26 185
27  1 : 27
28  1 : 28
29  1 : 29
31  1 : 31
34  1 : 34
% end

% frame 54
% time 5.5
% start   5.5
% cluster-index, number-of-fibers : name-of-fibers
1  1 : 1
2  1 : 2
3  3 : 3 36 74
4  111 : 4 32 38 42 53 57 62 63 64 66 67 68 70 72 73 76 78 79 80 85 86 89 91 92 93 94 95 96 97 98 99 100 101 104 106 107 108 110 111 112 113 115 117 118 119 120 121 122 123 124 125 126 127 130 131 132 133 134 135 136 137 138 139 140 141 142 143 144 145 146 147 148 149 150 151 152 153 155 156 157 158 159 161 162 163 165 166 167 168 169 170 171 173 174 175 176 177 178 180 181 182 183 184 186 187 188 189 190 191 192 193
5  1 : 5
6  1 : 6
7  1 : 7
8  1 : 8
9  1 : 9
10  17 : 10 35 39 43 47 49 50 51 52 54 55 59 71 75 84 103 109
11  2 : 11 129
12  1 : 12
13  1 : 13
14  4 : 14 37 44 60
15  1 : 15
16  2 : 16 24
17  18 : 17 46 56 61 77 81 82 83 87 88 102 105 114 116 128 164 172 179
18  1 : 18
19  1 : 19
20  1 : 20
21  1 : 21
22  8 : 22 30 33 40 41 45 48 90
23  1 : 23
25  6 : 25 58 65 69 154 160
26  2 : 26 185
27  1 : 27
28  1 : 28
29  1 : 29
31  1 : 31
34  1 : 34
% end

% frame 55
% time 5.6
% start   5.6
% cluster-index, number-of-fibers : name-of-fibers
1  1 : 1
2  1 : 2
3  3 : 3 36 74
4  113 : 4 32 38 42 53 57 62 63 64 66 67 68 70 72 73 76 78 79 80 85 86 89 91 92 93 94 95 96 97 98 99 100 101 104 106 107 108 110 111 112 113 115 117 118 119 120 121 122 123 124 125 126 127 130 131 132 133 134 135 136 137 138 139 140 141 142 143 144 145 146 147 148 149 150 151 152 153 155 156 157 158 159 161 162 163 165 166 167 168 169 170 171 173 174 175 176 177 178 180 181 182 183 184 186 187 188 189 190 191 192 193 194 195
5  1 : 5
6  1 : 6
7  1 : 7
8  1 : 8
9  1 : 9
10  17 : 10 35 39 43 47 49 50 51 52 54 55 59 71 75 84 103 109
11  2 : 11 129
12  1 : 12
13  1 : 13
14  4 : 14 37 44 60
15  1 : 15
16  2 : 16 24
17  18 : 17 46 56 61 77 81 82 83 87 88 102 105 114 116 128 164 172 179
18  1 : 18
19  1 : 19
20  1 : 20
21  1 : 21
22  8 : 22 30 33 40 41 45 48 90
23  1 : 23
25  6 : 25 58 65 69 154 160
26  2 : 26 185
27  1 : 27
28  1 : 28
29  1 : 29
31  1 : 31
34  1 : 34
% end

% frame 56
% time 5.7
% start   5.7
% cluster-index, number-of-fibers : name-of-fibers
1  1 : 1
2  1 : 2
3  3 : 3 36 74
4  113 : 4 32 38 42 53 57 62 63 64 66 67 68 70 72 73 76 78 79 80 85 86 89 91 92 93 94 95 96 97 98 99 100 101 104 106 107 108 110 111 112 113 115 117 118 119 120 121 122 123 124 125 126 127 130 131 132 133 134 135 136 137 138 139 140 141 142 143 144 145 146 147 148 149 150 151 152 153 155 156 157 158 159 161 162 163 165 166 167 168 169 170 171 173 174 175 176 177 178 180 181 182 183 184 186 187 188 189 190 191 192 193 194 195
5  1 : 5
6  1 : 6
7  1 : 7
8  1 : 8
9  1 : 9
10  17 : 10 35 39 43 47 49 50 51 52 54 55 59 71 75 84 103 109
11  2 : 11 129
12  1 : 12
13  1 : 13
14  4 : 14 37 44 60
15  1 : 15
16  2 : 16 24
17  18 : 17 46 56 61 77 81 82 83 87 88 102 105 114 116 128 164 172 179
18  1 : 18
19  1 : 19
20  1 : 20
21  1 : 21
22  8 : 22 30 33 40 41 45 48 90
23  1 : 23
25  6 : 25 58 65 69 154 160
26  2 : 26 185
27  1 : 27
28  1 : 28
29  1 : 29
31  1 : 31
34  1 : 34
% end

% frame 57
% time 5.8
% start   5.8
% cluster-index, number-of-fibers : name-of-fibers
1  1 : 1
2  1 : 2
3  3 : 3 36 74
4  113 : 4 32 38 42 53 57 62 63 64 66 67 68 70 72 73 76 78 79 80 85 86 89 91 92 93 94 95 96 97 98 99 100 101 104 106 107 108 110 111 112 113 115 117 118 119 120 121 122 123 124 125 126 127 130 131 132 133 134 135 136 137 138 139 140 141 142 143 144 145 146 147 148 149 150 151 152 153 155 156 157 158 159 161 162 163 165 166 167 168 169 170 171 173 174 175 176 177 178 180 181 182 183 184 186 187 188 189 190 191 192 193 194 195
5  1 : 5
6  1 : 6
7  1 : 7
8  1 : 8
9  1 : 9
10  17 : 10 35 39 43 47 49 50 51 52 54 55 59 71 75 84 103 109
11  2 : 11 129
12  1 : 12
13  1 : 13
14  4 : 14 37 44 60
15  1 : 15
16  2 : 16 24
17  18 : 17 46 56 61 77 81 82 83 87 88 102 105 114 116 128 164 172 179
18  1 : 18
19  1 : 19
20  1 : 20
21  1 : 21
22  8 : 22 30 33 40 41 45 48 90
23  1 : 23
25  6 : 25 58 65 69 154 160
26  2 : 26 185
27  1 : 27
28  1 : 28
29  1 : 29
31  1 : 31
34  1 : 34
% end

% frame 58
% time 5.9
% start   5.9
% cluster-index, number-of-fibers : name-of-fibers
1  1 : 1
2  1 : 2
3  3 : 3 36 74
4  117 : 4 32 38 42 53 57 62 63 64 66 67 68 70 72 73 76 78 79 80 85 86 89 91 92 93 94 95 96 97 98 99 100 101 104 106 107 108 110 111 112 113 115 117 118 119 120 121 122 123 124 125 126 127 130 131 132 133 134 135 136 137 138 139 140 141 142 143 144 145 146 147 148 149 150 151 152 153 155 156 157 158 159 161 162 163 165 166 167 168 169 170 171 173 174 175 176 177 178 180 181 182 183 184 186 187 188 189 190 191 192 193 194 195 196 197 198 199
5  1 : 5
6  1 : 6
7  1 : 7
8  1 : 8
9  1 : 9
10  17 : 10 35 39 43 47 49 50 51 52 54 55 59 71 75 84 103 109
11  2 : 11 129
12  1 : 12
13  1 : 13
14  4 : 14 37 44 60
15  1 : 15
16  2 : 16 24
17  18 : 17 46 56 61 77 81 82 83 87 88 102 105 114 116 128 164 172 179
18  1 : 18
19  1 : 19
20  1 : 20
21  1 : 21
22  8 : 22 30 33 40 41 45 48 90
23  1 : 23
25  6 : 25 58 65 69 154 160
26  2 : 26 185
27  1 : 27
28  1 : 28
29  1 : 29
31  1 : 31
34  1 : 34
% end

% frame 59
% time 6
% start   6
% cluster-index, number-of-fibers : name-of-fibers
1  1 : 1
2  1 : 2
3  3 : 3 36 74
4  118 : 4 32 38 42 53 57 62 63 64 66 67 68 70 72 73 76 78 79 80 85 86 89 91 92 93 94 95 96 97 98 99 100 101 104 106 107 108 110 111 112 113 115 117 118 119 120 121 122 123 124 125 126 127 130 131 132 133 134 135 136 137 138 139 140 141 142 143 144 145 146 147 148 149 150 151 152 153 155 156 157 158 159 161 162 163 165 166 167 168 169 170 171 173 174 175 176 177 178 180 181 182 183 184 186 187 188 189 190 191 192 193 194 195 196 197 198 199 200
5  1 : 5
6  1 : 6
7  1 : 7
8  1 : 8
9  1 : 9
10  17 : 10 35 39 43 47 49 50 51 52 54 55 59 71 75 84 103 109
11  2 : 11 129
12  1 : 12
13  1 : 13
14  4 : 14 37 44 60
15  1 : 15
16  2 : 16 24
17  18 : 17 46 56 61 77 81 82 83 87 88 102 105 114 116 128 164 172 179
18  1 : 18
19  1 : 19
20  1 : 20
21  1 : 21
22  8 : 22 30 33 40 41 45 48 90
23  1 : 23
25  6 : 25 58 65 69 154 160
26  2 : 26 185
27  1 : 27
28  1 : 28
29  1 : 29
31  1 : 31
34  1 : 34
% end

% frame 60
% time 6.1
% start   6.1
% cluster-index, number-of-fibers : name-of-fibers
1  1 : 1
2  1 : 2
3  3 : 3 36 74
4  118 : 4 32 38 42 53 57 62 63 64 66 67 68 70 72 73 76 78 79 80 85 86 89 91 92 93 94 95 96 97 98 99 100 101 104 106 107 108 110 111 112 113 115 117 118 119 120 121 122 123 124 125 126 127 130 131 132 133 134 135 136 137 138 139 140 141 142 143 144 145 146 147 148 149 150 151 152 153 155 156 157 158 159 161 162 163 165 166 167 168 169 170 171 173 174 175 176 177 178 180 181 182 183 184 186 187 188 189 190 191 192 193 194 195 196 197 198 199 200
5  1 : 5
6  1 : 6
7  1 : 7
8  1 : 8
9  1 : 9
10  17 : 10 35 39 43 47 49 50 51 52 54 55 59 71 75 84 103 109
11  2 : 11 129
12  1 : 12
13  1 : 13
14  4 : 14 37 44 60
15  1 : 15
16  2 : 16 24
17  18 : 17 46 56 61 77 81 82 83 87 88 102 105 114 116 128 164 172 179
18  1 : 18
19  1 : 19
20  1 : 20
21  1 : 21
22  8 : 22 30 33 40 41 45 48 90
23  1 : 23
25  6 : 25 58 65 69 154 160
26  2 : 26 185
27  1 : 27
28  1 : 28
29  1 : 29
31  1 : 31
34  1 : 34
% end

% frame 61
% time 6.2
% start   6.2
% cluster-index, number-of-fibers : name-of-fibers
1  1 : 1
2  1 : 2
3  3 : 3 36 74
4  118 : 4 32 38 42 53 57 62 63 64 66 67 68 70 72 73 76 78 79 80 85 86 89 91 92 93 94 95 96 97 98 99 100 101 104 106 107 108 110 111 112 113 115 117 118 119 120 121 122 123 124 125 126 127 130 131 132 133 134 135 136 137 138 139 140 141 142 143 144 145 146 147 148 149 150 151 152 153 155 156 157 158 159 161 162 163 165 166 167 168 169 170 171 173 174 175 176 177 178 180 181 182 183 184 186 187 188 189 190 191 192 193 194 195 196 197 198 199 200
5  1 : 5
6  1 : 6
7  1 : 7
8  1 : 8
9  1 : 9
10  17 : 10 35 39 43 47 49 50 51 52 54 55 59 71 75 84 103 109
11  2 : 11 129
12  1 : 12
13  1 : 13
14  4 : 14 37 44 60
15  1 : 15
16  2 : 16 24
17  18 : 17 46 56 61 77 81 82 83 87 88 102 105 114 116 128 164 172 179
18  1 : 18
19  1 : 19
20  1 : 20
21  1 : 21
22  8 : 22 30 33 40 41 45 48 90
23  1 : 23
25  6 : 25 58 65 69 154 160
26  2 : 26 185
27  1 : 27
28  1 : 28
29  1 : 29
31  1 : 31
34  1 : 34
% end

% frame 62
% time 6.3
% start   6.3
% cluster-index, number-of-fibers : name-of-fibers
1  1 : 1
2  1 : 2
3  3 : 3 36 74
4  118 : 4 32 38 42 53 57 62 63 64 66 67 68 70 72 73 76 78 79 80 85 86 89 91 92 93 94 95 96 97 98 99 100 101 104 106 107 108 110 111 112 113 115 117 118 119 120 121 122 123 124 125 126 127 130 131 132 133 134 135 136 137 138 139 140 141 142 143 144 145 146 147 148 149 150 151 152 153 155 156 157 158 159 161 162 163 165 166 167 168 169 170 171 173 174 175 176 177 178 180 181 182 183 184 186 187 188 189 190 191 192 193 194 195 196 197 198 199 200
5  1 : 5
6  1 : 6
7  1 : 7
8  1 : 8
9  1 : 9
10  17 : 10 35 39 43 47 49 50 51 52 54 55 59 71 75 84 103 109
11  2 : 11 129
12  1 : 12
13  1 : 13
14  4 : 14 37 44 60
15  1 : 15
16  2 : 16 24
17  18 : 17 46 56 61 77 81 82 83 87 88 102 105 114 116 128 164 172 179
18  1 : 18
19  1 : 19
20  1 : 20
21  1 : 21
22  8 : 22 30 33 40 41 45 48 90
23  1 : 23
25  6 : 25 58 65 69 154 160
26  2 : 26 185
27  1 : 27
28  1 : 28
29  1 : 29
31  1 : 31
34  1 : 34
% end

% frame 63
% time 6.4
% start   6.4
% cluster-index, number-of-fibers : name-of-fibers
1  1 : 1
2  1 : 2
3  3 : 3 36 74
4  119 : 4 32 38 42 53 57 62 63 64 66 67 68 70 72 73 76 78 79 80 85 86 89 91 92 93 94 95 96 97 98 99 100 101 104 106 107 108 110 111 112 113 115 117 118 119 120 121 122 123 124 125 126 127 130 131 132 133 134 135 136 137 138 139 140 141 142 143 144 145 146 147 148 149 150 151 152 153 155 156 157 158 159 161 162 163 165 166 167 168 169 170 171 173 174 175 176 177 178 180 181 182 183 184 186 187 188 189 190 191 192 193 194 195 196 197 198 199 200 201
5  1 : 5
6  1 : 6
7  1 : 7
8  1 : 8
9  1 : 9
10  17 : 10 35 39 43 47 49 50 51 52 54 55 59 71 75 84 103 109
11  2 : 11 129
12  1 : 12
13  1 : 13
14  4 : 14 37 44 60
15  1 : 15
16  2 : 16 24
17  18 : 17 46 56 61 77 81 82 83 87 88 102 105 114 116 128 164 172 179
18  1 : 18
19  1 : 19
20  1 : 20
21  1 : 21
22  8 : 22 30 33 40 41 45 48 90
23  1 : 23
25  6 : 25 58 65 69 154 160
26  2 : 26 185
27  1 : 27
28  1 : 28
29  1 : 29
31  1 : 31
34  1 : 34
% end

% frame 64
% time 6.5
% start   6.5
% cluster-index, number-of-fibers : name-of-fibers
1  1 : 1
2  1 : 2
3  3 : 3 36 74
4  119 : 4 32 38 42 53 57 62 63 64 66 67 68 70 72 73 76 78 79 80 85 86 89 91 92 93 94 95 96 97 98 99 100 101 104 106 107 108 110 111 112 113 115 117 118 119 120 121 122 123 124 125 126 127 130 131 132 133 134 135 136 137 138 139 140 141 142 143 144 145 146 147 148 149 150 151 152 153 155 156 157 158 159 161 162 163 165 166 167 168 169 170 171 173 174 175 176 177 178 180 181 182 183 184 186 187 188 189 190 191 192 193 194 195 196 197 198 199 200 201
5  1 : 5
6  1 : 6
7  1 : 7
8  1 : 8
9  1 : 9
10  17 : 10 35 39 43 47 49 50 51 52 54 55 59 71 75 84 103 109
11  2 : 11 129
12  1 : 12
13  1 : 13
14  4 : 14 37 44 60
15  1 : 15
16  2 : 16 24
17  18 : 17 46 56 61 77 81 82 83 87 88 102 105 114 116 128 164 172 179
18  1 : 18
19  1 : 19
20  1 : 20
21  1 : 21
22  8 : 22 30 33 40 41 45 48 90
23  1 : 23
25  6 : 25 58 65 69 154 160
26  2 : 26 185
27  1 : 27
28  1 : 28
29  1 : 29
31  1 : 31
34  1 : 34
% end

% frame 65
% time 6.6
% start   6.6
% cluster-index, number-of-fibers : name-of-fibers
1  1 : 1
2  1 : 2
3  3 : 3 36 74
4  119 : 4 32 38 42 53 57 62 63 64 66 67 68 70 72 73 76 78 79 80 85 86 89 91 92 93 94 95 96 97 98 99 100 101 104 106 107 108 110 111 112 113 115 117 118 119 120 121 122 123 124 125 126 127 130 131 132 133 134 135 136 137 138 139 140 141 142 143 144 145 146 147 148 149 150 151 152 153 155 156 157 158 159 161 162 163 165 166 167 168 169 170 171 173 174 175 176 177 178 180 181 182 183 184 186 187 188 189 190 191 192 193 194 195 196 197 198 199 200 201
5  1 : 5
6  1 : 6
7  1 : 7
8  1 : 8
9  1 : 9
10  17 : 10 35 39 43 47 49 50 51 52 54 55 59 71 75 84 103 109
11  2 : 11 129
12  1 : 12
13  1 : 13
14  4 : 14 37 44 60
15  1 : 15
16  2 : 16 24
17  18 : 17 46 56 61 77 81 82 83 87 88 102 105 114 116 128 164 172 179
18  1 : 18
19  1 : 19
20  1 : 20
21  1 : 21
22  8 : 22 30 33 40 41 45 48 90
23  1 : 23
25  6 : 25 58 65 69 154 160
26  2 : 26 185
27  1 : 27
28  1 : 28
29  1 : 29
31  1 : 31
34  1 : 34
% end

% frame 66
% time 6.7
% start   6.7
% cluster-index, number-of-fibers : name-of-fibers
1  1 : 1
2  1 : 2
3  3 : 3 36 74
4  120 : 4 32 38 42 53 57 62 63 64 66 67 68 70 72 73 76 78 79 80 85 86 89 91 92 93 94 95 96 97 98 99 100 101 104 106 107 108 110 111 112 113 115 117 118 119 120 121 122 123 124 125 126 127 130 131 132 133 134 135 136 137 138 139 140 141 142 143 144 145 146 147 148 149 150 151 152 153 155 156 157 158 159 161 162 163 165 166 167 168 169 170 171 173 174 175 176 177 178 180 181 182 183 184 186 187 188 189 190 191 192 193 194 195 196 197 198 199 200 201 202
5  1 : 5
6  1 : 6
7  1 : 7
8  1 : 8
9  1 : 9
10  17 : 10 35 39 43 47 49 50 51 52 54 55 59 71 75 84 103 109
11  2 : 11 129
12  1 : 12
13  1 : 13
14  4 : 14 37 44 60
15  1 : 15
16  2 : 16 24
17  18 : 17 46 56 61 77 81 82 83 87 88 102 105 114 116 128 164 172 179
18  1 : 18
19  1 : 19
20  1 : 20
21  1 : 21
22  8 : 22 30 33 40 41 45 48 90
23  1 : 23
25  6 : 25 58 65 69 154 160
26  2 : 26 185
27  1 : 27
28  1 : 28
29  1 : 29
31  1 : 31
34  1 : 34
% end

% frame 67
% time 6.8
% start   6.8
% cluster-index, number-of-fibers : name-of-fibers
1  1 : 1
2  1 : 2
3  3 : 3 36 74
4  121 : 4 32 38 42 53 57 62 63 64 66 67 68 70 72 73 76 78 79 80 85 86 89 91 92 93 94 95 96 97 98 99 100 101 104 106 107 108 110 111 112 113 115 117 118 119 120 121 122 123 124 125 126 127 130 131 132 133 134 135 136 137 138 139 140 141 142 143 144 145 146 147 148 149 150 151 152 153 155 156 157 158 159 161 162 163 165 166 167 168 169 170 171 173 174 175 176 177 178 180 181 182 183 184 186 187 188 189 190 191 192 193 194 195 196 197 198 199 200 201 202 203
5  1 : 5
6  1 : 6
7  1 : 7
8  1 : 8
9  1 : 9
10  17 : 10 35 39 43 47 49 50 51 52 54 55 59 71 75 84 103 109
11  2 : 11 129
12  1 : 12
13  1 : 13
14  4 : 14 37 44 60
15  1 : 15
16  2 : 16 24
17  18 : 17 46 56 61 77 81 82 83 87 88 102 105 114 116 128 164 172 179
18  1 : 18
19  1 : 19
20  1 : 20
21  1 : 21
22  8 : 22 30 33 40 41 45 48 90
23  1 : 23
25  6 : 25 58 65 69 154 160
26  2 : 26 185
27  1 : 27
28  1 : 28
29  1 : 29
31  1 : 31
34  1 : 34
% end

% frame 68
% time 6.9
% start   6.9
% cluster-index, number-of-fibers : name-of-fibers
1  1 : 1
2  1 : 2
3  3 : 3 36 74
4  122 : 4 32 38 42 53 57 62 63 64 66 67 68 70 72 73 76 78 79 80 85 86 89 91 92 93 94 95 96 97 98 99 100 101 104 106 107 108 110 111 112 113 115 117 118 119 120 121 122 123 124 125 126 127 130 131 132 133 134 135 136 137 138 139 140 141 142 143 144 145 146 147 148 149 150 151 152 153 155 156 157 158 159 161 162 163 165 166 167 168 169 170 171 173 174 175 176 177 178 180 181 182 183 184 186 187 188 189 190 191 192 193 194 195 196 197 198 199 200 201 202 203 204
5  1 : 5
6  1 : 6
7  1 : 7
8  1 : 8
9  1 : 9
10  17 : 10 35 39 43 47 49 50 51 52 54 55 59 71 75 84 103 109
11  2 : 11 129
12  1 : 12
13  1 : 13
14  4 : 14 37 44 60
15  1 : 15
16  2 : 16 24
17  18 : 17 46 56 61 77 81 82 83 87 88 102 105 114 116 128 164 172 179
18  1 : 18
19  1 : 19
20  1 : 20
21  1 : 21
22  8 : 22 30 33 40 41 45 48 90
23  1 : 23
25  6 : 25 58 65 69 154 160
26  2 : 26 185
27  1 : 27
28  1 : 28
29  1 : 29
31  1 : 31
34  1 : 34
% end

% frame 69
% time 7
% start   7
% cluster-index, number-of-fibers : name-of-fibers
1  1 : 1
2  1 : 2
3  3 : 3 36 74
4  121 : 4 32 38 42 53 57 62 63 64 66 67 68 70 72 73 76 78 79 80 85 86 89 91 92 93 94 95 96 97 98 99 100 101 104 106 107 108 110 111 112 113 115 117 118 119 120 121 122 123 124 125 126 127 130 131 132 133 134 135 136 137 138 139 140 141 142 143 144 145 146 147 148 149 150 152 153 155 156 157 158 159 161 162 163 165 166 167 168 169 170 171 173 174 175 176 177 178 180 181 182 183 184 186 187 188 189 190 191 192 193 194 195 196 197 198 199 200 201 202 203 204
5  1 : 5
6  1 : 6
7  1 : 7
8  1 : 8
9  1 : 9
10  17 : 10 35 39 43 47 49 50 51 52 54 55 59 71 75 84 103 109
11  2 : 11 129
12  1 : 12
13  1 : 13
14  4 : 14 37 44 60
15  1 : 15
16  2 : 16 24
17  18 : 17 46 56 61 77 81 82 83 87 88 102 105 114 116 128 164 172 179
18  1 : 18
19  1 : 19
20  1 : 20
21  1 : 21
22  8 : 22 30 33 40 41 45 48 90
23  1 : 23
25  6 : 25 58 65 69 154 160
26  2 : 26 185
27  1 : 27
28  1 : 28
29  1 : 29
31  1 : 31
34  1 : 34
151  1 : 151
% end

% frame 70
% time 7.1
% start   7.1
% cluster-index, number-of-fibers : name-of-fibers
1  1 : 1
2  1 : 2
3  3 : 3 36 74
4  121 : 4 32 38 42 53 57 62 63 64 66 67 68 70 72 73 76 78 79 80 85 86 89 91 92 93 94 95 96 97 98 99 100 101 104 106 107 108 110 111 112 113 115 117 118 119 120 121 122 123 124 125 126 127 130 131 132 133 134 135 136 137 138 139 140 141 142 143 144 145 146 147 148 149 150 152 153 155 156 157 158 159 161 162 163 165 166 167 168 169 170 171 173 174 175 176 177 178 180 181 182 183 184 186 187 188 189 190 191 192 193 194 195 196 197 198 199 200 201 202 203 204
5  1 : 5
6  1 : 6
7  1 : 7
8  1 : 8
9  1 : 9
10  17 : 10 35 39 43 47 49 50 51 52 54 55 59 71 75 84 103 109
11  2 : 11 129
12  1 : 12
13  1 : 13
14  4 : 14 37 44 60
15  1 : 15
16  2 : 16 24
17  18 : 17 46 56 61 77 81 82 83 87 88 102 105 114 116 128 164 172 179
18  1 : 18
19  1 : 19
20  1 : 20
21  1 : 21
22  8 : 22 30 33 40 41 45 48 90
23  1 : 23
25  6 : 25 58 65 69 154 160
26  2 : 26 185
27  1 : 27
28  1 : 28
29  1 : 29
31  1 : 31
34  1 : 34
151  1 : 151
% end

% frame 71
% time 7.2
% start   7.2
% cluster-index, number-of-fibers : name-of-fibers
1  1 : 1
2  1 : 2
3  3 : 3 36 74
4  121 : 4 32 38 42 53 57 62 63 64 66 67 68 70 72 73 76 78 79 80 85 86 89 91 92 93 94 95 96 97 98 99 100 101 104 106 107 108 110 111 112 113 115 117 118 119 120 121 122 123 124 125 126 127 130 131 132 133 134 135 136 137 138 139 140 141 142 143 144 145 146 147 148 149 150 152 153 155 156 157 158 159 161 162 163 165 166 167 168 169 170 171 173 174 175 176 177 178 180 181 182 183 184 186 187 188 189 190 191 192 193 194 195 196 197 198 199 200 201 202 203 204
5  1 : 5
6  1 : 6
7  1 : 7
8  1 : 8
9  1 : 9
10  17 : 10 35 39 43 47 49 50 51 52 54 55 59 71 75 84 103 109
11  2 : 11 129
12  1 : 12
13  1 : 13
14  4 : 14 37 44 60
15  1 : 15
16  2 : 16 24
17  18 : 17 46 56 61 77 81 82 83 87 88 102 105 114 116 128 164 172 179
18  1 : 18
19  1 : 19
20  1 : 20
21  1 : 21
22  8 : 22 30 33 40 41 45 48 90
23  1 : 23
25  6 : 25 58 65 69 154 160
26  2 : 26 185
27  1 : 27
28  1 : 28
29  1 : 29
31  1 : 31
34  1 : 34
151  1 : 151
% end

% frame 72
% time 7.3
% start   7.3
% cluster-index, number-of-fibers : name-of-fibers
1  1 : 1
2  1 : 2
3  3 : 3 36 74
4  122 : 4 32 38 42 53 57 62 63 64 66 67 68 70 72 73 76 78 79 80 85 86 89 91 92 93 94 95 96 97 98 99 100 101 104 106 107 108 110 111 112 113 115 117 118 119 120 121 122 123 124 125 126 127 130 131 132 133 134 135 136 137 138 139 140 141 142 143 144 145 146 147 148 149 150 152 153 155 156 157 158 159 161 162 163 165 166 167 168 169 170 171 173 174 175 176 177 178 180 181 182 183 184 186 187 188 189 190 191 192 193 194 195 196 197 198 199 200 201 202 203 204 205
5  1 : 5
6  1 : 6
7  1 : 7
8  1 : 8
9  1 : 9
10  17 : 10 35 39 43 47 49 50 51 52 54 55 59 71 75 84 103 109
11  2 : 11 129
12  1 : 12
13  1 : 13
14  4 : 14 37 44 60
15  1 : 15
16  2 : 16 24
17  18 : 17 46 56 61 77 81 82 83 87 88 102 105 114 116 128 164 172 179
18  1 : 18
19  1 : 19
20  1 : 20
21  1 : 21
22  8 : 22 30 33 40 41 45 48 90
23  1 : 23
25  6 : 25 58 65 69 154 160
26  2 : 26 185
27  1 : 27
28  1 : 28
29  1 : 29
31  1 : 31
34  1 : 34
151  1 : 151
% end

% frame 73
% time 7.4
% start   7.4
% cluster-index, number-of-fibers : name-of-fibers
1  1 : 1
2  1 : 2
3  3 : 3 36 74
4  124 : 4 32 38 42 53 57 62 63 64 66 67 68 70 72 73 76 78 79 80 85 86 89 91 92 93 94 95 96 97 98 99 100 101 104 106 107 108 110 111 112 113 115 117 118 119 120 121 122 123 124 125 126 127 130 131 132 133 134 135 136 137 138 139 140 141 142 143 144 145 146 147 148 149 150 152 153 155 156 157 158 159 161 162 163 165 166 167 168 169 170 171 173 174 175 176 177 178 180 181 182 183 184 186 187 188 189 190 191 192 193 194 195 196 197 198 199 200 201 202 203 204 205 206 207
5  1 : 5
6  1 : 6
7  1 : 7
8  1 : 8
9  1 : 9
10  17 : 10 35 39 43 47 49 50 51 52 54 55 59 71 75 84 103 109
11  2 : 11 129
12  1 : 12
13  1 : 13
14  4 : 14 37 44 60
15  1 : 15
16  2 : 16 24
17  18 : 17 46 56 61 77 81 82 83 87 88 102 105 114 116 128 164 172 179
18  1 : 18
19  1 : 19
20  1 : 20
21  1 : 21
22  8 : 22 30 33 40 41 45 48 90
23  1 : 23
25  6 : 25 58 65 69 154 160
26  2 : 26 185
27  1 : 27
28  1 : 28
29  1 : 29
31  1 : 31
34  1 : 34
151  1 : 151
% end

% frame 74
% time 7.5
% start   7.5
% cluster-index, number-of-fibers : name-of-fibers
1  1 : 1
2  1 : 2
3  3 : 3 36 74
4  124 : 4 32 38 42 53 57 62 63 64 66 67 68 70 72 73 76 78 79 80 85 86 89 91 92 93 94 95 96 97 98 99 100 101 104 106 107 108 110 111 112 113 115 117 118 119 120 121 122 123 124 125 126 127 130 131 132 133 134 135 136 137 138 139 140 141 142 143 144 145 146 147 148 149 150 152 153 155 156 157 158 159 161 162 163 165 166 167 168 169 170 171 173 174 175 176 177 178 180 181 182 183 184 186 187 188 189 190 191 192 193 194 195 196 197 198 199 200 201 202 203 204 205 206 207
5  1 : 5
6  1 : 6
7  1 : 7
8  1 : 8
9  1 : 9
10  17 : 10 35 39 43 47 49 50 51 52 54 55 59 71 75 84 103 109
11  2 : 11 129
12  1 : 12
13  1 : 13
14  4 : 14 37 44 60
15  1 : 15
16  2 : 16 24
17  18 : 17 46 56 61 77 81 82 83 87 88 102 105 114 116 128 164 172 179
18  1 : 18
19  1 : 19
20  1 : 20
21  1 : 21
22  8 : 22 30 33 40 41 45 48 90
23  1 : 23
25  6 : 25 58 65 69 154 160
26  2 : 26 185
27  1 : 27
28  1 : 28
29  1 : 29
31  1 : 31
34  1 : 34
151  1 : 151
% end

% frame 75
% time 7.6
% start   7.6
% cluster-index, number-of-fibers : name-of-fibers
1  1 : 1
2  1 : 2
3  3 : 3 36 74
4  124 : 4 32 38 42 53 57 62 63 64 66 67 68 70 72 73 76 78 79 80 85 86 89 91 92 93 94 95 96 97 98 99 100 101 104 106 107 108 110 111 112 113 115 117 118 119 120 121 122 123 124 125 126 127 130 131 132 133 134 135 136 137 138 139 140 141 142 143 144 145 146 147 148 149 150 152 153 155 156 157 158 159 161 162 163 165 166 167 168 169 170 171 173 174 175 176 177 178 180 181 182 183 184 186 187 188 189 190 191 192 193 194 195 196 197 198 199 200 201 202 203 204 205 206 207
5  1 : 5
6  1 : 6
7  1 : 7
8  1 : 8
9  1 : 9
10  17 : 10 35 39 43 47 49 50 51 52 54 55 59 71 75 84 103 109
11  2 : 11 129
12  1 : 12
13  1 : 13
14  4 : 14 37 44 60
15  1 : 15
16  2 : 16 24
17  18 : 17 46 56 61 77 81 82 83 87 88 102 105 114 116 128 164 172 179
18  1 : 18
19  1 : 19
20  1 : 20
21  1 : 21
22  8 : 22 30 33 40 41 45 48 90
23  1 : 23
25  6 : 25 58 65 69 154 160
26  2 : 26 185
27  1 : 27
28  1 : 28
29  1 : 29
31  1 : 31
34  1 : 34
151  1 : 151
% end

% frame 76
% time 7.7
% start   7.7
% cluster-index, number-of-fibers : name-of-fibers
1  1 : 1
2  1 : 2
3  3 : 3 36 74
4  126 : 4 32 38 42 53 57 62 63 64 66 67 68 70 72 73 76 78 79 80 85 86 89 91 92 93 94 95 96 97 98 99 100 101 104 106 107 108 110 111 112 113 115 117 118 119 120 121 122 123 124 125 126 127 130 131 132 133 134 135 136 137 138 139 140 141 142 143 144 145 146 147 148 149 150 151 152 153 155 156 157 158 159 161 162 163 165 166 167 168 169 170 171 173 174 175 176 177 178 180 181 182 183 184 186 187 188 189 190 191 192 193 194 195 196 197 198 199 200 201 202 203 204 205 206 207 208
5  1 : 5
6  1 : 6
7  1 : 7
8  1 : 8
9  1 : 9
10  17 : 10 35 39 43 47 49 50 51 52 54 55 59 71 75 84 103 109
11  2 : 11 129
12  1 : 12
13  1 : 13
14  4 : 14 37 44 60
15  1 : 15
16  2 : 16 24
17  18 : 17 46 56 61 77 81 82 83 87 88 102 105 114 116 128 164 172 179
18  1 : 18
19  1 : 19
20  1 : 20
21  1 : 21
22  8 : 22 30 33 40 41 45 48 90
23  1 : 23
25  6 : 25 58 65 69 154 160
26  2 : 26 185
27  1 : 27
28  1 : 28
29  1 : 29
31  1 : 31
34  1 : 34
% end

% frame 77
% time 7.8
% start   7.8
% cluster-index, number-of-fibers : name-of-fibers
1  1 : 1
2  1 : 2
3  3 : 3 36 74
4  129 : 4 32 38 42 53 57 62 63 64 66 67 68 70 72 73 76 78 79 80 85 86 89 91 92 93 94 95 96 97 98 99 100 101 104 106 107 108 110 111 112 113 115 117 118 119 120 121 122 123 124 125 126 127 130 131 132 133 134 135 136 137 138 139 140 141 142 143 144 145 146 147 148 149 150 151 152 153 155 156 157 158 159 161 162 163 165 166 167 168 169 170 171 173 174 175 176 177 178 180 181 182 183 184 186 187 188 189 190 191 192 193 194 195 196 197 198 199 200 201 202 203 204 205 206 207 208 209 210 211
5  1 : 5
6  1 : 6
7  1 : 7
8  1 : 8
9  1 : 9
10  17 : 10 35 39 43 47 49 50 51 52 54 55 59 71 75 84 103 109
11  2 : 11 129
12  1 : 12
13  1 : 13
14  4 : 14 37 44 60
15  1 : 15
16  2 : 16 24
17  18 : 17 46 56 61 77 81 82 83 87 88 102 105 114 116 128 164 172 179
18  1 : 18
19  1 : 19
20  1 : 20
21  1 : 21
22  8 : 22 30 33 40 41 45 48 90
23  1 : 23
25  6 : 25 58 65 69 154 160
26  2 : 26 185
27  1 : 27
28  1 : 28
29  1 : 29
31  1 : 31
34  1 : 34
% end

% frame 78
% time 7.9
% start   7.9
% cluster-index, number-of-fibers : name-of-fibers
1  1 : 1
2  1 : 2
3  3 : 3 36 74
4  130 : 4 32 38 42 53 57 62 63 64 66 67 68 70 72 73 76 78 79 80 85 86 89 91 92 93 94 95 96 97 98 99 100 101 104 106 107 108 110 111 112 113 115 117 118 119 120 121 122 123 124 125 126 127 130 131 132 133 134 135 136 137 138 139 140 141 142 143 144 145 146 147 148 149 150 151 152 153 155 156 157 158 159 161 162 163 165 166 167 168 169 170 171 173 174 175 176 177 178 180 181 182 183 184 186 187 188 189 190 191 192 193 194 195 196 197 198 199 200 201 202 203 204 205 206 207 208 209 210 211 212
5  1 : 5
6  1 : 6
7  1 : 7
8  1 : 8
9  1 : 9
10  17 : 10 35 39 43 47 49 50 51 52 54 55 59 71 75 84 103 109
11  2 : 11 129
12  1 : 12
13  1 : 13
14  4 : 14 37 44 60
15  1 : 15
16  2 : 16 24
17  18 : 17 46 56 61 77 81 82 83 87 88 102 105 114 116 128 164 172 179
18  1 : 18
19  1 : 19
20  1 : 20
21  1 : 21
22  8 : 22 30 33 40 41 45 48 90
23  1 : 23
25  6 : 25 58 65 69 154 160
26  2 : 26 185
27  1 : 27
28  1 : 28
29  1 : 29
31  1 : 31
34  1 : 34
% end

% frame 79
% time 8
% start   8
% cluster-index, number-of-fibers : name-of-fibers
1  1 : 1
2  1 : 2
3  3 : 3 36 74
4  131 : 4 32 38 42 53 57 62 63 64 66 67 68 70 72 73 76 78 79 80 85 86 89 91 92 93 94 95 96 97 98 99 100 101 104 106 107 108 110 111 112 113 115 117 118 119 120 121 122 123 124 125 126 127 130 131 132 133 134 135 136 137 138 139 140 141 142 143 144 145 146 147 148 149 150 151 152 153 155 156 157 158 159 161 162 163 165 166 167 168 169 170 171 173 174 175 176 177 178 180 181 182 183 184 186 187 188 189 190 191 192 193 194 195 196 197 198 199 200 201 202 203 204 205 206 207 208 209 210 211 212 213
5  1 : 5
6  1 : 6
7  1 : 7
8  1 : 8
9  1 : 9
10  17 : 10 35 39 43 47 49 50 51 52 54 55 59 71 75 84 103 109
11  2 : 11 129
12  1 : 12
13  1 : 13
14  4 : 14 37 44 60
15  1 : 15
16  2 : 16 24
17  18 : 17 46 56 61 77 81 82 83 87 88 102 105 114 116 128 164 172 179
18  1 : 18
19  1 : 19
20  1 : 20
21  1 : 21
22  8 : 22 30 33 40 41 45 48 90
23  1 : 23
25  6 : 25 58 65 69 154 160
26  2 : 26 185
27  1 : 27
28  1 : 28
29  1 : 29
31  1 : 31
34  1 : 34
% end

% frame 80
% time 8.1
% start   8.1
% cluster-index, number-of-fibers : name-of-fibers
1  1 : 1
2  1 : 2
3  3 : 3 36 74
4  132 : 4 32 38 42 53 57 62 63 64 66 67 68 70 72 73 76 78 79 80 85 86 89 91 92 93 94 95 96 97 98 99 100 101 104 106 107 108 110 111 112 113 115 117 118 119 120 121 122 123 124 125 126 127 130 131 132 133 134 135 136 137 138 139 140 141 142 143 144 145 146 147 148 149 150 151 152 153 155 156 157 158 159 161 162 163 165 166 167 168 169 170 171 173 174 175 176 177 178 180 181 182 183 184 186 187 188 189 190 191 192 193 194 195 196 197 198 199 200 201 202 203 204 205 206 207 208 209 210 211 212 213 214
5  1 : 5
6  1 : 6
7  1 : 7
8  1 : 8
9  1 : 9
10  17 : 10 35 39 43 47 49 50 51 52 54 55 59 71 75 84 103 109
11  2 : 11 129
12  1 : 12
13  1 : 13
14  4 : 14 37 44 60
15  1 : 15
16  2 : 16 24
17  18 : 17 46 56 61 77 81 82 83 87 88 102 105 114 116 128 164 172 179
18  1 : 18
19  1 : 19
20  1 : 20
21  1 : 21
22  8 : 22 30 33 40 41 45 48 90
23  1 : 23
25  6 : 25 58 65 69 154 160
26  2 : 26 185
27  1 : 27
28  1 : 28
29  1 : 29
31  1 : 31
34  1 : 34
% end

% frame 81
% time 8.2
% start   8.2
% cluster-index, number-of-fibers : name-of-fibers
1  1 : 1
2  1 : 2
3  3 : 3 36 74
4  133 : 4 32 38 42 53 57 62 63 64 66 67 68 70 72 73 76 78 79 80 85 86 89 91 92 93 94 95 96 97 98 99 100 101 104 106 107 108 110 111 112 113 115 117 118 119 120 121 122 123 124 125 126 127 130 131 132 133 134 135 136 137 138 139 140 141 142 143 144 145 146 147 148 149 150 151 152 153 155 156 157 158 159 161 162 163 165 166 167 168 169 170 171 173 174 175 176 177 178 180 181 182 183 184 186 187 188 189 190 191 192 193 194 195 196 197 198 199 200 201 202 203 204 205 206 207 208 209 210 211 212 213 214 215
5  1 : 5
6  1 : 6
7  1 : 7
8  1 : 8
9  1 : 9
10  17 : 10 35 39 43 47 49 50 51 52 54 55 59 71 75 84 103 109
11  2 : 11 129
12  1 : 12
13  1 : 13
14  4 : 14 37 44 60
15  1 : 15
16  2 : 16 24
17  18 : 17 46 56 61 77 81 82 83 87 88 102 105 114 116 128 164 172 179
18  1 : 18
19  1 : 19
20  1 : 20
21  1 : 21
22  8 : 22 30 33 40 41 45 48 90
23  1 : 23
25  6 : 25 58 65 69 154 160
26  2 : 26 185
27  1 : 27
28  1 : 28
29  1 : 29
31  1 : 31
34  1 : 34
% end

% frame 82
% time 8.3
% start   8.3
% cluster-index, number-of-fibers : name-of-fibers
1  1 : 1
2  1 : 2
3  3 : 3 36 74
4  134 : 4 32 38 42 53 57 62 63 64 66 67 68 70 72 73 76 78 79 80 85 86 89 91 92 93 94 95 96 97 98 99 100 101 104 106 107 108 110 111 112 113 115 117 118 119 120 121 122 123 124 125 126 127 130 131 132 133 134 135 136 137 138 139 140 141 142 143 144 145 146 147 148 149 150 151 152 153 155 156 157 158 159 161 162 163 165 166 167 168 169 170 171 173 174 175 176 177 178 180 181 182 183 184 186 187 188 189 190 191 192 193 194 195 196 197 198 199 200 201 202 203 204 205 206 207 208 209 210 211 212 213 214 215 216
5  1 : 5
6  1 : 6
7  1 : 7
8  1 : 8
9  1 : 9
10  17 : 10 35 39 43 47 49 50 51 52 54 55 59 71 75 84 103 109
11  2 : 11 129
12  1 : 12
13  1 : 13
14  4 : 14 37 44 60
15  1 : 15
16  2 : 16 24
17  18 : 17 46 56 61 77 81 82 83 87 88 102 105 114 116 128 164 172 179
18  1 : 18
19  1 : 19
20  1 : 20
21  1 : 21
22  8 : 22 30 33 40 41 45 48 90
23  1 : 23
25  6 : 25 58 65 69 154 160
26  2 : 26 185
27  1 : 27
28  1 : 28
29  1 : 29
31  1 : 31
34  1 : 34
% end

% frame 83
% time 8.4
% start   8.4
% cluster-index, number-of-fibers : name-of-fibers
1  1 : 1
2  1 : 2
3  3 : 3 36 74
4  134 : 4 32 38 42 53 57 62 63 64 66 67 68 70 72 73 76 78 79 80 85 86 89 91 92 93 94 95 96 97 98 99 100 101 104 106 107 108 110 111 112 113 115 117 118 119 120 121 122 123 124 125 126 127 130 131 132 133 134 135 136 137 138 139 140 141 142 143 144 145 146 147 148 149 150 151 152 153 155 156 157 158 159 161 162 163 165 166 167 168 169 170 171 173 174 175 176 177 178 180 181 182 183 184 186 187 188 189 190 191 192 193 194 195 196 197 198 199 200 201 202 203 204 205 206 207 208 209 210 211 212 213 214 215 216
5  1 : 5
6  1 : 6
7  1 : 7
8  1 : 8
9  1 : 9
10  17 : 10 35 39 43 47 49 50 51 52 54 55 59 71 75 84 103 109
11  2 : 11 129
12  1 : 12
13  1 : 13
14  4 : 14 37 44 60
15  1 : 15
16  2 : 16 24
17  18 : 17 46 56 61 77 81 82 83 87 88 102 105 114 116 128 164 172 179
18  1 : 18
19  1 : 19
20  1 : 20
21  1 : 21
22  8 : 22 30 33 40 41 45 48 90
23  1 : 23
25  6 : 25 58 65 69 154 160
26  2 : 26 185
27  1 : 27
28  1 : 28
29  1 : 29
31  1 : 31
34  1 : 34
% end

% frame 84
% time 8.5
% start   8.5
% cluster-index, number-of-fibers : name-of-fibers
1  1 : 1
2  1 : 2
3  3 : 3 36 74
4  134 : 4 32 38 42 53 57 62 63 64 66 67 68 70 72 73 76 78 79 80 85 86 89 91 92 93 94 95 96 97 98 99 100 101 104 106 107 108 110 111 112 113 115 117 118 119 120 121 122 123 124 125 126 127 130 131 132 133 134 135 136 137 138 139 140 141 142 143 144 145 146 147 148 149 150 151 152 153 155 156 157 158 159 161 162 163 165 166 167 168 169 170 171 173 174 175 176 177 178 180 181 182 183 184 186 187 188 189 190 191 192 193 194 195 196 197 198 199 200 201 202 203 204 205 206 207 208 209 210 211 212 213 214 215 216
5  1 : 5
6  1 : 6
7  1 : 7
8  1 : 8
9  1 : 9
10  17 : 10 35 39 43 47 49 50 51 52 54 55 59 71 75 84 103 109
11  2 : 11 129
12  1 : 12
13  1 : 13
14  4 : 14 37 44 60
15  1 : 15
16  2 : 16 24
17  18 : 17 46 56 61 77 81 82 83 87 88 102 105 114 116 128 164 172 179
18  1 : 18
19  1 : 19
20  1 : 20
21  1 : 21
22  8 : 22 30 33 40 41 45 48 90
23  1 : 23
25  6 : 25 58 65 69 154 160
26  2 : 26 185
27  1 : 27
28  1 : 28
29  1 : 29
31  1 : 31
34  1 : 34
% end

% frame 85
% time 8.6
% start   8.6
% cluster-index, number-of-fibers : name-of-fibers
1  1 : 1
2  1 : 2
3  3 : 3 36 74
4  135 : 4 32 38 42 53 57 62 63 64 66 67 68 70 72 73 76 78 79 80 85 86 89 91 92 93 94 95 96 97 98 99 100 101 104 106 107 108 110 111 112 113 115 117 118 119 120 121 122 123 124 125 126 127 130 131 132 133 134 135 136 137 138 139 140 141 142 143 144 145 146 147 148 149 150 151 152 153 155 156 157 158 159 161 162 163 165 166 167 168 169 170 171 173 174 175 176 177 178 180 181 182 183 184 186 187 188 189 190 191 192 193 194 195 196 197 198 199 200 201 202 203 204 205 206 207 208 209 210 211 212 213 214 215 216 217
5  1 : 5
6  1 : 6
7  1 : 7
8  1 : 8
9  1 : 9
10  17 : 10 35 39 43 47 49 50 51 52 54 55 59 71 75 84 103 109
11  2 : 11 129
12  1 : 12
13  1 : 13
14  4 : 14 37 44 60
15  1 : 15
16  2 : 16 24
17  18 : 17 46 56 61 77 81 82 83 87 88 102 105 114 116 128 164 172 179
18  1 : 18
19  1 : 19
20  1 : 20
21  1 : 21
22  8 : 22 30 33 40 41 45 48 90
23  1 : 23
25  6 : 25 58 65 69 154 160
26  2 : 26 185
27  1 : 27
28  1 : 28
29  1 : 29
31  1 : 31
34  1 : 34
% end

% frame 86
% time 8.7
% start   8.7
% cluster-index, number-of-fibers : name-of-fibers
1  1 : 1
2  1 : 2
3  3 : 3 36 74
4  136 : 4 32 38 42 53 57 62 63 64 66 67 68 70 72 73 76 78 79 80 85 86 89 91 92 93 94 95 96 97 98 99 100 101 104 106 107 108 110 111 112 113 115 117 118 119 120 121 122 123 124 125 126 127 130 131 132 133 134 135 136 137 138 139 140 141 142 143 144 145 146 147 148 149 150 151 152 153 155 156 157 158 159 161 162 163 165 166 167 168 169 170 171 173 174 175 176 177 178 180 181 182 183 184 186 187 188 189 190 191 192 193 194 195 196 197 198 199 200 201 202 203 204 205 206 207 208 209 210 211 212 213 214 215 216 217 218
5  1 : 5
6  1 : 6
7  1 : 7
8  1 : 8
9  1 : 9
10  17 : 10 35 39 43 47 49 50 51 52 54 55 59 71 75 84 103 109
11  2 : 11 129
12  1 : 12
13  1 : 13
14  4 : 14 37 44 60
15  1 : 15
16  2 : 16 24
17  18 : 17 46 56 61 77 81 82 83 87 88 102 105 114 116 128 164 172 179
18  1 : 18
19  1 : 19
20  1 : 20
21  1 : 21
22  8 : 22 30 33 40 41 45 48 90
23  1 : 23
25  6 : 25 58 65 69 154 160
26  2 : 26 185
27  1 : 27
28  1 : 28
29  1 : 29
31  1 : 31
34  1 : 34
% end

% frame 87
% time 8.8
% start   8.8
% cluster-index, number-of-fibers : name-of-fibers
1  1 : 1
2  1 : 2
3  3 : 3 36 74
4  137 : 4 32 38 42 53 57 62 63 64 66 67 68 70 72 73 76 78 79 80 85 86 89 91 92 93 94 95 96 97 98 99 100 101 104 106 107 108 110 111 112 113 115 117 118 119 120 121 122 123 124 125 126 127 130 131 132 133 134 135 136 137 138 139 140 141 142 143 144 145 146 147 148 149 150 151 152 153 155 156 157 158 159 161 162 163 165 166 167 168 169 170 171 173 174 175 176 177 178 180 181 182 183 184 186 187 188 189 190 191 192 193 194 195 196 197 198 199 200 201 202 203 204 205 206 207 208 209 210 211 212 213 214 215 216 217 218 219
5  1 : 5
6  1 : 6
7  1 : 7
8  1 : 8
9  1 : 9
10  17 : 10 35 39 43 47 49 50 51 52 54 55 59 71 75 84 103 109
11  2 : 11 129
12  1 : 12
13  1 : 13
14  4 : 14 37 44 60
15  1 : 15
16  2 : 16 24
17  18 : 17 46 56 61 77 81 82 83 87 88 102 105 114 116 128 164 172 179
18  1 : 18
19  1 : 19
20  1 : 20
21  1 : 21
22  8 : 22 30 33 40 41 45 48 90
23  1 : 23
25  6 : 25 58 65 69 154 160
26  2 : 26 185
27  1 : 27
28  1 : 28
29  1 : 29
31  1 : 31
34  1 : 34
% end

% frame 88
% time 8.9
% start   8.9
% cluster-index, number-of-fibers : name-of-fibers
1  1 : 1
2  1 : 2
3  3 : 3 36 74
4  138 : 4 32 38 42 53 57 62 63 64 66 67 68 70 72 73 76 78 79 80 85 86 89 91 92 93 94 95 96 97 98 99 100 101 104 106 107 108 110 111 112 113 115 117 118 119 120 121 122 123 124 125 126 127 130 131 132 133 134 135 136 137 138 139 140 141 142 143 144 145 146 147 148 149 150 151 152 153 155 156 157 158 159 161 162 163 165 166 167 168 169 170 171 173 174 175 176 177 178 180 181 182 183 184 186 187 188 189 190 191 192 193 194 195 196 197 198 199 200 201 202 203 204 205 206 207 208 209 210 211 212 213 214 215 216 217 218 219 220
5  1 : 5
6  1 : 6
7  1 : 7
8  1 : 8
9  1 : 9
10  17 : 10 35 39 43 47 49 50 51 52 54 55 59 71 75 84 103 109
11  2 : 11 129
12  1 : 12
13  1 : 13
14  4 : 14 37 44 60
15  1 : 15
16  2 : 16 24
17  18 : 17 46 56 61 77 81 82 83 87 88 102 105 114 116 128 164 172 179
18  1 : 18
19  1 : 19
20  1 : 20
21  1 : 21
22  8 : 22 30 33 40 41 45 48 90
23  1 : 23
25  6 : 25 58 65 69 154 160
26  2 : 26 185
27  1 : 27
28  1 : 28
29  1 : 29
31  1 : 31
34  1 : 34
% end

% frame 89
% time 9
% start   9
% cluster-index, number-of-fibers : name-of-fibers
1  1 : 1
2  1 : 2
3  3 : 3 36 74
4  138 : 4 32 38 42 53 57 62 63 64 66 67 68 70 72 73 76 78 79 80 85 86 89 91 92 93 94 95 96 97 98 99 100 101 104 106 107 108 110 111 112 113 115 117 118 119 120 121 122 123 124 125 126 127 130 131 132 133 134 135 136 137 138 139 140 141 142 143 144 145 146 147 148 149 150 151 152 153 155 156 157 158 159 161 162 163 165 166 167 168 169 170 171 173 174 175 176 177 178 180 181 182 183 184 186 187 188 189 190 191 192 193 194 195 196 197 198 199 200 201 202 203 204 205 206 207 208 209 210 211 212 213 214 215 216 217 218 219 220
5  1 : 5
6  1 : 6
7  1 : 7
8  1 : 8
9  1 : 9
10  17 : 10 35 39 43 47 49 50 51 52 54 55 59 71 75 84 103 109
11  2 : 11 129
12  1 : 12
13  1 : 13
14  4 : 14 37 44 60
15  1 : 15
16  2 : 16 24
17  18 : 17 46 56 61 77 81 82 83 87 88 102 105 114 116 128 164 172 179
18  1 : 18
19  1 : 19
20  1 : 20
21  1 : 21
22  8 : 22 30 33 40 41 45 48 90
23  1 : 23
25  6 : 25 58 65 69 154 160
26  2 : 26 185
27  1 : 27
28  1 : 28
29  1 : 29
31  1 : 31
34  1 : 34
% end

% frame 90
% time 9.1
% start   9.1
% cluster-index, number-of-fibers : name-of-fibers
1  1 : 1
2  1 : 2
3  3 : 3 36 74
4  138 : 4 32 38 42 53 57 62 63 64 66 67 68 70 72 73 76 78 79 80 85 86 89 91 92 93 94 95 96 97 98 99 100 101 104 106 107 108 110 111 112 113 115 117 118 119 120 121 122 123 124 125 126 127 130 131 132 133 134 135 136 137 138 139 140 141 142 143 144 145 146 147 148 149 150 151 152 153 155 156 157 158 159 161 162 163 165 166 167 168 169 170 171 173 174 175 176 177 178 180 181 182 183 184 186 187 188 189 190 191 192 193 194 195 196 197 198 199 200 201 202 203 204 205 206 207 208 209 210 211 212 213 214 215 216 217 218 219 220
5  1 : 5
6  1 : 6
7  1 : 7
8  1 : 8
9  1 : 9
10  17 : 10 35 39 43 47 49 50 51 52 54 55 59 71 75 84 103 109
11  2 : 11 129
12  1 : 12
13  1 : 13
14  4 : 14 37 44 60
15  1 : 15
16  2 : 16 24
17  18 : 17 46 56 61 77 81 82 83 87 88 102 105 114 116 128 164 172 179
18  1 : 18
19  1 : 19
20  1 : 20
21  1 : 21
22  8 : 22 30 33 40 41 45 48 90
23  1 : 23
25  6 : 25 58 65 69 154 160
26  2 : 26 185
27  1 : 27
28  1 : 28
29  1 : 29
31  1 : 31
34  1 : 34
% end

% frame 91
% time 9.2
% start   9.2
% cluster-index, number-of-fibers : name-of-fibers
1  1 : 1
2  1 : 2
3  3 : 3 36 74
4  139 : 4 32 38 42 53 57 62 63 64 66 67 68 70 72 73 76 78 79 80 85 86 89 91 92 93 94 95 96 97 98 99 100 101 104 106 107 108 110 111 112 113 115 117 118 119 120 121 122 123 124 125 126 127 130 131 132 133 134 135 136 137 138 139 140 141 142 143 144 145 146 147 148 149 150 151 152 153 155 156 157 158 159 161 162 163 165 166 167 168 169 170 171 173 174 175 176 177 178 180 181 182 183 184 186 187 188 189 190 191 192 193 194 195 196 197 198 199 200 201 202 203 204 205 206 207 208 209 210 211 212 213 214 215 216 217 218 219 220 221
5  1 : 5
6  1 : 6
7  1 : 7
8  1 : 8
9  1 : 9
10  17 : 10 35 39 43 47 49 50 51 52 54 55 59 71 75 84 103 109
11  2 : 11 129
12  1 : 12
13  1 : 13
14  4 : 14 37 44 60
15  1 : 15
16  2 : 16 24
17  18 : 17 46 56 61 77 81 82 83 87 88 102 105 114 116 128 164 172 179
18  1 : 18
19  1 : 19
20  1 : 20
21  1 : 21
22  8 : 22 30 33 40 41 45 48 90
23  1 : 23
25  6 : 25 58 65 69 154 160
26  2 : 26 185
27  1 : 27
28  1 : 28
29  1 : 29
31  1 : 31
34  1 : 34
% end

% frame 92
% time 9.3
% start   9.3
% cluster-index, number-of-fibers : name-of-fibers
1  1 : 1
2  1 : 2
3  3 : 3 36 74
4  139 : 4 32 38 42 53 57 62 63 64 66 67 68 70 72 73 76 78 79 80 85 86 89 91 92 93 94 95 96 97 98 99 100 101 104 106 107 108 110 111 112 113 115 117 118 119 120 121 122 123 124 125 126 127 130 131 132 133 134 135 136 137 138 139 140 141 142 143 144 145 146 147 148 149 150 151 152 153 155 156 157 158 159 161 162 163 165 166 167 168 169 170 171 173 174 175 176 177 178 180 181 182 183 184 186 187 188 189 190 191 192 193 194 195 196 197 198 199 200 201 202 203 204 205 206 207 208 209 210 211 212 213 214 215 216 217 218 219 220 221
5  1 : 5
6  1 : 6
7  1 : 7
8  1 : 8
9  1 : 9
10  17 : 10 35 39 43 47 49 50 51 52 54 55 59 71 75 84 103 109
11  2 : 11 129
12  1 : 12
13  1 : 13
14  4 : 14 37 44 60
15  1 : 15
16  2 : 16 24
17  18 : 17 46 56 61 77 81 82 83 87 88 102 105 114 116 128 164 172 179
18  1 : 18
19  1 : 19
20  1 : 20
21  1 : 21
22  8 : 22 30 33 40 41 45 48 90
23  1 : 23
25  6 : 25 58 65 69 154 160
26  2 : 26 185
27  1 : 27
28  1 : 28
29  1 : 29
31  1 : 31
34  1 : 34
% end

% frame 93
% time 9.4
% start   9.4
% cluster-index, number-of-fibers : name-of-fibers
1  1 : 1
2  1 : 2
3  3 : 3 36 74
4  139 : 4 32 38 42 53 57 62 63 64 66 67 68 70 72 73 76 78 79 80 85 86 89 91 92 93 94 95 96 97 98 99 100 101 104 106 107 108 110 111 112 113 115 117 118 119 120 121 122 123 124 125 126 127 130 131 132 133 134 135 136 137 138 139 140 141 142 143 144 145 146 147 148 149 150 151 152 153 155 156 157 158 159 161 162 163 165 166 167 168 169 170 171 173 174 175 176 177 178 180 181 182 183 184 186 187 188 189 190 191 192 193 194 195 196 197 198 199 200 201 202 203 204 205 206 207 208 209 210 211 212 213 214 215 216 217 218 219 220 221
5  1 : 5
6  1 : 6
7  1 : 7
8  1 : 8
9  1 : 9
10  17 : 10 35 39 43 47 49 50 51 52 54 55 59 71 75 84 103 109
11  2 : 11 129
12  1 : 12
13  1 : 13
14  4 : 14 37 44 60
15  1 : 15
16  2 : 16 24
17  18 : 17 46 56 61 77 81 82 83 87 88 102 105 114 116 128 164 172 179
18  1 : 18
19  1 : 19
20  1 : 20
21  1 : 21
22  8 : 22 30 33 40 41 45 48 90
23  1 : 23
25  6 : 25 58 65 69 154 160
26  2 : 26 185
27  1 : 27
28  1 : 28
29  1 : 29
31  1 : 31
34  1 : 34
% end

% frame 94
% time 9.5
% start   9.5
% cluster-index, number-of-fibers : name-of-fibers
1  1 : 1
2  1 : 2
3  3 : 3 36 74
4  139 : 4 32 38 42 53 57 62 63 64 66 67 68 70 72 73 76 78 79 80 85 86 89 91 92 93 94 95 96 97 98 99 100 101 104 106 107 108 110 111 112 113 115 117 118 119 120 121 122 123 124 125 126 127 130 131 132 133 134 135 136 137 138 139 140 141 142 143 144 145 146 147 148 149 150 151 152 153 155 156 157 158 159 161 162 163 165 166 167 168 169 170 171 173 174 175 176 177 178 180 181 182 183 184 186 187 188 189 190 191 192 193 194 195 196 197 198 199 200 201 202 203 204 205 206 207 208 209 210 211 212 213 214 215 216 217 218 219 220 221
5  1 : 5
6  1 : 6
7  1 : 7
8  1 : 8
9  1 : 9
10  17 : 10 35 39 43 47 49 50 51 52 54 55 59 71 75 84 103 109
11  2 : 11 129
12  1 : 12
13  1 : 13
14  4 : 14 37 44 60
15  1 : 15
16  2 : 16 24
17  18 : 17 46 56 61 77 81 82 83 87 88 102 105 114 116 128 164 172 179
18  1 : 18
19  1 : 19
20  1 : 20
21  1 : 21
22  8 : 22 30 33 40 41 45 48 90
23  1 : 23
25  6 : 25 58 65 69 154 160
26  2 : 26 185
27  1 : 27
28  1 : 28
29  1 : 29
31  1 : 31
34  1 : 34
% end

% frame 95
% time 9.6
% start   9.6
% cluster-index, number-of-fibers : name-of-fibers
1  1 : 1
2  1 : 2
3  3 : 3 36 74
4  139 : 4 32 38 42 53 57 62 63 64 66 67 68 70 72 73 76 78 79 80 85 86 89 91 92 93 94 95 96 97 98 99 100 101 104 106 107 108 110 111 112 113 115 117 118 119 120 121 122 123 124 125 126 127 130 131 132 133 134 135 136 137 138 139 140 141 142 143 144 145 146 147 148 149 150 151 152 153 155 156 157 158 159 161 162 163 165 166 167 168 169 170 171 173 174 175 176 177 178 180 181 182 183 184 186 187 188 189 190 191 192 193 194 195 196 197 198 199 200 201 202 203 204 205 206 207 208 209 210 211 212 213 214 215 216 217 218 219 220 221
5  1 : 5
6  1 : 6
7  1 : 7
8  1 : 8
9  1 : 9
10  17 : 10 35 39 43 47 49 50 51 52 54 55 59 71 75 84 103 109
11  2 : 11 129
12  1 : 12
13  1 : 13
14  4 : 14 37 44 60
15  1 : 15
16  2 : 16 24
17  18 : 17 46 56 61 77 81 82 83 87 88 102 105 114 116 128 164 172 179
18  1 : 18
19  1 : 19
20  1 : 20
21  1 : 21
22  8 : 22 30 33 40 41 45 48 90
23  1 : 23
25  6 : 25 58 65 69 154 160
26  2 : 26 185
27  1 : 27
28  1 : 28
29  1 : 29
31  1 : 31
34  1 : 34
% end

% frame 96
% time 9.7
% start   9.7
% cluster-index, number-of-fibers : name-of-fibers
1  1 : 1
2  1 : 2
3  3 : 3 36 74
4  139 : 4 32 38 42 53 57 62 63 64 66 67 68 70 72 73 76 78 79 80 85 86 89 91 92 93 94 95 96 97 98 99 100 101 104 106 107 108 110 111 112 113 115 117 118 119 120 121 122 123 124 125 126 127 130 131 132 133 134 135 136 137 138 139 140 141 142 143 144 145 146 147 148 149 150 151 152 153 155 156 157 158 159 161 162 163 165 166 167 168 169 170 171 173 174 175 176 177 178 180 181 182 183 184 186 187 188 189 190 191 192 193 194 195 196 197 198 199 200 201 202 203 204 205 206 207 208 209 210 211 212 213 214 215 216 217 218 219 220 221
5  1 : 5
6  1 : 6
7  1 : 7
8  1 : 8
9  1 : 9
10  17 : 10 35 39 43 47 49 50 51 52 54 55 59 71 75 84 103 109
11  2 : 11 129
12  1 : 12
13  1 : 13
14  4 : 14 37 44 60
15  1 : 15
16  2 : 16 24
17  18 : 17 46 56 61 77 81 82 83 87 88 102 105 114 116 128 164 172 179
18  1 : 18
19  1 : 19
20  1 : 20
21  1 : 21
22  8 : 22 30 33 40 41 45 48 90
23  1 : 23
25  6 : 25 58 65 69 154 160
26  2 : 26 185
27  1 : 27
28  1 : 28
29  1 : 29
31  1 : 31
34  1 : 34
% end

% frame 97
% time 9.8
% start   9.8
% cluster-index, number-of-fibers : name-of-fibers
1  1 : 1
2  1 : 2
3  3 : 3 36 74
4  140 : 4 32 38 42 53 57 62 63 64 66 67 68 70 72 73 76 78 79 80 85 86 89 91 92 93 94 95 96 97 98 99 100 101 104 106 107 108 110 111 112 113 115 117 118 119 120 121 122 123 124 125 126 127 130 131 132 133 134 135 136 137 138 139 140 141 142 143 144 145 146 147 148 149 150 151 152 153 155 156 157 158 159 161 162 163 165 166 167 168 169 170 171 173 174 175 176 177 178 180 181 182 183 184 186 187 188 189 190 191 192 193 194 195 196 197 198 199 200 201 202 203 204 205 206 207 208 209 210 211 212 213 214 215 216 217 218 219 220 221 222
5  1 : 5
6  1 : 6
7  1 : 7
8  1 : 8
9  1 : 9
10  17 : 10 35 39 43 47 49 50 51 52 54 55 59 71 75 84 103 109
11  2 : 11 129
12  1 : 12
13  1 : 13
14  4 : 14 37 44 60
15  1 : 15
16  2 : 16 24
17  18 : 17 46 56 61 77 81 82 83 87 88 102 105 114 116 128 164 172 179
18  1 : 18
19  1 : 19
20  1 : 20
21  1 : 21
22  8 : 22 30 33 40 41 45 48 90
23  1 : 23
25  6 : 25 58 65 69 154 160
26  2 : 26 185
27  1 : 27
28  1 : 28
29  1 : 29
31  1 : 31
34  1 : 34
% end

% frame 98
% time 9.9
% start   9.9
% cluster-index, number-of-fibers : name-of-fibers
1  1 : 1
2  1 : 2
3  3 : 3 36 74
4  140 : 4 32 38 42 53 57 62 63 64 66 67 68 70 72 73 76 78 79 80 85 86 89 91 92 93 94 95 96 97 98 99 100 101 104 106 107 108 110 111 112 113 115 117 118 119 120 121 122 123 124 125 126 127 130 131 132 133 134 135 136 137 138 139 140 141 142 143 144 145 146 147 148 149 150 151 152 153 155 156 157 158 159 161 162 163 165 166 167 168 169 170 171 173 174 175 176 177 178 180 181 182 183 184 186 187 188 189 190 191 192 193 194 195 196 197 198 199 200 201 202 203 204 205 206 207 208 209 210 211 212 213 214 215 216 217 218 219 220 221 222
5  1 : 5
6  1 : 6
7  1 : 7
8  1 : 8
9  1 : 9
10  17 : 10 35 39 43 47 49 50 51 52 54 55 59 71 75 84 103 109
11  2 : 11 129
12  1 : 12
13  1 : 13
14  4 : 14 37 44 60
15  1 : 15
16  2 : 16 24
17  18 : 17 46 56 61 77 81 82 83 87 88 102 105 114 116 128 164 172 179
18  1 : 18
19  1 : 19
20  1 : 20
21  1 : 21
22  8 : 22 30 33 40 41 45 48 90
23  1 : 23
25  6 : 25 58 65 69 154 160
26  2 : 26 185
27  1 : 27
28  1 : 28
29  1 : 29
31  1 : 31
34  1 : 34
% end

% frame 99
% time 10
% start   10
% cluster-index, number-of-fibers : name-of-fibers
1  1 : 1
2  1 : 2
3  3 : 3 36 74
4  140 : 4 32 38 42 53 57 62 63 64 66 67 68 70 72 73 76 78 79 80 85 86 89 91 92 93 94 95 96 97 98 99 100 101 104 106 107 108 110 111 112 113 115 117 118 119 120 121 122 123 124 125 126 127 130 131 132 133 134 135 136 137 138 139 140 141 142 143 144 145 146 147 148 149 150 151 152 153 155 156 157 158 159 161 162 163 165 166 167 168 169 170 171 173 174 175 176 177 178 180 181 182 183 184 186 187 188 189 190 191 192 193 194 195 196 197 198 199 200 201 202 203 204 205 206 207 208 209 210 211 212 213 214 215 216 217 218 219 220 221 222
5  1 : 5
6  1 : 6
7  1 : 7
8  1 : 8
9  1 : 9
10  17 : 10 35 39 43 47 49 50 51 52 54 55 59 71 75 84 103 109
11  2 : 11 129
12  1 : 12
13  1 : 13
14  4 : 14 37 44 60
15  1 : 15
16  2 : 16 24
17  18 : 17 46 56 61 77 81 82 83 87 88 102 105 114 116 128 164 172 179
18  1 : 18
19  1 : 19
20  1 : 20
21  1 : 21
22  8 : 22 30 33 40 41 45 48 90
23  1 : 23
25  6 : 25 58 65 69 154 160
26  2 : 26 185
27  1 : 27
28  1 : 28
29  1 : 29
31  1 : 31
34  1 : 34
% end

% frame 100
% time 10.1
% start   10.1
% cluster-index, number-of-fibers : name-of-fibers
1  1 : 1
2  1 : 2
3  3 : 3 36 74
4  141 : 4 32 38 42 53 57 62 63 64 66 67 68 70 72 73 76 78 79 80 85 86 89 91 92 93 94 95 96 97 98 99 100 101 104 106 107 108 110 111 112 113 115 117 118 119 120 121 122 123 124 125 126 127 130 131 132 133 134 135 136 137 138 139 140 141 142 143 144 145 146 147 148 149 150 151 152 153 155 156 157 158 159 161 162 163 165 166 167 168 169 170 171 173 174 175 176 177 178 180 181 182 183 184 186 187 188 189 190 191 192 193 194 195 196 197 198 199 200 201 202 203 204 205 206 207 208 209 210 211 212 213 214 215 216 217 218 219 220 221 222 223
5  1 : 5
6  1 : 6
7  1 : 7
8  1 : 8
9  1 : 9
10  17 : 10 35 39 43 47 49 50 51 52 54 55 59 71 75 84 103 109
11  2 : 11 129
12  1 : 12
13  1 : 13
14  4 : 14 37 44 60
15  1 : 15
16  2 : 16 24
17  18 : 17 46 56 61 77 81 82 83 87 88 102 105 114 116 128 164 172 179
18  1 : 18
19  1 : 19
20  1 : 20
21  1 : 21
22  8 : 22 30 33 40 41 45 48 90
23  1 : 23
25  6 : 25 58 65 69 154 160
26  2 : 26 185
27  1 : 27
28  1 : 28
29  1 : 29
31  1 : 31
34  1 : 34
% end

% frame 101
% time 10.2
% start   10.2
% cluster-index, number-of-fibers : name-of-fibers
1  1 : 1
2  1 : 2
3  3 : 3 36 74
4  141 : 4 32 38 42 53 57 62 63 64 66 67 68 70 72 73 76 78 79 80 85 86 89 91 92 93 94 95 96 97 98 99 100 101 104 106 107 108 110 111 112 113 115 117 118 119 120 121 122 123 124 125 126 127 130 131 132 133 134 135 136 137 138 139 140 141 142 143 144 145 146 147 148 149 150 151 152 153 155 156 157 158 159 161 162 163 165 166 167 168 169 170 171 173 174 175 176 177 178 180 181 182 183 184 186 187 188 189 190 191 192 193 194 195 196 197 198 199 200 201 202 203 204 205 206 207 208 209 210 211 212 213 214 215 216 217 218 219 220 221 222 223
5  1 : 5
6  1 : 6
7  1 : 7
8  1 : 8
9  1 : 9
10  17 : 10 35 39 43 47 49 50 51 52 54 55 59 71 75 84 103 109
11  2 : 11 129
12  1 : 12
13  1 : 13
14  4 : 14 37 44 60
15  1 : 15
16  2 : 16 24
17  18 : 17 46 56 61 77 81 82 83 87 88 102 105 114 116 128 164 172 179
18  1 : 18
19  1 : 19
20  1 : 20
21  1 : 21
22  8 : 22 30 33 40 41 45 48 90
23  1 : 23
25  6 : 25 58 65 69 154 160
26  2 : 26 185
27  1 : 27
28  1 : 28
29  1 : 29
31  1 : 31
34  1 : 34
% end

% frame 102
% time 10.3
% start   10.3
% cluster-index, number-of-fibers : name-of-fibers
1  1 : 1
2  1 : 2
3  3 : 3 36 74
4  141 : 4 32 38 42 53 57 62 63 64 66 67 68 70 72 73 76 78 79 80 85 86 89 91 92 93 94 95 96 97 98 99 100 101 104 106 107 108 110 111 112 113 115 117 118 119 120 121 122 123 124 125 126 127 130 131 132 133 134 135 136 137 138 139 140 141 142 143 144 145 146 147 148 149 150 151 152 153 155 156 157 158 159 161 162 163 165 166 167 168 169 170 171 173 174 175 176 177 178 180 181 182 183 184 186 187 188 189 190 191 192 193 194 195 196 197 198 199 200 201 202 203 204 205 206 207 208 209 210 211 212 213 214 215 216 217 218 219 220 221 222 223
5  1 : 5
6  1 : 6
7  1 : 7
8  1 : 8
9  1 : 9
10  17 : 10 35 39 43 47 49 50 51 52 54 55 59 71 75 84 103 109
11  2 : 11 129
12  1 : 12
13  1 : 13
14  4 : 14 37 44 60
15  1 : 15
16  2 : 16 24
17  18 : 17 46 56 61 77 81 82 83 87 88 102 105 114 116 128 164 172 179
18  1 : 18
19  1 : 19
20  1 : 20
21  1 : 21
22  8 : 22 30 33 40 41 45 48 90
23  1 : 23
25  6 : 25 58 65 69 154 160
26  2 : 26 185
27  1 : 27
28  1 : 28
29  1 : 29
31  1 : 31
34  1 : 34
% end

% frame 103
% time 10.4
% start   10.4
% cluster-index, number-of-fibers : name-of-fibers
1  1 : 1
2  1 : 2
3  3 : 3 36 74
4  141 : 4 32 38 42 53 57 62 63 64 66 67 68 70 72 73 76 78 79 80 85 86 89 91 92 93 94 95 96 97 98 99 100 101 104 106 107 108 110 111 112 113 115 117 118 119 120 121 122 123 124 125 126 127 130 131 132 133 134 135 136 137 138 139 140 141 142 143 144 145 146 147 148 149 150 151 152 153 155 156 157 158 159 161 162 163 165 166 167 168 169 170 171 173 174 175 176 177 178 180 181 182 183 184 186 187 188 189 190 191 192 193 194 195 196 197 198 199 200 201 202 203 204 205 206 207 208 209 210 211 212 213 214 215 216 217 218 219 220 221 222 223
5  1 : 5
6  1 : 6
7  1 : 7
8  1 : 8
9  1 : 9
10  17 : 10 35 39 43 47 49 50 51 52 54 55 59 71 75 84 103 109
11  2 : 11 129
12  1 : 12
13  1 : 13
14  4 : 14 37 44 60
15  1 : 15
16  2 : 16 24
17  18 : 17 46 56 61 77 81 82 83 87 88 102 105 114 116 128 164 172 179
18  1 : 18
19  1 : 19
20  1 : 20
21  1 : 21
22  8 : 22 30 33 40 41 45 48 90
23  1 : 23
25  6 : 25 58 65 69 154 160
26  2 : 26 185
27  1 : 27
28  1 : 28
29  1 : 29
31  1 : 31
34  1 : 34
% end

% frame 104
% time 10.5
% start   10.5
% cluster-index, number-of-fibers : name-of-fibers
1  1 : 1
2  1 : 2
3  3 : 3 36 74
4  141 : 4 32 38 42 53 57 62 63 64 66 67 68 70 72 73 76 78 79 80 85 86 89 91 92 93 94 95 96 97 98 99 100 101 104 106 107 108 110 111 112 113 115 117 118 119 120 121 122 123 124 125 126 127 130 131 132 133 134 135 136 137 138 139 140 141 142 143 144 145 146 147 148 149 150 151 152 153 155 156 157 158 159 161 162 163 165 166 167 168 169 170 171 173 174 175 176 177 178 180 181 182 183 184 186 187 188 189 190 191 192 193 194 195 196 197 198 199 200 201 202 203 204 205 206 207 208 209 210 211 212 213 214 215 216 217 218 219 220 221 222 223
5  1 : 5
6  1 : 6
7  1 : 7
8  1 : 8
9  1 : 9
10  17 : 10 35 39 43 47 49 50 51 52 54 55 59 71 75 84 103 109
11  2 : 11 129
12  1 : 12
13  1 : 13
14  4 : 14 37 44 60
15  1 : 15
16  2 : 16 24
17  18 : 17 46 56 61 77 81 82 83 87 88 102 105 114 116 128 164 172 179
18  1 : 18
19  1 : 19
20  1 : 20
21  1 : 21
22  8 : 22 30 33 40 41 45 48 90
23  1 : 23
25  6 : 25 58 65 69 154 160
26  2 : 26 185
27  1 : 27
28  1 : 28
29  1 : 29
31  1 : 31
34  1 : 34
% end

% frame 105
% time 10.6
% start   10.6
% cluster-index, number-of-fibers : name-of-fibers
1  1 : 1
2  1 : 2
3  3 : 3 36 74
4  141 : 4 32 38 42 53 57 62 63 64 66 67 68 70 72 73 76 78 79 80 85 86 89 91 92 93 94 95 96 97 98 99 100 101 104 106 107 108 110 111 112 113 115 117 118 119 120 121 122 123 124 125 126 127 130 131 132 133 134 135 136 137 138 139 140 141 142 143 144 145 146 147 148 149 150 151 152 153 155 156 157 158 159 161 162 163 165 166 167 168 169 170 171 173 174 175 176 177 178 180 181 182 183 184 186 187 188 189 190 191 192 193 194 195 196 197 198 199 200 201 202 203 204 205 206 207 208 209 210 211 212 213 214 215 216 217 218 219 220 221 222 223
5  1 : 5
6  1 : 6
7  1 : 7
8  1 : 8
9  1 : 9
10  17 : 10 35 39 43 47 49 50 51 52 54 55 59 71 75 84 103 109
11  2 : 11 129
12  1 : 12
13  1 : 13
14  4 : 14 37 44 60
15  1 : 15
16  2 : 16 24
17  18 : 17 46 56 61 77 81 82 83 87 88 102 105 114 116 128 164 172 179
18  1 : 18
19  1 : 19
20  1 : 20
21  1 : 21
22  8 : 22 30 33 40 41 45 48 90
23  1 : 23
25  6 : 25 58 65 69 154 160
26  2 : 26 185
27  1 : 27
28  1 : 28
29  1 : 29
31  1 : 31
34  1 : 34
% end

% frame 106
% time 10.7
% start   10.7
% cluster-index, number-of-fibers : name-of-fibers
1  1 : 1
2  1 : 2
3  3 : 3 36 74
4  142 : 4 32 38 42 53 57 62 63 64 66 67 68 70 72 73 76 78 79 80 85 86 89 91 92 93 94 95 96 97 98 99 100 101 104 106 107 108 110 111 112 113 115 117 118 119 120 121 122 123 124 125 126 127 130 131 132 133 134 135 136 137 138 139 140 141 142 143 144 145 146 147 148 149 150 151 152 153 155 156 157 158 159 161 162 163 165 166 167 168 169 170 171 173 174 175 176 177 178 180 181 182 183 184 186 187 188 189 190 191 192 193 194 195 196 197 198 199 200 201 202 203 204 205 206 207 208 209 210 211 212 213 214 215 216 217 218 219 220 221 222 223 224
5  1 : 5
6  1 : 6
7  1 : 7
8  1 : 8
9  1 : 9
10  17 : 10 35 39 43 47 49 50 51 52 54 55 59 71 75 84 103 109
11  2 : 11 129
12  1 : 12
13  1 : 13
14  4 : 14 37 44 60
15  1 : 15
16  2 : 16 24
17  18 : 17 46 56 61 77 81 82 83 87 88 102 105 114 116 128 164 172 179
18  1 : 18
19  1 : 19
20  1 : 20
21  1 : 21
22  8 : 22 30 33 40 41 45 48 90
23  1 : 23
25  6 : 25 58 65 69 154 160
26  2 : 26 185
27  1 : 27
28  1 : 28
29  1 : 29
31  1 : 31
34  1 : 34
% end

% frame 107
% time 10.8
% start   10.8
% cluster-index, number-of-fibers : name-of-fibers
1  1 : 1
2  1 : 2
3  3 : 3 36 74
4  142 : 4 32 38 42 53 57 62 63 64 66 67 68 70 72 73 76 78 79 80 85 86 89 91 92 93 94 95 96 97 98 99 100 101 104 106 107 108 110 111 112 113 115 117 118 119 120 121 122 123 124 125 126 127 130 131 132 133 134 135 136 137 138 139 140 141 142 143 144 145 146 147 148 149 150 151 152 153 155 156 157 158 159 161 162 163 165 166 167 168 169 170 171 173 174 175 176 177 178 180 181 182 183 184 186 187 188 189 190 191 192 193 194 195 196 197 198 199 200 201 202 203 204 205 206 207 208 209 210 211 212 213 214 215 216 217 218 219 220 221 222 223 224
5  1 : 5
6  1 : 6
7  1 : 7
8  1 : 8
9  1 : 9
10  17 : 10 35 39 43 47 49 50 51 52 54 55 59 71 75 84 103 109
11  2 : 11 129
12  1 : 12
13  1 : 13
14  4 : 14 37 44 60
15  1 : 15
16  2 : 16 24
17  18 : 17 46 56 61 77 81 82 83 87 88 102 105 114 116 128 164 172 179
18  1 : 18
19  1 : 19
20  1 : 20
21  1 : 21
22  8 : 22 30 33 40 41 45 48 90
23  1 : 23
25  6 : 25 58 65 69 154 160
26  2 : 26 185
27  1 : 27
28  1 : 28
29  1 : 29
31  1 : 31
34  1 : 34
% end

% frame 108
% time 10.9
% start   10.9
% cluster-index, number-of-fibers : name-of-fibers
1  1 : 1
2  1 : 2
3  3 : 3 36 74
4  142 : 4 32 38 42 53 57 62 63 64 66 67 68 70 72 73 76 78 79 80 85 86 89 91 92 93 94 95 96 97 98 99 100 101 104 106 107 108 110 111 112 113 115 117 118 119 120 121 122 123 124 125 126 127 130 131 132 133 134 135 136 137 138 139 140 141 142 143 144 145 146 147 148 149 150 151 152 153 155 156 157 158 159 161 162 163 165 166 167 168 169 170 171 173 174 175 176 177 178 180 181 182 183 184 186 187 188 189 190 191 192 193 194 195 196 197 198 199 200 201 202 203 204 205 206 207 208 209 210 211 212 213 214 215 216 217 218 219 220 221 222 223 224
5  1 : 5
6  1 : 6
7  1 : 7
8  1 : 8
9  1 : 9
10  17 : 10 35 39 43 47 49 50 51 52 54 55 59 71 75 84 103 109
11  2 : 11 129
12  1 : 12
13  1 : 13
14  4 : 14 37 44 60
15  1 : 15
16  2 : 16 24
17  18 : 17 46 56 61 77 81 82 83 87 88 102 105 114 116 128 164 172 179
18  1 : 18
19  1 : 19
20  1 : 20
21  1 : 21
22  8 : 22 30 33 40 41 45 48 90
23  1 : 23
25  6 : 25 58 65 69 154 160
26  2 : 26 185
27  1 : 27
28  1 : 28
29  1 : 29
31  1 : 31
34  1 : 34
% end

% frame 109
% time 11
% start   11
% cluster-index, number-of-fibers : name-of-fibers
1  1 : 1
2  1 : 2
3  3 : 3 36 74
4  142 : 4 32 38 42 53 57 62 63 64 66 67 68 70 72 73 76 78 79 80 85 86 89 91 92 93 94 95 96 97 98 99 100 101 104 106 107 108 110 111 112 113 115 117 118 119 120 121 122 123 124 125 126 127 130 131 132 133 134 135 136 137 138 139 140 141 142 143 144 145 146 147 148 149 150 151 152 153 155 156 157 158 159 161 162 163 165 166 167 168 169 170 171 173 174 175 176 177 178 180 181 182 183 184 186 187 188 189 190 191 192 193 194 195 196 197 198 199 200 201 202 203 204 205 206 207 208 209 210 211 212 213 214 215 216 217 218 219 220 221 222 223 224
5  1 : 5
6  1 : 6
7  1 : 7
8  1 : 8
9  1 : 9
10  17 : 10 35 39 43 47 49 50 51 52 54 55 59 71 75 84 103 109
11  2 : 11 129
12  1 : 12
13  1 : 13
14  4 : 14 37 44 60
15  1 : 15
16  2 : 16 24
17  18 : 17 46 56 61 77 81 82 83 87 88 102 105 114 116 128 164 172 179
18  1 : 18
19  1 : 19
20  1 : 20
21  1 : 21
22  8 : 22 30 33 40 41 45 48 90
23  1 : 23
25  6 : 25 58 65 69 154 160
26  2 : 26 185
27  1 : 27
28  1 : 28
29  1 : 29
31  1 : 31
34  1 : 34
% end

% frame 110
% time 11.1
% start   11.1
% cluster-index, number-of-fibers : name-of-fibers
1  1 : 1
2  1 : 2
3  3 : 3 36 74
4  142 : 4 32 38 42 53 57 62 63 64 66 67 68 70 72 73 76 78 79 80 85 86 89 91 92 93 94 95 96 97 98 99 100 101 104 106 107 108 110 111 112 113 115 117 118 119 120 121 122 123 124 125 126 127 130 131 132 133 134 135 136 137 138 139 140 141 142 143 144 145 146 147 148 149 150 151 152 153 155 156 157 158 159 161 162 163 165 166 167 168 169 170 171 173 174 175 176 177 178 180 181 182 183 184 186 187 188 189 190 191 192 193 194 195 196 197 198 199 200 201 202 203 204 205 206 207 208 209 210 211 212 213 214 215 216 217 218 219 220 221 222 223 224
5  1 : 5
6  1 : 6
7  1 : 7
8  1 : 8
9  1 : 9
10  17 : 10 35 39 43 47 49 50 51 52 54 55 59 71 75 84 103 109
11  2 : 11 129
12  1 : 12
13  1 : 13
14  4 : 14 37 44 60
15  1 : 15
16  2 : 16 24
17  18 : 17 46 56 61 77 81 82 83 87 88 102 105 114 116 128 164 172 179
18  1 : 18
19  1 : 19
20  1 : 20
21  1 : 21
22  8 : 22 30 33 40 41 45 48 90
23  1 : 23
25  6 : 25 58 65 69 154 160
26  2 : 26 185
27  1 : 27
28  1 : 28
29  1 : 29
31  1 : 31
34  1 : 34
% end

% frame 111
% time 11.2
% start   11.2
% cluster-index, number-of-fibers : name-of-fibers
1  1 : 1
2  1 : 2
3  3 : 3 36 74
4  142 : 4 32 38 42 53 57 62 63 64 66 67 68 70 72 73 76 78 79 80 85 86 89 91 92 93 94 95 96 97 98 99 100 101 104 106 107 108 110 111 112 113 115 117 118 119 120 121 122 123 124 125 126 127 130 131 132 133 134 135 136 137 138 139 140 141 142 143 144 145 146 147 148 149 150 151 152 153 155 156 157 158 159 161 162 163 165 166 167 168 169 170 171 173 174 175 176 177 178 180 181 182 183 184 186 187 188 189 190 191 192 193 194 195 196 197 198 199 200 201 202 203 204 205 206 207 208 209 210 211 212 213 214 215 216 217 218 219 220 221 222 223 224
5  1 : 5
6  1 : 6
7  1 : 7
8  1 : 8
9  1 : 9
10  17 : 10 35 39 43 47 49 50 51 52 54 55 59 71 75 84 103 109
11  2 : 11 129
12  1 : 12
13  1 : 13
14  4 : 14 37 44 60
15  1 : 15
16  2 : 16 24
17  18 : 17 46 56 61 77 81 82 83 87 88 102 105 114 116 128 164 172 179
18  1 : 18
19  1 : 19
20  1 : 20
21  1 : 21
22  8 : 22 30 33 40 41 45 48 90
23  1 : 23
25  6 : 25 58 65 69 154 160
26  2 : 26 185
27  1 : 27
28  1 : 28
29  1 : 29
31  1 : 31
34  1 : 34
% end

