% frame 0
% time 0.1
% start   0.1
% cluster-index, number-of-fibers : name-of-fibers
1  1 : 1
2  1 : 2
3  1 : 3
4  1 : 4
5  1 : 5
6  1 : 6
7  1 : 7
8  1 : 8
9  1 : 9
10  1 : 10
11  1 : 11
12  1 : 12
13  1 : 13
14  1 : 14
15  1 : 15
16  1 : 16
17  1 : 17
18  1 : 18
19  1 : 19
20  1 : 20
21  1 : 21
22  1 : 22
% end

% frame 1
% time 0.2
% start   0.2
% cluster-index, number-of-fibers : name-of-fibers
1  1 : 1
2  1 : 2
3  1 : 3
4  1 : 4
5  1 : 5
6  1 : 6
7  1 : 7
8  1 : 8
9  1 : 9
10  1 : 10
11  1 : 11
12  1 : 12
13  1 : 13
14  1 : 14
15  1 : 15
16  1 : 16
17  1 : 17
18  1 : 18
19  1 : 19
20  1 : 20
21  1 : 21
22  1 : 22
23  1 : 23
24  1 : 24
25  1 : 25
26  1 : 26
% end

% frame 2
% time 0.3
% start   0.3
% cluster-index, number-of-fibers : name-of-fibers
1  1 : 1
2  1 : 2
3  1 : 3
4  1 : 4
5  1 : 5
6  1 : 6
7  1 : 7
8  1 : 8
9  1 : 9
10  1 : 10
11  1 : 11
12  1 : 12
13  1 : 13
14  1 : 14
15  1 : 15
16  1 : 16
17  1 : 17
18  2 : 18 29
19  1 : 19
20  1 : 20
21  1 : 21
22  1 : 22
23  1 : 23
24  1 : 24
25  1 : 25
26  1 : 26
27  1 : 27
28  1 : 28
% end

% frame 3
% time 0.4
% start   0.4
% cluster-index, number-of-fibers : name-of-fibers
1  1 : 1
2  1 : 2
3  1 : 3
4  1 : 4
5  1 : 5
6  1 : 6
7  1 : 7
8  1 : 8
9  1 : 9
10  1 : 10
11  1 : 11
12  1 : 12
13  1 : 13
14  1 : 14
15  2 : 15 30
16  1 : 16
17  1 : 17
18  2 : 18 29
19  1 : 19
20  1 : 20
21  1 : 21
22  1 : 22
23  1 : 23
24  1 : 24
25  1 : 25
26  1 : 26
27  1 : 27
28  1 : 28
% end

% frame 4
% time 0.5
% start   0.5
% cluster-index, number-of-fibers : name-of-fibers
1  1 : 1
2  1 : 2
3  1 : 3
4  1 : 4
5  1 : 5
6  1 : 6
7  1 : 7
8  1 : 8
9  1 : 9
10  1 : 10
11  1 : 11
12  1 : 12
13  1 : 13
14  1 : 14
15  2 : 15 30
16  1 : 16
17  1 : 17
18  3 : 18 29 34
19  1 : 19
20  1 : 20
21  1 : 21
22  1 : 22
23  1 : 23
24  1 : 24
25  1 : 25
26  1 : 26
27  3 : 27 32 33
28  1 : 28
31  1 : 31
% end

% frame 5
% time 0.6
% start   0.6
% cluster-index, number-of-fibers : name-of-fibers
1  1 : 1
2  1 : 2
3  1 : 3
4  1 : 4
5  1 : 5
6  1 : 6
7  1 : 7
8  1 : 8
9  1 : 9
10  1 : 10
11  1 : 11
12  1 : 12
13  1 : 13
14  1 : 14
15  2 : 15 30
16  1 : 16
17  1 : 17
18  3 : 18 29 34
19  1 : 19
20  1 : 20
21  1 : 21
22  1 : 22
23  1 : 23
24  1 : 24
25  1 : 25
26  1 : 26
27  3 : 27 32 33
28  1 : 28
31  1 : 31
35  1 : 35
% end

% frame 6
% time 0.7
% start   0.7
% cluster-index, number-of-fibers : name-of-fibers
1  1 : 1
2  1 : 2
3  1 : 3
4  1 : 4
5  1 : 5
6  2 : 6 36
7  1 : 7
8  1 : 8
9  1 : 9
10  1 : 10
11  1 : 11
12  1 : 12
13  1 : 13
14  1 : 14
15  3 : 15 30 37
16  1 : 16
17  1 : 17
18  3 : 18 29 34
19  1 : 19
20  1 : 20
21  1 : 21
22  1 : 22
23  1 : 23
24  1 : 24
25  1 : 25
26  1 : 26
27  4 : 27 32 33 38
28  1 : 28
31  1 : 31
35  1 : 35
% end

% frame 7
% time 0.8
% start   0.8
% cluster-index, number-of-fibers : name-of-fibers
1  2 : 1 40
2  1 : 2
3  1 : 3
4  1 : 4
5  1 : 5
6  3 : 6 36 39
7  1 : 7
8  1 : 8
9  1 : 9
10  1 : 10
11  1 : 11
12  1 : 12
13  1 : 13
14  1 : 14
15  3 : 15 30 37
16  1 : 16
17  1 : 17
18  3 : 18 29 34
19  1 : 19
20  1 : 20
21  1 : 21
22  1 : 22
23  1 : 23
24  1 : 24
25  1 : 25
26  1 : 26
27  4 : 27 32 33 38
28  1 : 28
31  1 : 31
35  1 : 35
% end

% frame 8
% time 0.9
% start   0.9
% cluster-index, number-of-fibers : name-of-fibers
1  2 : 1 40
2  1 : 2
3  1 : 3
4  1 : 4
5  1 : 5
6  3 : 6 36 39
7  1 : 7
8  1 : 8
9  1 : 9
10  1 : 10
11  1 : 11
12  1 : 12
13  1 : 13
14  1 : 14
15  3 : 15 30 37
16  1 : 16
17  1 : 17
18  3 : 18 29 34
19  1 : 19
20  1 : 20
21  1 : 21
22  1 : 22
23  1 : 23
24  1 : 24
25  1 : 25
26  1 : 26
27  5 : 27 32 33 38 41
28  1 : 28
31  1 : 31
35  1 : 35
% end

% frame 9
% time 1
% start   1
% cluster-index, number-of-fibers : name-of-fibers
1  2 : 1 40
2  1 : 2
3  1 : 3
4  1 : 4
5  1 : 5
6  3 : 6 36 39
7  1 : 7
8  1 : 8
9  1 : 9
10  2 : 10 42
11  1 : 11
12  1 : 12
13  1 : 13
14  1 : 14
15  3 : 15 30 37
16  1 : 16
17  1 : 17
18  4 : 18 29 34 43
19  1 : 19
20  1 : 20
21  1 : 21
22  1 : 22
23  1 : 23
24  1 : 24
25  1 : 25
26  1 : 26
27  5 : 27 32 33 38 41
28  1 : 28
31  1 : 31
35  1 : 35
% end

% frame 10
% time 1.1
% start   1.1
% cluster-index, number-of-fibers : name-of-fibers
1  2 : 1 40
2  1 : 2
3  1 : 3
4  1 : 4
5  1 : 5
6  3 : 6 36 39
7  1 : 7
8  1 : 8
9  1 : 9
10  2 : 10 42
11  1 : 11
12  1 : 12
13  1 : 13
14  1 : 14
15  3 : 15 30 37
16  1 : 16
17  1 : 17
18  4 : 18 29 34 43
19  1 : 19
20  1 : 20
21  2 : 21 44
22  1 : 22
23  1 : 23
24  1 : 24
25  1 : 25
26  1 : 26
27  5 : 27 32 33 38 41
28  1 : 28
31  1 : 31
35  1 : 35
% end

% frame 11
% time 1.2
% start   1.2
% cluster-index, number-of-fibers : name-of-fibers
1  2 : 1 40
2  1 : 2
3  1 : 3
4  1 : 4
5  1 : 5
6  3 : 6 36 39
7  1 : 7
8  2 : 8 46
9  1 : 9
10  3 : 10 42 48
11  1 : 11
12  1 : 12
13  1 : 13
14  1 : 14
15  3 : 15 30 37
16  1 : 16
17  1 : 17
18  4 : 18 29 34 43
19  1 : 19
20  1 : 20
21  3 : 21 44 47
22  1 : 22
23  1 : 23
24  1 : 24
25  1 : 25
26  1 : 26
27  6 : 27 32 33 38 41 45
28  1 : 28
31  1 : 31
35  1 : 35
% end

% frame 12
% time 1.3
% start   1.3
% cluster-index, number-of-fibers : name-of-fibers
1  2 : 1 40
2  1 : 2
3  1 : 3
4  1 : 4
5  1 : 5
6  3 : 6 36 39
7  1 : 7
8  3 : 8 46 49
9  1 : 9
10  3 : 10 42 48
11  1 : 11
12  1 : 12
13  1 : 13
14  1 : 14
15  3 : 15 30 37
16  1 : 16
17  1 : 17
18  4 : 18 29 34 43
19  2 : 19 51
20  1 : 20
21  3 : 21 44 47
22  1 : 22
23  1 : 23
24  1 : 24
25  1 : 25
26  1 : 26
27  6 : 27 32 33 38 41 45
28  1 : 28
31  2 : 31 50
35  1 : 35
% end

% frame 13
% time 1.4
% start   1.4
% cluster-index, number-of-fibers : name-of-fibers
1  2 : 1 40
2  1 : 2
3  1 : 3
4  1 : 4
5  1 : 5
6  3 : 6 36 39
7  1 : 7
8  3 : 8 46 49
9  1 : 9
10  4 : 10 42 48 52
11  1 : 11
12  2 : 12 54
13  1 : 13
14  1 : 14
15  3 : 15 30 37
16  1 : 16
17  1 : 17
18  4 : 18 29 34 43
19  3 : 19 51 55
20  1 : 20
21  3 : 21 44 47
22  1 : 22
23  1 : 23
24  1 : 24
25  1 : 25
26  1 : 26
27  7 : 27 32 33 38 41 45 53
28  1 : 28
31  2 : 31 50
35  1 : 35
% end

% frame 14
% time 1.5
% start   1.5
% cluster-index, number-of-fibers : name-of-fibers
1  2 : 1 40
2  1 : 2
3  1 : 3
4  1 : 4
5  1 : 5
6  3 : 6 36 39
7  1 : 7
8  3 : 8 46 49
9  1 : 9
10  5 : 10 42 48 52 56
11  1 : 11
12  2 : 12 54
13  1 : 13
14  1 : 14
15  3 : 15 30 37
16  1 : 16
17  1 : 17
18  4 : 18 29 34 43
19  3 : 19 51 55
20  1 : 20
21  4 : 21 44 47 57
22  1 : 22
23  1 : 23
24  1 : 24
25  1 : 25
26  1 : 26
27  7 : 27 32 33 38 41 45 53
28  1 : 28
31  2 : 31 50
35  1 : 35
% end

% frame 15
% time 1.6
% start   1.6
% cluster-index, number-of-fibers : name-of-fibers
1  2 : 1 40
2  1 : 2
3  1 : 3
4  1 : 4
5  1 : 5
6  3 : 6 36 39
7  1 : 7
8  3 : 8 46 49
9  1 : 9
10  6 : 10 42 48 52 56 58
11  1 : 11
12  2 : 12 54
13  1 : 13
14  1 : 14
15  3 : 15 30 37
16  1 : 16
17  1 : 17
18  4 : 18 29 34 43
19  3 : 19 51 55
20  1 : 20
21  4 : 21 44 47 57
22  1 : 22
23  1 : 23
24  1 : 24
25  1 : 25
26  1 : 26
27  7 : 27 32 33 38 41 45 53
28  1 : 28
31  2 : 31 50
35  1 : 35
% end

% frame 16
% time 1.7
% start   1.7
% cluster-index, number-of-fibers : name-of-fibers
1  2 : 1 40
2  1 : 2
3  1 : 3
4  1 : 4
5  1 : 5
6  3 : 6 36 39
7  1 : 7
8  3 : 8 46 49
9  1 : 9
10  8 : 10 42 48 52 56 58 59 60
11  1 : 11
12  2 : 12 54
13  1 : 13
14  1 : 14
15  3 : 15 30 37
16  1 : 16
17  1 : 17
18  4 : 18 29 34 43
19  3 : 19 51 55
20  1 : 20
21  4 : 21 44 47 57
22  1 : 22
23  1 : 23
24  1 : 24
25  1 : 25
26  1 : 26
27  7 : 27 32 33 38 41 45 53
28  1 : 28
31  2 : 31 50
35  1 : 35
% end

% frame 17
% time 1.8
% start   1.8
% cluster-index, number-of-fibers : name-of-fibers
1  2 : 1 40
2  1 : 2
3  1 : 3
4  1 : 4
5  1 : 5
6  3 : 6 36 39
7  1 : 7
8  3 : 8 46 49
9  1 : 9
10  12 : 10 42 48 52 56 58 59 60 61 62 64 65
11  1 : 11
12  2 : 12 54
13  1 : 13
14  1 : 14
15  3 : 15 30 37
16  1 : 16
17  1 : 17
18  4 : 18 29 34 43
19  3 : 19 51 55
20  1 : 20
21  4 : 21 44 47 57
22  1 : 22
23  1 : 23
24  1 : 24
25  1 : 25
26  1 : 26
27  9 : 27 32 33 38 41 45 53 63 66
28  1 : 28
31  2 : 31 50
35  1 : 35
% end

% frame 18
% time 1.9
% start   1.9
% cluster-index, number-of-fibers : name-of-fibers
1  2 : 1 40
2  1 : 2
3  1 : 3
4  1 : 4
5  1 : 5
6  3 : 6 36 39
7  1 : 7
8  3 : 8 46 49
9  1 : 9
10  12 : 10 42 48 52 56 58 59 60 61 62 64 65
11  1 : 11
12  2 : 12 54
13  1 : 13
14  1 : 14
15  3 : 15 30 37
16  1 : 16
17  1 : 17
18  4 : 18 29 34 43
19  3 : 19 51 55
20  1 : 20
21  4 : 21 44 47 57
22  1 : 22
23  1 : 23
24  1 : 24
25  1 : 25
26  1 : 26
27  9 : 27 32 33 38 41 45 53 63 66
28  1 : 28
31  2 : 31 50
35  1 : 35
% end

% frame 19
% time 2
% start   2
% cluster-index, number-of-fibers : name-of-fibers
1  2 : 1 40
2  1 : 2
3  1 : 3
4  1 : 4
5  1 : 5
6  3 : 6 36 39
7  1 : 7
8  3 : 8 46 49
9  1 : 9
10  15 : 10 42 48 52 56 58 59 60 61 62 64 65 68 69 70
11  1 : 11
12  2 : 12 54
13  1 : 13
14  1 : 14
15  3 : 15 30 37
16  1 : 16
17  1 : 17
18  4 : 18 29 34 43
19  3 : 19 51 55
20  1 : 20
21  5 : 21 44 47 57 67
22  1 : 22
23  1 : 23
24  1 : 24
25  1 : 25
26  1 : 26
27  9 : 27 32 33 38 41 45 53 63 66
28  1 : 28
31  2 : 31 50
35  1 : 35
% end

% frame 20
% time 2.1
% start   2.1
% cluster-index, number-of-fibers : name-of-fibers
1  2 : 1 40
2  1 : 2
3  1 : 3
4  1 : 4
5  1 : 5
6  3 : 6 36 39
7  1 : 7
8  3 : 8 46 49
9  1 : 9
10  19 : 10 42 48 52 56 58 59 60 61 62 64 65 68 69 70 71 72 73 74
11  1 : 11
12  2 : 12 54
13  1 : 13
14  1 : 14
15  3 : 15 30 37
16  1 : 16
17  1 : 17
18  4 : 18 29 34 43
19  3 : 19 51 55
20  1 : 20
21  5 : 21 44 47 57 67
22  1 : 22
23  1 : 23
24  1 : 24
25  1 : 25
26  1 : 26
27  9 : 27 32 33 38 41 45 53 63 66
28  1 : 28
31  2 : 31 50
35  1 : 35
% end

% frame 21
% time 2.2
% start   2.2
% cluster-index, number-of-fibers : name-of-fibers
1  2 : 1 40
2  1 : 2
3  1 : 3
4  1 : 4
5  1 : 5
6  4 : 6 36 39 78
7  1 : 7
8  3 : 8 46 49
9  1 : 9
10  21 : 10 42 48 52 56 58 59 60 61 62 64 65 68 69 70 71 72 73 74 75 76
11  1 : 11
12  3 : 12 54 79
13  2 : 13 77
14  1 : 14
15  3 : 15 30 37
16  1 : 16
17  1 : 17
18  4 : 18 29 34 43
19  3 : 19 51 55
20  1 : 20
21  5 : 21 44 47 57 67
22  1 : 22
23  1 : 23
24  1 : 24
25  1 : 25
26  1 : 26
27  9 : 27 32 33 38 41 45 53 63 66
28  1 : 28
31  2 : 31 50
35  1 : 35
% end

% frame 22
% time 2.3
% start   2.3
% cluster-index, number-of-fibers : name-of-fibers
1  2 : 1 40
2  1 : 2
3  1 : 3
4  1 : 4
5  1 : 5
6  4 : 6 36 39 78
7  1 : 7
8  3 : 8 46 49
9  1 : 9
10  24 : 10 42 48 52 56 58 59 60 61 62 64 65 68 69 70 71 72 73 74 75 76 80 81 83
11  1 : 11
12  3 : 12 54 79
13  2 : 13 77
14  1 : 14
15  3 : 15 30 37
16  1 : 16
17  1 : 17
18  5 : 18 29 34 43 82
19  3 : 19 51 55
20  1 : 20
21  5 : 21 44 47 57 67
22  1 : 22
23  1 : 23
24  1 : 24
25  1 : 25
26  1 : 26
27  9 : 27 32 33 38 41 45 53 63 66
28  1 : 28
31  2 : 31 50
35  1 : 35
% end

% frame 23
% time 2.4
% start   2.4
% cluster-index, number-of-fibers : name-of-fibers
1  2 : 1 40
2  1 : 2
3  1 : 3
4  1 : 4
5  1 : 5
6  4 : 6 36 39 78
7  1 : 7
8  3 : 8 46 49
9  1 : 9
10  25 : 10 42 48 52 56 58 59 60 61 62 64 65 68 69 70 71 72 73 74 75 76 80 81 83 84
11  1 : 11
12  3 : 12 54 79
13  2 : 13 77
14  1 : 14
15  3 : 15 30 37
16  1 : 16
17  1 : 17
18  5 : 18 29 34 43 82
19  3 : 19 51 55
20  1 : 20
21  5 : 21 44 47 57 67
22  1 : 22
23  1 : 23
24  1 : 24
25  1 : 25
26  1 : 26
27  9 : 27 32 33 38 41 45 53 63 66
28  1 : 28
31  2 : 31 50
35  1 : 35
% end

% frame 24
% time 2.5
% start   2.5
% cluster-index, number-of-fibers : name-of-fibers
1  2 : 1 40
2  1 : 2
3  1 : 3
4  1 : 4
5  1 : 5
6  4 : 6 36 39 78
7  1 : 7
8  3 : 8 46 49
9  1 : 9
10  30 : 10 42 48 52 56 58 59 60 61 62 64 65 68 69 70 71 72 73 74 75 76 80 81 83 84 85 86 87 88 89
11  1 : 11
12  3 : 12 54 79
13  2 : 13 77
14  1 : 14
15  3 : 15 30 37
16  1 : 16
17  1 : 17
18  5 : 18 29 34 43 82
19  3 : 19 51 55
20  1 : 20
21  5 : 21 44 47 57 67
22  1 : 22
23  1 : 23
24  2 : 24 90
25  1 : 25
26  1 : 26
27  9 : 27 32 33 38 41 45 53 63 66
28  1 : 28
31  2 : 31 50
35  1 : 35
% end

% frame 25
% time 2.6
% start   2.6
% cluster-index, number-of-fibers : name-of-fibers
1  2 : 1 40
2  1 : 2
3  1 : 3
4  1 : 4
5  1 : 5
6  4 : 6 36 39 78
7  1 : 7
8  3 : 8 46 49
9  1 : 9
10  34 : 10 42 48 52 56 58 59 60 61 62 64 65 68 69 70 71 72 73 74 75 76 80 81 83 84 85 86 87 88 89 91 92 94 95
11  1 : 11
12  3 : 12 54 79
13  2 : 13 77
14  1 : 14
15  3 : 15 30 37
16  1 : 16
17  1 : 17
18  6 : 18 29 34 43 82 93
19  3 : 19 51 55
20  1 : 20
21  5 : 21 44 47 57 67
22  1 : 22
23  1 : 23
24  2 : 24 90
25  1 : 25
26  1 : 26
27  9 : 27 32 33 38 41 45 53 63 66
28  1 : 28
31  2 : 31 50
35  1 : 35
% end

% frame 26
% time 2.7
% start   2.7
% cluster-index, number-of-fibers : name-of-fibers
1  2 : 1 40
2  1 : 2
3  1 : 3
4  1 : 4
5  1 : 5
6  4 : 6 36 39 78
7  1 : 7
8  3 : 8 46 49
9  1 : 9
10  35 : 10 42 48 52 56 58 59 60 61 62 64 65 68 69 70 71 72 73 74 75 76 80 81 83 84 85 86 87 88 89 91 92 94 95 96
11  1 : 11
12  3 : 12 54 79
13  2 : 13 77
14  1 : 14
15  3 : 15 30 37
16  1 : 16
17  1 : 17
18  6 : 18 29 34 43 82 93
19  3 : 19 51 55
20  1 : 20
21  5 : 21 44 47 57 67
22  1 : 22
23  1 : 23
24  2 : 24 90
25  1 : 25
26  1 : 26
27  9 : 27 32 33 38 41 45 53 63 66
28  1 : 28
31  2 : 31 50
35  1 : 35
% end

% frame 27
% time 2.8
% start   2.8
% cluster-index, number-of-fibers : name-of-fibers
1  2 : 1 40
2  1 : 2
3  1 : 3
4  1 : 4
5  1 : 5
6  4 : 6 36 39 78
7  1 : 7
8  3 : 8 46 49
9  1 : 9
10  40 : 10 42 48 52 56 58 59 60 61 62 64 65 68 69 70 71 72 73 74 75 76 80 81 83 84 85 86 87 88 89 91 92 94 95 96 98 99 100 101 102
11  1 : 11
12  3 : 12 54 79
13  2 : 13 77
14  1 : 14
15  3 : 15 30 37
16  2 : 16 97
17  1 : 17
18  6 : 18 29 34 43 82 93
19  3 : 19 51 55
20  1 : 20
21  5 : 21 44 47 57 67
22  1 : 22
23  1 : 23
24  2 : 24 90
25  1 : 25
26  1 : 26
27  9 : 27 32 33 38 41 45 53 63 66
28  1 : 28
31  2 : 31 50
35  1 : 35
% end

% frame 28
% time 2.9
% start   2.9
% cluster-index, number-of-fibers : name-of-fibers
1  3 : 1 40 105
2  1 : 2
3  1 : 3
4  1 : 4
5  1 : 5
6  4 : 6 36 39 78
7  1 : 7
8  3 : 8 46 49
9  1 : 9
10  43 : 10 42 48 52 56 58 59 60 61 62 64 65 68 69 70 71 72 73 74 75 76 80 81 83 84 85 86 87 88 89 91 92 94 95 96 98 99 100 101 102 103 104 106
11  1 : 11
12  3 : 12 54 79
13  2 : 13 77
14  1 : 14
15  3 : 15 30 37
16  2 : 16 97
17  1 : 17
18  6 : 18 29 34 43 82 93
19  3 : 19 51 55
20  1 : 20
21  5 : 21 44 47 57 67
22  1 : 22
23  1 : 23
24  2 : 24 90
25  1 : 25
26  1 : 26
27  9 : 27 32 33 38 41 45 53 63 66
28  1 : 28
31  2 : 31 50
35  1 : 35
% end

% frame 29
% time 3
% start   3
% cluster-index, number-of-fibers : name-of-fibers
1  3 : 1 40 105
2  1 : 2
3  1 : 3
4  1 : 4
5  1 : 5
6  4 : 6 36 39 78
7  1 : 7
8  3 : 8 46 49
9  1 : 9
10  48 : 10 42 48 52 56 58 59 60 61 62 64 65 68 69 70 71 72 73 74 75 76 80 81 83 84 85 86 87 88 89 91 92 94 95 96 98 99 100 101 102 103 104 106 107 109 110 111 112
11  1 : 11
12  3 : 12 54 79
13  2 : 13 77
14  1 : 14
15  3 : 15 30 37
16  2 : 16 97
17  1 : 17
18  6 : 18 29 34 43 82 93
19  3 : 19 51 55
20  1 : 20
21  5 : 21 44 47 57 67
22  1 : 22
23  1 : 23
24  3 : 24 90 108
25  1 : 25
26  1 : 26
27  9 : 27 32 33 38 41 45 53 63 66
28  1 : 28
31  2 : 31 50
35  1 : 35
% end

% frame 30
% time 3.1
% start   3.1
% cluster-index, number-of-fibers : name-of-fibers
1  3 : 1 40 105
2  1 : 2
3  1 : 3
4  1 : 4
5  1 : 5
6  4 : 6 36 39 78
7  1 : 7
8  3 : 8 46 49
9  1 : 9
10  49 : 10 42 48 52 56 58 59 60 61 62 64 65 68 69 70 71 72 73 74 75 76 80 81 83 84 85 86 87 88 89 91 92 94 95 96 98 99 100 101 102 103 104 106 107 109 110 111 112 113
11  1 : 11
12  3 : 12 54 79
13  2 : 13 77
14  1 : 14
15  3 : 15 30 37
16  2 : 16 97
17  1 : 17
18  6 : 18 29 34 43 82 93
19  3 : 19 51 55
20  1 : 20
21  5 : 21 44 47 57 67
22  1 : 22
23  1 : 23
24  3 : 24 90 108
25  1 : 25
26  1 : 26
27  9 : 27 32 33 38 41 45 53 63 66
28  1 : 28
31  2 : 31 50
35  1 : 35
% end

% frame 31
% time 3.2
% start   3.2
% cluster-index, number-of-fibers : name-of-fibers
1  3 : 1 40 105
2  1 : 2
3  1 : 3
4  1 : 4
5  1 : 5
6  4 : 6 36 39 78
7  1 : 7
8  3 : 8 46 49
9  1 : 9
10  49 : 10 42 48 52 56 58 59 60 61 62 64 68 69 70 71 72 73 74 75 76 80 81 83 84 85 86 87 88 89 91 92 94 95 96 98 99 100 101 102 103 104 106 107 109 110 111 112 113 114
11  1 : 11
12  3 : 12 54 79
13  2 : 13 77
14  1 : 14
15  3 : 15 30 37
16  2 : 16 97
17  1 : 17
18  6 : 18 29 34 43 82 93
19  3 : 19 51 55
20  1 : 20
21  5 : 21 44 47 57 67
22  1 : 22
23  1 : 23
24  3 : 24 90 108
25  1 : 25
26  1 : 26
27  9 : 27 32 33 38 41 45 53 63 66
28  1 : 28
31  2 : 31 50
35  1 : 35
65  1 : 65
% end

% frame 32
% time 3.3
% start   3.3
% cluster-index, number-of-fibers : name-of-fibers
1  3 : 1 40 105
2  1 : 2
3  1 : 3
4  1 : 4
5  1 : 5
6  4 : 6 36 39 78
7  1 : 7
8  3 : 8 46 49
9  1 : 9
10  54 : 10 42 48 52 56 58 59 60 61 62 64 68 69 70 71 72 73 74 75 76 80 81 83 84 85 86 87 88 89 91 92 94 95 96 98 99 100 101 102 103 104 106 107 109 110 111 112 113 114 116 117 118 120 121
11  1 : 11
12  3 : 12 54 79
13  2 : 13 77
14  1 : 14
15  3 : 15 30 37
16  2 : 16 97
17  1 : 17
18  6 : 18 29 34 43 82 93
19  3 : 19 51 55
20  1 : 20
21  6 : 21 44 47 57 67 115
22  1 : 22
23  1 : 23
24  3 : 24 90 108
25  1 : 25
26  1 : 26
27  10 : 27 32 33 38 41 45 53 63 66 119
28  1 : 28
31  2 : 31 50
35  1 : 35
65  1 : 65
% end

% frame 33
% time 3.4
% start   3.4
% cluster-index, number-of-fibers : name-of-fibers
1  3 : 1 40 105
2  1 : 2
3  1 : 3
4  1 : 4
5  1 : 5
6  4 : 6 36 39 78
7  1 : 7
8  3 : 8 46 49
9  1 : 9
10  58 : 10 42 48 52 56 58 59 60 61 62 64 68 69 70 71 72 73 74 75 76 80 81 83 84 85 86 87 88 89 91 92 94 95 96 98 99 100 101 102 103 104 106 107 109 110 111 112 113 114 116 117 118 120 121 122 123 124 125
11  1 : 11
12  3 : 12 54 79
13  2 : 13 77
14  1 : 14
15  3 : 15 30 37
16  2 : 16 97
17  1 : 17
18  6 : 18 29 34 43 82 93
19  3 : 19 51 55
20  1 : 20
21  6 : 21 44 47 57 67 115
22  1 : 22
23  1 : 23
24  3 : 24 90 108
25  1 : 25
26  1 : 26
27  10 : 27 32 33 38 41 45 53 63 66 119
28  1 : 28
31  2 : 31 50
35  1 : 35
65  1 : 65
% end

% frame 34
% time 3.5
% start   3.5
% cluster-index, number-of-fibers : name-of-fibers
1  3 : 1 40 105
2  1 : 2
3  1 : 3
4  1 : 4
5  1 : 5
6  4 : 6 36 39 78
7  1 : 7
8  3 : 8 46 49
9  1 : 9
10  63 : 10 42 48 52 56 58 59 60 61 62 64 68 69 70 71 72 73 74 75 76 80 81 83 84 85 86 87 88 89 91 92 94 95 96 98 99 100 101 102 103 104 106 107 109 110 111 112 113 114 116 117 118 120 121 122 123 124 125 126 127 128 129 131
11  1 : 11
12  3 : 12 54 79
13  2 : 13 77
14  1 : 14
15  3 : 15 30 37
16  2 : 16 97
17  1 : 17
18  6 : 18 29 34 43 82 93
19  3 : 19 51 55
20  1 : 20
21  7 : 21 44 47 57 67 115 130
22  1 : 22
23  1 : 23
24  3 : 24 90 108
25  1 : 25
26  1 : 26
27  10 : 27 32 33 38 41 45 53 63 66 119
28  1 : 28
31  2 : 31 50
35  1 : 35
65  1 : 65
% end

% frame 35
% time 3.6
% start   3.6
% cluster-index, number-of-fibers : name-of-fibers
1  3 : 1 40 105
2  1 : 2
3  1 : 3
4  1 : 4
5  1 : 5
6  4 : 6 36 39 78
7  1 : 7
8  3 : 8 46 49
9  1 : 9
10  65 : 10 42 48 52 56 58 59 60 61 62 64 68 69 70 71 72 73 74 75 76 80 81 83 84 85 86 87 88 89 91 92 94 95 96 98 99 100 101 102 103 104 106 107 109 110 111 112 113 114 116 117 118 120 121 122 123 124 125 126 127 128 129 131 132 133
11  1 : 11
12  3 : 12 54 79
13  2 : 13 77
14  1 : 14
15  3 : 15 30 37
16  2 : 16 97
17  1 : 17
18  6 : 18 29 34 43 82 93
19  3 : 19 51 55
20  1 : 20
21  8 : 21 44 47 57 65 67 115 130
22  1 : 22
23  1 : 23
24  3 : 24 90 108
25  1 : 25
26  1 : 26
27  10 : 27 32 33 38 41 45 53 63 66 119
28  1 : 28
31  2 : 31 50
35  1 : 35
% end

% frame 36
% time 3.7
% start   3.7
% cluster-index, number-of-fibers : name-of-fibers
1  3 : 1 40 105
2  1 : 2
3  1 : 3
4  1 : 4
5  1 : 5
6  4 : 6 36 39 78
7  1 : 7
8  3 : 8 46 49
9  1 : 9
10  68 : 10 42 48 52 56 58 59 60 61 62 64 68 69 70 71 72 73 74 75 76 80 81 83 84 85 86 87 88 89 91 92 94 95 96 98 99 100 101 102 103 104 106 107 109 110 111 112 113 114 116 117 118 120 121 122 123 124 125 126 127 128 129 131 132 133 134 135 136
11  1 : 11
12  3 : 12 54 79
13  2 : 13 77
14  1 : 14
15  3 : 15 30 37
16  2 : 16 97
17  1 : 17
18  6 : 18 29 34 43 82 93
19  3 : 19 51 55
20  1 : 20
21  8 : 21 44 47 57 65 67 115 130
22  1 : 22
23  1 : 23
24  3 : 24 90 108
25  1 : 25
26  1 : 26
27  10 : 27 32 33 38 41 45 53 63 66 119
28  1 : 28
31  2 : 31 50
35  1 : 35
% end

% frame 37
% time 3.8
% start   3.8
% cluster-index, number-of-fibers : name-of-fibers
1  3 : 1 40 105
2  1 : 2
3  1 : 3
4  1 : 4
5  1 : 5
6  4 : 6 36 39 78
7  1 : 7
8  3 : 8 46 49
9  1 : 9
10  70 : 10 42 48 52 56 58 59 60 61 62 64 68 69 70 71 72 73 74 75 76 80 81 83 84 85 86 87 88 89 91 92 94 95 96 98 99 100 101 102 103 104 106 107 109 110 111 112 113 114 116 117 118 120 121 122 123 124 125 126 127 128 129 131 132 133 134 135 136 137 140
11  1 : 11
12  3 : 12 54 79
13  2 : 13 77
14  1 : 14
15  3 : 15 30 37
16  2 : 16 97
17  1 : 17
18  6 : 18 29 34 43 82 93
19  4 : 19 51 55 141
20  1 : 20
21  10 : 21 44 47 57 65 67 115 130 138 139
22  1 : 22
23  1 : 23
24  3 : 24 90 108
25  1 : 25
26  1 : 26
27  10 : 27 32 33 38 41 45 53 63 66 119
28  1 : 28
31  2 : 31 50
35  1 : 35
% end

% frame 38
% time 3.9
% start   3.9
% cluster-index, number-of-fibers : name-of-fibers
1  3 : 1 40 105
2  1 : 2
3  1 : 3
4  1 : 4
5  1 : 5
6  4 : 6 36 39 78
7  1 : 7
8  3 : 8 46 49
9  1 : 9
10  71 : 10 42 48 52 56 58 59 60 61 62 64 68 69 70 71 72 73 74 75 76 80 81 83 84 85 86 87 88 89 91 92 94 95 96 98 99 100 101 102 103 104 106 107 109 110 111 112 113 114 116 117 118 120 121 122 123 124 125 126 127 128 129 131 132 133 134 135 136 137 140 142
11  1 : 11
12  3 : 12 54 79
13  2 : 13 77
14  1 : 14
15  3 : 15 30 37
16  2 : 16 97
17  1 : 17
18  6 : 18 29 34 43 82 93
19  4 : 19 51 55 141
20  1 : 20
21  10 : 21 44 47 57 65 67 115 130 138 139
22  1 : 22
23  1 : 23
24  3 : 24 90 108
25  1 : 25
26  1 : 26
27  10 : 27 32 33 38 41 45 53 63 66 119
28  1 : 28
31  2 : 31 50
35  1 : 35
% end

% frame 39
% time 4
% start   4
% cluster-index, number-of-fibers : name-of-fibers
1  3 : 1 40 105
2  1 : 2
3  1 : 3
4  1 : 4
5  1 : 5
6  4 : 6 36 39 78
7  1 : 7
8  3 : 8 46 49
9  1 : 9
10  72 : 10 42 48 52 56 58 59 60 61 62 64 68 69 70 71 72 73 74 75 76 80 81 83 84 85 86 87 88 89 91 92 94 95 96 98 99 100 101 102 103 104 106 107 109 110 111 112 113 114 116 117 118 120 121 122 123 124 125 126 127 128 129 131 132 133 134 135 136 137 140 142 145
11  1 : 11
12  3 : 12 54 79
13  2 : 13 77
14  1 : 14
15  3 : 15 30 37
16  2 : 16 97
17  1 : 17
18  6 : 18 29 34 43 82 93
19  4 : 19 51 55 141
20  1 : 20
21  12 : 21 44 47 57 65 67 115 130 138 139 143 144
22  1 : 22
23  1 : 23
24  3 : 24 90 108
25  1 : 25
26  1 : 26
27  10 : 27 32 33 38 41 45 53 63 66 119
28  1 : 28
31  2 : 31 50
35  1 : 35
% end

% frame 40
% time 4.1
% start   4.1
% cluster-index, number-of-fibers : name-of-fibers
1  3 : 1 40 105
2  1 : 2
3  1 : 3
4  1 : 4
5  1 : 5
6  4 : 6 36 39 78
7  1 : 7
8  3 : 8 46 49
9  1 : 9
10  73 : 10 42 48 52 56 58 59 60 61 62 64 68 69 70 71 72 73 74 75 76 80 81 83 84 85 86 87 88 89 91 92 94 95 96 98 99 100 101 102 103 104 106 107 109 110 111 112 113 114 116 117 118 120 121 122 123 124 125 126 127 128 129 131 132 133 134 135 136 137 140 142 145 147
11  1 : 11
12  3 : 12 54 79
13  2 : 13 77
14  1 : 14
15  3 : 15 30 37
16  2 : 16 97
17  1 : 17
18  6 : 18 29 34 43 82 93
19  4 : 19 51 55 141
20  1 : 20
21  14 : 21 44 47 57 65 67 115 130 138 139 143 144 146 148
22  1 : 22
23  1 : 23
24  3 : 24 90 108
25  1 : 25
26  1 : 26
27  10 : 27 32 33 38 41 45 53 63 66 119
28  1 : 28
31  2 : 31 50
35  1 : 35
% end

% frame 41
% time 4.2
% start   4.2
% cluster-index, number-of-fibers : name-of-fibers
1  3 : 1 40 105
2  1 : 2
3  1 : 3
4  1 : 4
5  1 : 5
6  4 : 6 36 39 78
7  1 : 7
8  3 : 8 46 49
9  1 : 9
10  76 : 10 42 48 52 56 58 59 60 61 62 64 68 69 70 71 72 73 74 75 76 80 81 83 84 85 86 87 88 89 91 92 94 95 96 98 99 100 101 102 103 104 106 107 109 110 111 112 113 114 116 117 118 120 121 122 123 124 125 126 127 128 129 131 132 133 134 135 136 137 140 142 145 147 149 150 151
11  1 : 11
12  3 : 12 54 79
13  2 : 13 77
14  1 : 14
15  3 : 15 30 37
16  2 : 16 97
17  1 : 17
18  6 : 18 29 34 43 82 93
19  4 : 19 51 55 141
20  1 : 20
21  14 : 21 44 47 57 65 67 115 130 138 139 143 144 146 148
22  1 : 22
23  1 : 23
24  3 : 24 90 108
25  1 : 25
26  1 : 26
27  10 : 27 32 33 38 41 45 53 63 66 119
28  1 : 28
31  2 : 31 50
35  1 : 35
% end

% frame 42
% time 4.3
% start   4.3
% cluster-index, number-of-fibers : name-of-fibers
1  3 : 1 40 105
2  1 : 2
3  1 : 3
4  1 : 4
5  1 : 5
6  4 : 6 36 39 78
7  1 : 7
8  3 : 8 46 49
9  1 : 9
10  78 : 10 42 48 52 56 58 59 60 61 62 64 68 69 70 71 72 73 74 75 76 80 81 83 84 85 86 87 88 89 91 92 94 95 96 98 99 100 101 102 103 104 106 107 109 110 111 112 113 114 116 117 118 120 121 122 123 124 125 126 127 128 129 131 132 133 134 135 136 137 140 142 145 147 149 150 151 152 154
11  1 : 11
12  3 : 12 54 79
13  2 : 13 77
14  1 : 14
15  3 : 15 30 37
16  2 : 16 97
17  1 : 17
18  6 : 18 29 34 43 82 93
19  4 : 19 51 55 141
20  1 : 20
21  15 : 21 44 47 57 65 67 115 130 138 139 143 144 146 148 153
22  1 : 22
23  1 : 23
24  3 : 24 90 108
25  1 : 25
26  1 : 26
27  10 : 27 32 33 38 41 45 53 63 66 119
28  1 : 28
31  2 : 31 50
35  1 : 35
% end

% frame 43
% time 4.4
% start   4.4
% cluster-index, number-of-fibers : name-of-fibers
1  3 : 1 40 105
2  1 : 2
3  1 : 3
4  1 : 4
5  1 : 5
6  4 : 6 36 39 78
7  1 : 7
8  3 : 8 46 49
9  1 : 9
10  80 : 10 42 48 52 56 58 59 60 61 62 64 68 69 70 71 72 73 74 75 76 80 81 83 84 85 86 87 88 89 91 92 94 95 96 98 99 100 101 102 103 104 106 107 109 110 111 112 113 114 116 117 118 120 121 122 123 124 125 126 127 128 129 131 132 133 134 135 136 137 140 142 145 147 149 150 151 152 154 155 156
11  1 : 11
12  3 : 12 54 79
13  2 : 13 77
14  1 : 14
15  3 : 15 30 37
16  2 : 16 97
17  1 : 17
18  6 : 18 29 34 43 82 93
19  4 : 19 51 55 141
20  1 : 20
21  15 : 21 44 47 57 65 67 115 130 138 139 143 144 146 148 153
22  1 : 22
23  1 : 23
24  3 : 24 90 108
25  1 : 25
26  1 : 26
27  10 : 27 32 33 38 41 45 53 63 66 119
28  1 : 28
31  2 : 31 50
35  1 : 35
% end

% frame 44
% time 4.5
% start   4.5
% cluster-index, number-of-fibers : name-of-fibers
1  3 : 1 40 105
2  1 : 2
3  1 : 3
4  1 : 4
5  1 : 5
6  4 : 6 36 39 78
7  1 : 7
8  3 : 8 46 49
9  1 : 9
10  80 : 10 42 48 52 56 58 59 60 61 62 64 68 69 70 71 72 73 74 75 76 80 81 83 84 85 86 87 88 89 91 92 94 95 96 98 99 100 101 102 103 104 106 107 109 110 111 112 113 114 116 117 118 120 121 122 123 124 125 126 127 128 129 131 132 133 134 135 136 137 140 142 145 147 149 150 151 152 154 155 156
11  1 : 11
12  3 : 12 54 79
13  2 : 13 77
14  1 : 14
15  3 : 15 30 37
16  2 : 16 97
17  1 : 17
18  6 : 18 29 34 43 82 93
19  4 : 19 51 55 141
20  1 : 20
21  15 : 21 44 47 57 65 67 115 130 138 139 143 144 146 148 153
22  1 : 22
23  1 : 23
24  3 : 24 90 108
25  1 : 25
26  1 : 26
27  10 : 27 32 33 38 41 45 53 63 66 119
28  1 : 28
31  2 : 31 50
35  1 : 35
% end

% frame 45
% time 4.6
% start   4.6
% cluster-index, number-of-fibers : name-of-fibers
1  3 : 1 40 105
2  1 : 2
3  1 : 3
4  1 : 4
5  1 : 5
6  4 : 6 36 39 78
7  1 : 7
8  3 : 8 46 49
9  1 : 9
10  82 : 10 42 48 52 56 58 59 60 61 62 64 68 69 70 71 72 73 74 75 76 80 81 83 84 85 86 87 88 89 91 92 94 95 96 98 99 100 101 102 103 104 106 107 109 110 111 112 113 114 116 117 118 120 121 122 123 124 125 126 127 128 129 131 132 133 134 135 136 137 140 142 145 147 149 150 151 152 154 155 156 157 159
11  1 : 11
12  3 : 12 54 79
13  2 : 13 77
14  1 : 14
15  3 : 15 30 37
16  2 : 16 97
17  1 : 17
18  6 : 18 29 34 43 82 93
19  4 : 19 51 55 141
20  1 : 20
21  16 : 21 44 47 57 65 67 115 130 138 139 143 144 146 148 153 158
22  1 : 22
23  1 : 23
24  3 : 24 90 108
25  1 : 25
26  1 : 26
27  10 : 27 32 33 38 41 45 53 63 66 119
28  1 : 28
31  2 : 31 50
35  1 : 35
% end

% frame 46
% time 4.7
% start   4.7
% cluster-index, number-of-fibers : name-of-fibers
1  3 : 1 40 105
2  1 : 2
3  1 : 3
4  1 : 4
5  1 : 5
6  4 : 6 36 39 78
7  1 : 7
8  3 : 8 46 49
9  1 : 9
10  83 : 10 42 48 52 56 58 59 60 61 62 64 68 69 70 71 72 73 74 75 76 80 81 83 84 85 86 87 88 89 91 92 94 95 96 98 99 100 101 102 103 104 106 107 109 110 111 112 113 114 116 117 118 120 121 122 123 124 125 126 127 128 129 131 132 133 134 135 136 137 140 142 145 147 149 150 151 152 154 155 156 157 159 160
11  1 : 11
12  3 : 12 54 79
13  2 : 13 77
14  1 : 14
15  3 : 15 30 37
16  2 : 16 97
17  1 : 17
18  6 : 18 29 34 43 82 93
19  4 : 19 51 55 141
20  1 : 20
21  16 : 21 44 47 57 65 67 115 130 138 139 143 144 146 148 153 158
22  1 : 22
23  1 : 23
24  3 : 24 90 108
25  1 : 25
26  1 : 26
27  10 : 27 32 33 38 41 45 53 63 66 119
28  1 : 28
31  2 : 31 50
35  1 : 35
% end

% frame 47
% time 4.8
% start   4.8
% cluster-index, number-of-fibers : name-of-fibers
1  3 : 1 40 105
2  1 : 2
3  1 : 3
4  1 : 4
5  1 : 5
6  4 : 6 36 39 78
7  1 : 7
8  3 : 8 46 49
9  1 : 9
10  84 : 10 42 48 52 56 58 59 60 61 62 64 68 69 70 71 72 73 74 75 76 80 81 83 84 85 86 87 88 89 91 92 94 95 96 98 99 100 101 102 103 104 106 107 109 110 111 112 113 114 116 117 118 120 121 122 123 124 125 126 127 128 129 131 132 133 134 135 136 137 140 142 145 147 149 150 151 152 154 155 156 157 159 160 161
11  1 : 11
12  3 : 12 54 79
13  2 : 13 77
14  1 : 14
15  3 : 15 30 37
16  2 : 16 97
17  1 : 17
18  6 : 18 29 34 43 82 93
19  4 : 19 51 55 141
20  1 : 20
21  17 : 21 44 47 57 65 67 115 130 138 139 143 144 146 148 153 158 162
22  1 : 22
23  1 : 23
24  3 : 24 90 108
25  1 : 25
26  1 : 26
27  10 : 27 32 33 38 41 45 53 63 66 119
28  1 : 28
31  2 : 31 50
35  1 : 35
% end

% frame 48
% time 4.9
% start   4.9
% cluster-index, number-of-fibers : name-of-fibers
1  3 : 1 40 105
2  1 : 2
3  1 : 3
4  1 : 4
5  1 : 5
6  4 : 6 36 39 78
7  1 : 7
8  3 : 8 46 49
9  1 : 9
10  84 : 10 42 48 52 56 58 59 60 61 62 64 68 69 70 71 72 73 74 75 76 80 81 83 84 85 86 87 88 89 91 92 94 95 96 98 99 100 101 102 103 104 106 107 109 110 111 112 113 114 116 117 118 120 121 122 123 124 125 126 127 128 129 131 132 133 134 135 136 137 140 142 145 147 149 150 151 152 154 155 156 157 159 160 161
11  1 : 11
12  3 : 12 54 79
13  2 : 13 77
14  1 : 14
15  3 : 15 30 37
16  2 : 16 97
17  1 : 17
18  6 : 18 29 34 43 82 93
19  4 : 19 51 55 141
20  1 : 20
21  18 : 21 44 47 57 65 67 115 130 138 139 143 144 146 148 153 158 162 163
22  1 : 22
23  1 : 23
24  3 : 24 90 108
25  1 : 25
26  1 : 26
27  10 : 27 32 33 38 41 45 53 63 66 119
28  1 : 28
31  2 : 31 50
35  1 : 35
% end

% frame 49
% time 5
% start   5
% cluster-index, number-of-fibers : name-of-fibers
1  3 : 1 40 105
2  1 : 2
3  1 : 3
4  1 : 4
5  1 : 5
6  4 : 6 36 39 78
7  1 : 7
8  3 : 8 46 49
9  1 : 9
10  87 : 10 42 48 52 56 58 59 60 61 62 64 68 69 70 71 72 73 74 75 76 80 81 83 84 85 86 87 88 89 91 92 94 95 96 98 99 100 101 102 103 104 106 107 109 110 111 112 113 114 116 117 118 120 121 122 123 124 125 126 127 128 129 131 132 133 134 135 136 137 140 142 145 147 149 150 151 152 154 155 156 157 159 160 161 165 166 167
11  1 : 11
12  3 : 12 54 79
13  2 : 13 77
14  1 : 14
15  3 : 15 30 37
16  2 : 16 97
17  1 : 17
18  6 : 18 29 34 43 82 93
19  4 : 19 51 55 141
20  1 : 20
21  19 : 21 44 47 57 65 67 115 130 138 139 143 144 146 148 153 158 162 163 164
22  1 : 22
23  1 : 23
24  3 : 24 90 108
25  1 : 25
26  1 : 26
27  10 : 27 32 33 38 41 45 53 63 66 119
28  1 : 28
31  2 : 31 50
35  1 : 35
% end

% frame 50
% time 5.1
% start   5.1
% cluster-index, number-of-fibers : name-of-fibers
1  3 : 1 40 105
2  1 : 2
3  1 : 3
4  1 : 4
5  1 : 5
6  4 : 6 36 39 78
7  1 : 7
8  3 : 8 46 49
9  1 : 9
10  88 : 10 42 48 52 56 58 59 60 61 62 64 68 69 70 71 72 73 74 75 76 80 81 83 84 85 86 87 88 89 91 92 94 95 96 98 99 100 101 102 103 104 106 107 109 110 111 112 113 114 116 117 118 120 121 122 123 124 125 126 127 128 129 131 132 133 134 135 136 137 140 142 145 147 149 150 151 152 154 155 156 157 159 160 161 165 166 167 168
11  1 : 11
12  3 : 12 54 79
13  2 : 13 77
14  1 : 14
15  3 : 15 30 37
16  2 : 16 97
17  1 : 17
18  6 : 18 29 34 43 82 93
19  4 : 19 51 55 141
20  1 : 20
21  19 : 21 44 47 57 65 67 115 130 138 139 143 144 146 148 153 158 162 163 164
22  1 : 22
23  1 : 23
24  3 : 24 90 108
25  1 : 25
26  1 : 26
27  10 : 27 32 33 38 41 45 53 63 66 119
28  1 : 28
31  2 : 31 50
35  1 : 35
% end

% frame 51
% time 5.2
% start   5.2
% cluster-index, number-of-fibers : name-of-fibers
1  3 : 1 40 105
2  1 : 2
3  1 : 3
4  1 : 4
5  1 : 5
6  4 : 6 36 39 78
7  1 : 7
8  3 : 8 46 49
9  1 : 9
10  92 : 10 42 48 52 56 58 59 60 61 62 64 68 69 70 71 72 73 74 75 76 80 81 83 84 85 86 87 88 89 91 92 94 95 96 98 99 100 101 102 103 104 106 107 109 110 111 112 113 114 116 117 118 120 121 122 123 124 125 126 127 128 129 131 132 133 134 135 136 137 140 142 145 147 149 150 151 152 154 155 156 157 159 160 161 165 166 167 168 169 170 171 172
11  1 : 11
12  3 : 12 54 79
13  2 : 13 77
14  1 : 14
15  3 : 15 30 37
16  2 : 16 97
17  1 : 17
18  6 : 18 29 34 43 82 93
19  4 : 19 51 55 141
20  1 : 20
21  19 : 21 44 47 57 65 67 115 130 138 139 143 144 146 148 153 158 162 163 164
22  1 : 22
23  1 : 23
24  3 : 24 90 108
25  1 : 25
26  1 : 26
27  10 : 27 32 33 38 41 45 53 63 66 119
28  1 : 28
31  2 : 31 50
35  1 : 35
% end

% frame 52
% time 5.3
% start   5.3
% cluster-index, number-of-fibers : name-of-fibers
1  3 : 1 40 105
2  1 : 2
3  1 : 3
4  1 : 4
5  1 : 5
6  4 : 6 36 39 78
7  1 : 7
8  3 : 8 46 49
9  1 : 9
10  92 : 10 42 48 52 56 58 59 60 61 62 64 68 69 70 71 72 73 74 75 76 80 81 83 84 85 86 87 88 89 91 92 94 95 96 98 99 100 101 102 103 104 106 107 109 110 111 112 113 114 116 117 118 120 121 122 123 124 125 126 127 128 129 131 132 133 134 135 136 137 140 142 145 147 149 150 151 152 154 155 156 157 159 160 161 165 166 167 168 169 170 171 172
11  1 : 11
12  3 : 12 54 79
13  2 : 13 77
14  1 : 14
15  3 : 15 30 37
16  2 : 16 97
17  1 : 17
18  6 : 18 29 34 43 82 93
19  4 : 19 51 55 141
20  1 : 20
21  19 : 21 44 47 57 65 67 115 130 138 139 143 144 146 148 153 158 162 163 164
22  1 : 22
23  1 : 23
24  3 : 24 90 108
25  1 : 25
26  1 : 26
27  10 : 27 32 33 38 41 45 53 63 66 119
28  1 : 28
31  2 : 31 50
35  1 : 35
% end

% frame 53
% time 5.4
% start   5.4
% cluster-index, number-of-fibers : name-of-fibers
1  3 : 1 40 105
2  1 : 2
3  1 : 3
4  1 : 4
5  1 : 5
6  4 : 6 36 39 78
7  1 : 7
8  3 : 8 46 49
9  1 : 9
10  92 : 10 42 48 52 56 58 59 60 61 62 64 68 69 70 71 72 73 74 75 76 80 81 83 84 85 86 87 88 89 91 92 94 95 96 98 99 100 101 102 103 104 106 107 109 110 111 112 113 114 116 117 118 120 121 122 123 124 125 126 127 128 129 131 132 133 134 135 136 137 140 142 145 147 149 150 151 152 154 155 156 157 159 160 161 165 166 167 168 169 170 171 172
11  1 : 11
12  3 : 12 54 79
13  2 : 13 77
14  1 : 14
15  3 : 15 30 37
16  2 : 16 97
17  1 : 17
18  6 : 18 29 34 43 82 93
19  4 : 19 51 55 141
20  1 : 20
21  19 : 21 44 47 57 65 67 115 130 138 139 143 144 146 148 153 158 162 163 164
22  1 : 22
23  1 : 23
24  3 : 24 90 108
25  1 : 25
26  1 : 26
27  10 : 27 32 33 38 41 45 53 63 66 119
28  1 : 28
31  2 : 31 50
35  1 : 35
% end

% frame 54
% time 5.5
% start   5.5
% cluster-index, number-of-fibers : name-of-fibers
1  3 : 1 40 105
2  1 : 2
3  1 : 3
4  1 : 4
5  1 : 5
6  4 : 6 36 39 78
7  1 : 7
8  3 : 8 46 49
9  1 : 9
10  93 : 10 42 48 52 56 58 59 60 61 62 64 68 69 70 71 72 73 74 75 76 80 81 83 84 85 86 87 88 89 91 92 94 95 96 98 99 100 101 102 103 104 106 107 109 110 111 112 113 114 116 117 118 120 121 122 123 124 125 126 127 128 129 131 132 133 134 135 136 137 140 142 145 147 149 150 151 152 154 155 156 157 159 160 161 165 166 167 168 169 170 171 172 174
11  1 : 11
12  3 : 12 54 79
13  2 : 13 77
14  1 : 14
15  3 : 15 30 37
16  2 : 16 97
17  1 : 17
18  6 : 18 29 34 43 82 93
19  4 : 19 51 55 141
20  1 : 20
21  20 : 21 44 47 57 65 67 115 130 138 139 143 144 146 148 153 158 162 163 164 173
22  1 : 22
23  1 : 23
24  3 : 24 90 108
25  1 : 25
26  1 : 26
27  10 : 27 32 33 38 41 45 53 63 66 119
28  1 : 28
31  2 : 31 50
35  1 : 35
% end

% frame 55
% time 5.6
% start   5.6
% cluster-index, number-of-fibers : name-of-fibers
1  3 : 1 40 105
2  1 : 2
3  1 : 3
4  1 : 4
5  1 : 5
6  4 : 6 36 39 78
7  1 : 7
8  3 : 8 46 49
9  1 : 9
10  94 : 10 42 48 52 56 58 59 60 61 62 64 68 69 70 71 72 73 74 75 76 80 81 83 84 85 86 87 88 89 91 92 94 95 96 98 99 100 101 102 103 104 106 107 109 110 111 112 113 114 116 117 118 120 121 122 123 124 125 126 127 128 129 131 132 133 134 135 136 137 140 142 145 147 149 150 151 152 154 155 156 157 159 160 161 165 166 167 168 169 170 171 172 174 175
11  1 : 11
12  3 : 12 54 79
13  2 : 13 77
14  1 : 14
15  3 : 15 30 37
16  2 : 16 97
17  1 : 17
18  6 : 18 29 34 43 82 93
19  4 : 19 51 55 141
20  1 : 20
21  20 : 21 44 47 57 65 67 115 130 138 139 143 144 146 148 153 158 162 163 164 173
22  1 : 22
23  1 : 23
24  3 : 24 90 108
25  1 : 25
26  1 : 26
27  10 : 27 32 33 38 41 45 53 63 66 119
28  1 : 28
31  2 : 31 50
35  1 : 35
% end

% frame 56
% time 5.7
% start   5.7
% cluster-index, number-of-fibers : name-of-fibers
1  3 : 1 40 105
2  1 : 2
3  1 : 3
4  1 : 4
5  1 : 5
6  4 : 6 36 39 78
7  1 : 7
8  3 : 8 46 49
9  1 : 9
10  95 : 10 42 48 52 56 58 59 60 61 62 64 68 69 70 71 72 73 74 75 76 80 81 83 84 85 86 87 88 89 91 92 94 95 96 98 99 100 101 102 103 104 106 107 109 110 111 112 113 114 116 117 118 120 121 122 123 124 125 126 127 128 129 131 132 133 134 135 136 137 140 142 145 147 149 150 151 152 154 155 156 157 159 160 161 165 166 167 168 169 170 171 172 174 175 176
11  1 : 11
12  3 : 12 54 79
13  2 : 13 77
14  1 : 14
15  3 : 15 30 37
16  2 : 16 97
17  1 : 17
18  6 : 18 29 34 43 82 93
19  4 : 19 51 55 141
20  1 : 20
21  20 : 21 44 47 57 65 67 115 130 138 139 143 144 146 148 153 158 162 163 164 173
22  1 : 22
23  1 : 23
24  3 : 24 90 108
25  1 : 25
26  1 : 26
27  10 : 27 32 33 38 41 45 53 63 66 119
28  1 : 28
31  2 : 31 50
35  1 : 35
% end

% frame 57
% time 5.8
% start   5.8
% cluster-index, number-of-fibers : name-of-fibers
1  3 : 1 40 105
2  1 : 2
3  1 : 3
4  1 : 4
5  1 : 5
6  4 : 6 36 39 78
7  1 : 7
8  3 : 8 46 49
9  1 : 9
10  95 : 10 42 48 52 56 58 59 60 61 62 64 68 69 70 71 72 73 74 75 76 80 81 83 84 85 86 87 88 89 91 92 94 95 96 98 99 100 101 102 103 104 106 107 109 110 111 112 113 114 116 117 118 120 121 122 123 124 125 126 127 128 129 131 132 133 134 135 136 137 140 142 145 147 149 150 151 152 154 155 156 157 159 160 161 165 166 167 168 169 170 171 172 174 175 176
11  1 : 11
12  3 : 12 54 79
13  2 : 13 77
14  1 : 14
15  3 : 15 30 37
16  2 : 16 97
17  1 : 17
18  6 : 18 29 34 43 82 93
19  4 : 19 51 55 141
20  1 : 20
21  20 : 21 44 47 57 65 67 115 130 138 139 143 144 146 148 153 158 162 163 164 173
22  1 : 22
23  1 : 23
24  3 : 24 90 108
25  1 : 25
26  1 : 26
27  10 : 27 32 33 38 41 45 53 63 66 119
28  1 : 28
31  2 : 31 50
35  1 : 35
% end

% frame 58
% time 5.9
% start   5.9
% cluster-index, number-of-fibers : name-of-fibers
1  3 : 1 40 105
2  1 : 2
3  1 : 3
4  1 : 4
5  1 : 5
6  4 : 6 36 39 78
7  1 : 7
8  3 : 8 46 49
9  1 : 9
10  96 : 10 42 48 52 56 58 59 60 61 62 64 68 69 70 71 72 73 74 75 76 80 81 83 84 85 86 87 88 89 91 92 94 95 96 98 99 100 101 102 103 104 106 107 109 110 111 112 113 114 116 117 118 120 121 122 123 124 125 126 127 128 129 131 132 133 134 135 136 137 140 142 145 147 149 150 151 152 154 155 156 157 159 160 161 165 166 167 168 169 170 171 172 174 175 176 177
11  1 : 11
12  3 : 12 54 79
13  2 : 13 77
14  1 : 14
15  3 : 15 30 37
16  2 : 16 97
17  1 : 17
18  6 : 18 29 34 43 82 93
19  4 : 19 51 55 141
20  1 : 20
21  20 : 21 44 47 57 65 67 115 130 138 139 143 144 146 148 153 158 162 163 164 173
22  1 : 22
23  1 : 23
24  3 : 24 90 108
25  1 : 25
26  1 : 26
27  10 : 27 32 33 38 41 45 53 63 66 119
28  1 : 28
31  2 : 31 50
35  1 : 35
% end

% frame 59
% time 6
% start   6
% cluster-index, number-of-fibers : name-of-fibers
1  3 : 1 40 105
2  1 : 2
3  1 : 3
4  1 : 4
5  1 : 5
6  4 : 6 36 39 78
7  1 : 7
8  3 : 8 46 49
9  1 : 9
10  97 : 10 42 48 52 56 58 59 60 61 62 64 68 69 70 71 72 73 74 75 76 80 81 83 84 85 86 87 88 89 91 92 94 95 96 98 99 100 101 102 103 104 106 107 109 110 111 112 113 114 116 117 118 120 121 122 123 124 125 126 127 128 129 131 132 133 134 135 136 137 140 142 145 147 149 150 151 152 154 155 156 157 159 160 161 165 166 167 168 169 170 171 172 174 175 176 177 178
11  1 : 11
12  3 : 12 54 79
13  2 : 13 77
14  1 : 14
15  3 : 15 30 37
16  2 : 16 97
17  1 : 17
18  6 : 18 29 34 43 82 93
19  4 : 19 51 55 141
20  1 : 20
21  20 : 21 44 47 57 65 67 115 130 138 139 143 144 146 148 153 158 162 163 164 173
22  1 : 22
23  1 : 23
24  3 : 24 90 108
25  1 : 25
26  1 : 26
27  10 : 27 32 33 38 41 45 53 63 66 119
28  1 : 28
31  2 : 31 50
35  1 : 35
% end

% frame 60
% time 6.1
% start   6.1
% cluster-index, number-of-fibers : name-of-fibers
1  3 : 1 40 105
2  1 : 2
3  1 : 3
4  1 : 4
5  1 : 5
6  4 : 6 36 39 78
7  1 : 7
8  3 : 8 46 49
9  1 : 9
10  97 : 10 42 48 52 56 58 59 60 61 62 64 68 69 70 71 72 73 74 75 76 80 81 83 84 85 86 87 88 89 91 92 94 95 96 98 99 100 101 102 103 104 106 107 109 110 111 112 113 114 116 117 118 120 121 122 123 124 125 126 127 128 129 131 132 133 134 135 136 137 140 142 145 147 149 150 151 152 154 155 156 157 159 160 161 165 166 167 168 169 170 171 172 174 175 176 177 178
11  1 : 11
12  3 : 12 54 79
13  2 : 13 77
14  1 : 14
15  3 : 15 30 37
16  2 : 16 97
17  1 : 17
18  6 : 18 29 34 43 82 93
19  4 : 19 51 55 141
20  1 : 20
21  20 : 21 44 47 57 65 67 115 130 138 139 143 144 146 148 153 158 162 163 164 173
22  1 : 22
23  1 : 23
24  4 : 24 90 108 179
25  1 : 25
26  1 : 26
27  10 : 27 32 33 38 41 45 53 63 66 119
28  1 : 28
31  2 : 31 50
35  1 : 35
% end

% frame 61
% time 6.2
% start   6.2
% cluster-index, number-of-fibers : name-of-fibers
1  3 : 1 40 105
2  1 : 2
3  1 : 3
4  1 : 4
5  1 : 5
6  4 : 6 36 39 78
7  1 : 7
8  3 : 8 46 49
9  1 : 9
10  97 : 10 42 48 52 56 58 59 60 61 62 64 68 69 70 71 72 73 74 75 76 80 81 83 84 85 86 87 88 89 91 92 94 95 96 98 99 100 101 102 103 104 106 107 109 110 111 112 113 114 116 117 118 120 121 122 123 124 125 126 127 128 129 131 132 133 134 135 136 137 140 142 145 147 149 150 151 152 154 155 156 157 159 160 161 165 166 167 168 169 170 171 172 174 175 176 177 178
11  1 : 11
12  3 : 12 54 79
13  2 : 13 77
14  1 : 14
15  3 : 15 30 37
16  2 : 16 97
17  1 : 17
18  6 : 18 29 34 43 82 93
19  4 : 19 51 55 141
20  1 : 20
21  20 : 21 44 47 57 65 67 115 130 138 139 143 144 146 148 153 158 162 163 164 173
22  1 : 22
23  1 : 23
24  4 : 24 90 108 179
25  1 : 25
26  1 : 26
27  10 : 27 32 33 38 41 45 53 63 66 119
28  1 : 28
31  2 : 31 50
35  1 : 35
% end

% frame 62
% time 6.3
% start   6.3
% cluster-index, number-of-fibers : name-of-fibers
1  3 : 1 40 105
2  1 : 2
3  1 : 3
4  1 : 4
5  1 : 5
6  4 : 6 36 39 78
7  1 : 7
8  3 : 8 46 49
9  1 : 9
10  99 : 10 42 48 52 56 58 59 60 61 62 64 68 69 70 71 72 73 74 75 76 80 81 83 84 85 86 87 88 89 91 92 94 95 96 98 99 100 101 102 103 104 106 107 109 110 111 112 113 114 116 117 118 120 121 122 123 124 125 126 127 128 129 131 132 133 134 135 136 137 140 142 145 147 149 150 151 152 154 155 156 157 159 160 161 165 166 167 168 169 170 171 172 174 175 176 177 178 180 181
11  1 : 11
12  3 : 12 54 79
13  2 : 13 77
14  1 : 14
15  3 : 15 30 37
16  2 : 16 97
17  1 : 17
18  6 : 18 29 34 43 82 93
19  4 : 19 51 55 141
20  1 : 20
21  20 : 21 44 47 57 65 67 115 130 138 139 143 144 146 148 153 158 162 163 164 173
22  1 : 22
23  1 : 23
24  4 : 24 90 108 179
25  1 : 25
26  1 : 26
27  10 : 27 32 33 38 41 45 53 63 66 119
28  1 : 28
31  2 : 31 50
35  1 : 35
% end

% frame 63
% time 6.4
% start   6.4
% cluster-index, number-of-fibers : name-of-fibers
1  3 : 1 40 105
2  1 : 2
3  1 : 3
4  1 : 4
5  1 : 5
6  4 : 6 36 39 78
7  1 : 7
8  3 : 8 46 49
9  1 : 9
10  100 : 10 42 48 52 56 58 59 60 61 62 64 68 69 70 71 72 73 74 75 76 80 81 83 84 85 86 87 88 89 91 92 94 95 96 98 99 100 101 102 103 104 106 107 109 110 111 112 113 114 116 117 118 120 121 122 123 124 125 126 127 128 129 131 132 133 134 135 136 137 140 142 145 147 149 150 151 152 154 155 156 157 159 160 161 165 166 167 168 169 170 171 172 174 175 176 177 178 180 181 182
11  1 : 11
12  3 : 12 54 79
13  2 : 13 77
14  1 : 14
15  3 : 15 30 37
16  2 : 16 97
17  1 : 17
18  6 : 18 29 34 43 82 93
19  4 : 19 51 55 141
20  1 : 20
21  21 : 21 44 47 57 65 67 115 130 138 139 143 144 146 148 153 158 162 163 164 173 183
22  1 : 22
23  1 : 23
24  4 : 24 90 108 179
25  1 : 25
26  1 : 26
27  10 : 27 32 33 38 41 45 53 63 66 119
28  1 : 28
31  2 : 31 50
35  1 : 35
% end

% frame 64
% time 6.5
% start   6.5
% cluster-index, number-of-fibers : name-of-fibers
1  3 : 1 40 105
2  1 : 2
3  1 : 3
4  1 : 4
5  1 : 5
6  4 : 6 36 39 78
7  1 : 7
8  3 : 8 46 49
9  1 : 9
10  100 : 10 42 48 52 56 58 59 60 61 62 64 68 69 70 71 72 73 74 75 76 80 81 83 84 85 86 87 88 89 91 92 94 95 96 98 99 100 101 102 103 104 106 107 109 110 111 112 113 114 116 117 118 120 121 122 123 124 125 126 127 128 129 131 132 133 134 135 136 137 140 142 145 147 149 150 151 152 154 155 156 157 159 160 161 165 166 167 168 169 170 171 172 174 175 176 177 178 180 181 182
11  1 : 11
12  3 : 12 54 79
13  2 : 13 77
14  1 : 14
15  3 : 15 30 37
16  2 : 16 97
17  1 : 17
18  6 : 18 29 34 43 82 93
19  4 : 19 51 55 141
20  1 : 20
21  21 : 21 44 47 57 65 67 115 130 138 139 143 144 146 148 153 158 162 163 164 173 183
22  1 : 22
23  1 : 23
24  4 : 24 90 108 179
25  1 : 25
26  1 : 26
27  10 : 27 32 33 38 41 45 53 63 66 119
28  1 : 28
31  2 : 31 50
35  1 : 35
% end

% frame 65
% time 6.6
% start   6.6
% cluster-index, number-of-fibers : name-of-fibers
1  3 : 1 40 105
2  1 : 2
3  1 : 3
4  1 : 4
5  1 : 5
6  4 : 6 36 39 78
7  1 : 7
8  3 : 8 46 49
9  1 : 9
10  100 : 10 42 48 52 56 58 59 60 61 62 64 68 69 70 71 72 73 74 75 76 80 81 83 84 85 86 87 88 89 91 92 94 95 96 98 99 100 101 102 103 104 106 107 109 110 111 112 113 114 116 117 118 120 121 122 123 124 125 126 127 128 129 131 132 133 134 135 136 137 140 142 145 147 149 150 151 152 154 155 156 157 159 160 161 165 166 167 168 169 170 171 172 174 175 176 177 178 180 181 182
11  1 : 11
12  3 : 12 54 79
13  2 : 13 77
14  1 : 14
15  3 : 15 30 37
16  2 : 16 97
17  1 : 17
18  6 : 18 29 34 43 82 93
19  4 : 19 51 55 141
20  1 : 20
21  21 : 21 44 47 57 65 67 115 130 138 139 143 144 146 148 153 158 162 163 164 173 183
22  1 : 22
23  1 : 23
24  4 : 24 90 108 179
25  1 : 25
26  1 : 26
27  10 : 27 32 33 38 41 45 53 63 66 119
28  1 : 28
31  2 : 31 50
35  1 : 35
% end

% frame 66
% time 6.7
% start   6.7
% cluster-index, number-of-fibers : name-of-fibers
1  3 : 1 40 105
2  1 : 2
3  1 : 3
4  1 : 4
5  1 : 5
6  4 : 6 36 39 78
7  1 : 7
8  3 : 8 46 49
9  1 : 9
10  101 : 10 42 48 52 56 58 59 60 61 62 64 68 69 70 71 72 73 74 75 76 80 81 83 84 85 86 87 88 89 91 92 94 95 96 98 99 100 101 102 103 104 106 107 109 110 111 112 113 114 116 117 118 120 121 122 123 124 125 126 127 128 129 131 132 133 134 135 136 137 140 142 145 147 149 150 151 152 154 155 156 157 159 160 161 165 166 167 168 169 170 171 172 174 175 176 177 178 180 181 182 184
11  1 : 11
12  3 : 12 54 79
13  2 : 13 77
14  1 : 14
15  3 : 15 30 37
16  2 : 16 97
17  1 : 17
18  6 : 18 29 34 43 82 93
19  4 : 19 51 55 141
20  1 : 20
21  21 : 21 44 47 57 65 67 115 130 138 139 143 144 146 148 153 158 162 163 164 173 183
22  1 : 22
23  1 : 23
24  5 : 24 90 108 179 185
25  1 : 25
26  1 : 26
27  10 : 27 32 33 38 41 45 53 63 66 119
28  1 : 28
31  2 : 31 50
35  1 : 35
% end

% frame 67
% time 6.8
% start   6.8
% cluster-index, number-of-fibers : name-of-fibers
1  3 : 1 40 105
2  1 : 2
3  1 : 3
4  1 : 4
5  1 : 5
6  4 : 6 36 39 78
7  1 : 7
8  3 : 8 46 49
9  1 : 9
10  102 : 10 42 48 52 56 58 59 60 61 62 64 68 69 70 71 72 73 74 75 76 80 81 83 84 85 86 87 88 89 91 92 94 95 96 98 99 100 101 102 103 104 106 107 109 110 111 112 113 114 116 117 118 120 121 122 123 124 125 126 127 128 129 131 132 133 134 135 136 137 140 142 145 147 149 150 151 152 154 155 156 157 159 160 161 165 166 167 168 169 170 171 172 174 175 176 177 178 180 181 182 184 187
11  1 : 11
12  3 : 12 54 79
13  2 : 13 77
14  1 : 14
15  3 : 15 30 37
16  2 : 16 97
17  1 : 17
18  6 : 18 29 34 43 82 93
19  4 : 19 51 55 141
20  1 : 20
21  21 : 21 44 47 57 65 67 115 130 138 139 143 144 146 148 153 158 162 163 164 173 183
22  1 : 22
23  1 : 23
24  6 : 24 90 108 179 185 186
25  1 : 25
26  1 : 26
27  10 : 27 32 33 38 41 45 53 63 66 119
28  1 : 28
31  2 : 31 50
35  1 : 35
% end

% frame 68
% time 6.9
% start   6.9
% cluster-index, number-of-fibers : name-of-fibers
1  3 : 1 40 105
2  1 : 2
3  1 : 3
4  1 : 4
5  1 : 5
6  4 : 6 36 39 78
7  1 : 7
8  3 : 8 46 49
9  1 : 9
10  102 : 10 42 48 52 56 58 59 60 61 62 64 68 69 70 71 72 73 74 75 76 80 81 83 84 85 86 87 88 89 91 92 94 95 96 98 99 100 101 102 103 104 106 107 109 110 111 112 113 114 116 117 118 120 121 122 123 124 125 126 127 128 129 131 132 133 134 135 136 137 140 142 145 147 149 150 151 152 154 155 156 157 159 160 161 165 166 167 168 169 170 171 172 174 175 176 177 178 180 181 182 184 187
11  1 : 11
12  3 : 12 54 79
13  2 : 13 77
14  1 : 14
15  3 : 15 30 37
16  2 : 16 97
17  1 : 17
18  6 : 18 29 34 43 82 93
19  4 : 19 51 55 141
20  1 : 20
21  21 : 21 44 47 57 65 67 115 130 138 139 143 144 146 148 153 158 162 163 164 173 183
22  1 : 22
23  1 : 23
24  6 : 24 90 108 179 185 186
25  1 : 25
26  1 : 26
27  10 : 27 32 33 38 41 45 53 63 66 119
28  1 : 28
31  2 : 31 50
35  1 : 35
% end

% frame 69
% time 7
% start   7
% cluster-index, number-of-fibers : name-of-fibers
1  3 : 1 40 105
2  1 : 2
3  1 : 3
4  1 : 4
5  1 : 5
6  4 : 6 36 39 78
7  1 : 7
8  3 : 8 46 49
9  1 : 9
10  103 : 10 42 48 52 56 58 59 60 61 62 64 68 69 70 71 72 73 74 75 76 80 81 83 84 85 86 87 88 89 91 92 94 95 96 98 99 100 101 102 103 104 106 107 109 110 111 112 113 114 116 117 118 120 121 122 123 124 125 126 127 128 129 131 132 133 134 135 136 137 140 142 145 147 149 150 151 152 154 155 156 157 159 160 161 165 166 167 168 169 170 171 172 174 175 176 177 178 180 181 182 184 187 189
11  1 : 11
12  3 : 12 54 79
13  2 : 13 77
14  1 : 14
15  3 : 15 30 37
16  2 : 16 97
17  1 : 17
18  6 : 18 29 34 43 82 93
19  4 : 19 51 55 141
20  1 : 20
21  22 : 21 44 47 57 65 67 115 130 138 139 143 144 146 148 153 158 162 163 164 173 183 188
22  1 : 22
23  1 : 23
24  6 : 24 90 108 179 185 186
25  1 : 25
26  1 : 26
27  10 : 27 32 33 38 41 45 53 63 66 119
28  1 : 28
31  2 : 31 50
35  1 : 35
% end

% frame 70
% time 7.1
% start   7.1
% cluster-index, number-of-fibers : name-of-fibers
1  3 : 1 40 105
2  1 : 2
3  1 : 3
4  1 : 4
5  1 : 5
6  4 : 6 36 39 78
7  1 : 7
8  3 : 8 46 49
9  1 : 9
10  104 : 10 42 48 52 56 58 59 60 61 62 64 68 69 70 71 72 73 74 75 76 80 81 83 84 85 86 87 88 89 91 92 94 95 96 98 99 100 101 102 103 104 106 107 109 110 111 112 113 114 116 117 118 120 121 122 123 124 125 126 127 128 129 131 132 133 134 135 136 137 140 142 145 147 149 150 151 152 154 155 156 157 159 160 161 165 166 167 168 169 170 171 172 174 175 176 177 178 180 181 182 184 187 189 190
11  1 : 11
12  3 : 12 54 79
13  2 : 13 77
14  1 : 14
15  3 : 15 30 37
16  2 : 16 97
17  1 : 17
18  6 : 18 29 34 43 82 93
19  4 : 19 51 55 141
20  1 : 20
21  22 : 21 44 47 57 65 67 115 130 138 139 143 144 146 148 153 158 162 163 164 173 183 188
22  1 : 22
23  1 : 23
24  6 : 24 90 108 179 185 186
25  1 : 25
26  1 : 26
27  10 : 27 32 33 38 41 45 53 63 66 119
28  1 : 28
31  2 : 31 50
35  1 : 35
% end

% frame 71
% time 7.2
% start   7.2
% cluster-index, number-of-fibers : name-of-fibers
1  3 : 1 40 105
2  1 : 2
3  1 : 3
4  1 : 4
5  1 : 5
6  4 : 6 36 39 78
7  1 : 7
8  3 : 8 46 49
9  1 : 9
10  103 : 10 42 48 52 56 58 59 60 61 62 64 68 69 70 71 72 73 74 75 76 80 81 83 84 85 86 87 88 89 91 92 94 95 96 99 100 101 102 103 104 106 107 109 110 111 112 113 114 116 117 118 120 121 122 123 124 125 126 127 128 129 131 132 133 134 135 136 137 140 142 145 147 149 150 151 152 154 155 156 157 159 160 161 165 166 167 168 169 170 171 172 174 175 176 177 178 180 181 182 184 187 189 190
11  1 : 11
12  3 : 12 54 79
13  2 : 13 77
14  1 : 14
15  3 : 15 30 37
16  2 : 16 97
17  1 : 17
18  6 : 18 29 34 43 82 93
19  4 : 19 51 55 141
20  1 : 20
21  22 : 21 44 47 57 65 67 115 130 138 139 143 144 146 148 153 158 162 163 164 173 183 188
22  1 : 22
23  1 : 23
24  6 : 24 90 108 179 185 186
25  1 : 25
26  1 : 26
27  10 : 27 32 33 38 41 45 53 63 66 119
28  1 : 28
31  2 : 31 50
35  1 : 35
98  1 : 98
% end

% frame 72
% time 7.3
% start   7.3
% cluster-index, number-of-fibers : name-of-fibers
1  3 : 1 40 105
2  1 : 2
3  1 : 3
4  1 : 4
5  1 : 5
6  4 : 6 36 39 78
7  1 : 7
8  3 : 8 46 49
9  1 : 9
10  104 : 10 42 48 52 56 58 59 60 61 62 64 68 69 70 71 72 73 74 75 76 80 81 83 84 85 86 87 88 89 91 92 94 95 96 98 99 100 101 102 103 104 106 107 109 110 111 112 113 114 116 117 118 120 121 122 123 124 125 126 127 128 129 131 132 133 134 135 136 137 140 142 145 147 149 150 151 152 154 155 156 157 159 160 161 165 166 167 168 169 170 171 172 174 175 176 177 178 180 181 182 184 187 189 190
11  1 : 11
12  3 : 12 54 79
13  2 : 13 77
14  1 : 14
15  3 : 15 30 37
16  2 : 16 97
17  1 : 17
18  6 : 18 29 34 43 82 93
19  4 : 19 51 55 141
20  1 : 20
21  22 : 21 44 47 57 65 67 115 130 138 139 143 144 146 148 153 158 162 163 164 173 183 188
22  1 : 22
23  1 : 23
24  6 : 24 90 108 179 185 186
25  1 : 25
26  1 : 26
27  10 : 27 32 33 38 41 45 53 63 66 119
28  1 : 28
31  2 : 31 50
35  1 : 35
% end

% frame 73
% time 7.4
% start   7.4
% cluster-index, number-of-fibers : name-of-fibers
1  3 : 1 40 105
2  1 : 2
3  1 : 3
4  1 : 4
5  1 : 5
6  4 : 6 36 39 78
7  1 : 7
8  3 : 8 46 49
9  1 : 9
10  104 : 10 42 48 52 56 58 59 60 61 62 64 68 69 70 71 72 73 74 75 76 80 81 83 84 85 86 87 88 89 91 92 94 95 96 98 99 100 101 102 103 104 106 107 109 110 111 112 113 114 116 117 118 120 121 122 123 124 125 126 127 128 129 131 132 133 134 135 136 137 140 142 145 147 149 150 151 152 154 155 156 157 159 160 161 165 166 167 168 169 170 171 172 174 175 176 177 178 180 181 182 184 187 189 190
11  1 : 11
12  3 : 12 54 79
13  2 : 13 77
14  1 : 14
15  3 : 15 30 37
16  2 : 16 97
17  1 : 17
18  6 : 18 29 34 43 82 93
19  4 : 19 51 55 141
20  1 : 20
21  22 : 21 44 47 57 65 67 115 130 138 139 143 144 146 148 153 158 162 163 164 173 183 188
22  1 : 22
23  1 : 23
24  6 : 24 90 108 179 185 186
25  1 : 25
26  1 : 26
27  10 : 27 32 33 38 41 45 53 63 66 119
28  1 : 28
31  2 : 31 50
35  1 : 35
% end

% frame 74
% time 7.5
% start   7.5
% cluster-index, number-of-fibers : name-of-fibers
1  3 : 1 40 105
2  1 : 2
3  1 : 3
4  1 : 4
5  1 : 5
6  4 : 6 36 39 78
7  1 : 7
8  3 : 8 46 49
9  1 : 9
10  106 : 10 42 48 52 56 58 59 60 61 62 64 68 69 70 71 72 73 74 75 76 80 81 83 84 85 86 87 88 89 91 92 94 95 96 98 99 100 101 102 103 104 106 107 109 110 111 112 113 114 116 117 118 120 121 122 123 124 125 126 127 128 129 131 132 133 134 135 136 137 140 142 145 147 149 150 151 152 154 155 156 157 159 160 161 165 166 167 168 169 170 171 172 174 175 176 177 178 180 181 182 184 187 189 190 191 192
11  1 : 11
12  3 : 12 54 79
13  2 : 13 77
14  1 : 14
15  3 : 15 30 37
16  2 : 16 97
17  1 : 17
18  6 : 18 29 34 43 82 93
19  4 : 19 51 55 141
20  1 : 20
21  22 : 21 44 47 57 65 67 115 130 138 139 143 144 146 148 153 158 162 163 164 173 183 188
22  1 : 22
23  1 : 23
24  6 : 24 90 108 179 185 186
25  1 : 25
26  1 : 26
27  10 : 27 32 33 38 41 45 53 63 66 119
28  1 : 28
31  2 : 31 50
35  1 : 35
% end

% frame 75
% time 7.6
% start   7.6
% cluster-index, number-of-fibers : name-of-fibers
1  3 : 1 40 105
2  1 : 2
3  1 : 3
4  1 : 4
5  1 : 5
6  4 : 6 36 39 78
7  1 : 7
8  3 : 8 46 49
9  1 : 9
10  107 : 10 42 48 52 56 58 59 60 61 62 64 68 69 70 71 72 73 74 75 76 80 81 83 84 85 86 87 88 89 91 92 94 95 96 98 99 100 101 102 103 104 106 107 109 110 111 112 113 114 116 117 118 120 121 122 123 124 125 126 127 128 129 131 132 133 134 135 136 137 140 142 145 147 149 150 151 152 154 155 156 157 159 160 161 165 166 167 168 169 170 171 172 174 175 176 177 178 180 181 182 184 187 189 190 191 192 193
11  1 : 11
12  3 : 12 54 79
13  2 : 13 77
14  1 : 14
15  3 : 15 30 37
16  2 : 16 97
17  1 : 17
18  6 : 18 29 34 43 82 93
19  4 : 19 51 55 141
20  1 : 20
21  22 : 21 44 47 57 65 67 115 130 138 139 143 144 146 148 153 158 162 163 164 173 183 188
22  1 : 22
23  1 : 23
24  7 : 24 90 108 179 185 186 194
25  1 : 25
26  1 : 26
27  10 : 27 32 33 38 41 45 53 63 66 119
28  1 : 28
31  2 : 31 50
35  1 : 35
% end

% frame 76
% time 7.7
% start   7.7
% cluster-index, number-of-fibers : name-of-fibers
1  3 : 1 40 105
2  1 : 2
3  1 : 3
4  1 : 4
5  1 : 5
6  4 : 6 36 39 78
7  1 : 7
8  3 : 8 46 49
9  1 : 9
10  107 : 10 42 48 52 56 58 59 60 61 62 64 68 69 70 71 72 73 74 75 76 80 81 83 84 85 86 87 88 89 91 92 94 95 96 98 99 100 101 102 103 104 106 107 109 110 111 112 113 114 116 117 118 120 121 122 123 124 125 126 127 128 129 131 132 133 134 135 136 137 140 142 145 147 149 150 151 152 154 155 156 157 159 160 161 165 166 167 168 169 170 171 172 174 175 176 177 178 180 181 182 184 187 189 190 191 192 193
11  1 : 11
12  3 : 12 54 79
13  2 : 13 77
14  1 : 14
15  3 : 15 30 37
16  2 : 16 97
17  1 : 17
18  6 : 18 29 34 43 82 93
19  4 : 19 51 55 141
20  1 : 20
21  23 : 21 44 47 57 65 67 115 130 138 139 143 144 146 148 153 158 162 163 164 173 183 188 195
22  1 : 22
23  1 : 23
24  7 : 24 90 108 179 185 186 194
25  1 : 25
26  1 : 26
27  10 : 27 32 33 38 41 45 53 63 66 119
28  1 : 28
31  2 : 31 50
35  1 : 35
% end

% frame 77
% time 7.8
% start   7.8
% cluster-index, number-of-fibers : name-of-fibers
1  3 : 1 40 105
2  1 : 2
3  1 : 3
4  1 : 4
5  1 : 5
6  4 : 6 36 39 78
7  1 : 7
8  3 : 8 46 49
9  1 : 9
10  107 : 10 42 48 52 56 58 59 60 61 62 64 68 69 70 71 72 73 74 75 76 80 81 83 84 85 86 87 88 89 91 92 94 95 96 98 99 100 101 102 103 104 106 107 109 110 111 112 113 114 116 117 118 120 121 122 123 124 125 126 127 128 129 131 132 133 134 135 136 137 140 142 145 147 149 150 151 152 154 155 156 157 159 160 161 165 166 167 168 169 170 171 172 174 175 176 177 178 180 181 182 184 187 189 190 191 192 193
11  1 : 11
12  3 : 12 54 79
13  2 : 13 77
14  1 : 14
15  3 : 15 30 37
16  2 : 16 97
17  1 : 17
18  6 : 18 29 34 43 82 93
19  4 : 19 51 55 141
20  1 : 20
21  23 : 21 44 47 57 65 67 115 130 138 139 143 144 146 148 153 158 162 163 164 173 183 188 195
22  1 : 22
23  1 : 23
24  7 : 24 90 108 179 185 186 194
25  1 : 25
26  1 : 26
27  10 : 27 32 33 38 41 45 53 63 66 119
28  1 : 28
31  2 : 31 50
35  1 : 35
% end

% frame 78
% time 7.9
% start   7.9
% cluster-index, number-of-fibers : name-of-fibers
1  3 : 1 40 105
2  1 : 2
3  1 : 3
4  1 : 4
5  1 : 5
6  4 : 6 36 39 78
7  1 : 7
8  3 : 8 46 49
9  1 : 9
10  107 : 10 42 48 52 56 58 59 60 61 62 64 68 69 70 71 72 73 74 75 76 80 81 83 84 85 86 87 88 89 91 92 94 95 96 98 99 100 101 102 103 104 106 107 109 110 111 112 113 114 116 117 118 120 121 122 123 124 125 126 127 128 129 131 132 133 134 135 136 137 140 142 145 147 149 150 151 152 154 155 156 157 159 160 161 165 166 167 168 169 170 171 172 174 175 176 177 178 180 181 182 184 187 189 190 191 192 193
11  1 : 11
12  3 : 12 54 79
13  2 : 13 77
14  1 : 14
15  3 : 15 30 37
16  2 : 16 97
17  1 : 17
18  6 : 18 29 34 43 82 93
19  4 : 19 51 55 141
20  1 : 20
21  23 : 21 44 47 57 65 67 115 130 138 139 143 144 146 148 153 158 162 163 164 173 183 188 195
22  1 : 22
23  1 : 23
24  7 : 24 90 108 179 185 186 194
25  1 : 25
26  1 : 26
27  10 : 27 32 33 38 41 45 53 63 66 119
28  1 : 28
31  2 : 31 50
35  1 : 35
% end

% frame 79
% time 8
% start   8
% cluster-index, number-of-fibers : name-of-fibers
1  3 : 1 40 105
2  1 : 2
3  1 : 3
4  1 : 4
5  1 : 5
6  4 : 6 36 39 78
7  1 : 7
8  3 : 8 46 49
9  1 : 9
10  107 : 10 42 48 52 56 58 59 60 61 62 64 68 69 70 71 72 73 74 75 76 80 81 83 84 85 86 87 88 89 91 92 94 95 96 98 99 100 101 102 103 104 106 107 109 110 111 112 113 114 116 117 118 120 121 122 123 124 125 126 127 128 129 131 132 133 134 135 136 137 140 142 145 147 149 150 151 152 154 155 156 157 159 160 161 165 166 167 168 169 170 171 172 174 175 176 177 178 180 181 182 184 187 189 190 191 192 193
11  1 : 11
12  3 : 12 54 79
13  2 : 13 77
14  1 : 14
15  3 : 15 30 37
16  2 : 16 97
17  1 : 17
18  6 : 18 29 34 43 82 93
19  4 : 19 51 55 141
20  1 : 20
21  23 : 21 44 47 57 65 67 115 130 138 139 143 144 146 148 153 158 162 163 164 173 183 188 195
22  1 : 22
23  1 : 23
24  7 : 24 90 108 179 185 186 194
25  1 : 25
26  1 : 26
27  10 : 27 32 33 38 41 45 53 63 66 119
28  1 : 28
31  2 : 31 50
35  1 : 35
% end

% frame 80
% time 8.1
% start   8.1
% cluster-index, number-of-fibers : name-of-fibers
1  3 : 1 40 105
2  1 : 2
3  1 : 3
4  1 : 4
5  1 : 5
6  4 : 6 36 39 78
7  1 : 7
8  3 : 8 46 49
9  1 : 9
10  107 : 10 42 48 52 56 58 59 60 61 62 64 68 69 70 71 72 73 74 75 76 80 81 83 84 85 86 87 88 89 91 92 94 95 96 98 99 100 101 102 103 104 106 107 109 110 111 112 113 114 116 117 118 120 121 122 123 124 125 126 127 128 129 131 132 133 134 135 136 137 140 142 145 147 149 150 151 152 154 155 156 157 159 160 161 165 166 167 168 169 170 171 172 174 175 176 177 178 180 181 182 184 187 189 190 191 192 193
11  1 : 11
12  3 : 12 54 79
13  2 : 13 77
14  1 : 14
15  3 : 15 30 37
16  2 : 16 97
17  1 : 17
18  6 : 18 29 34 43 82 93
19  4 : 19 51 55 141
20  1 : 20
21  23 : 21 44 47 57 65 67 115 130 138 139 143 144 146 148 153 158 162 163 164 173 183 188 195
22  1 : 22
23  1 : 23
24  7 : 24 90 108 179 185 186 194
25  1 : 25
26  1 : 26
27  10 : 27 32 33 38 41 45 53 63 66 119
28  1 : 28
31  2 : 31 50
35  1 : 35
% end

% frame 81
% time 8.2
% start   8.2
% cluster-index, number-of-fibers : name-of-fibers
1  3 : 1 40 105
2  1 : 2
3  1 : 3
4  1 : 4
5  1 : 5
6  4 : 6 36 39 78
7  1 : 7
8  3 : 8 46 49
9  1 : 9
10  108 : 10 42 48 52 56 58 59 60 61 62 64 68 69 70 71 72 73 74 75 76 80 81 83 84 85 86 87 88 89 91 92 94 95 96 98 99 100 101 102 103 104 106 107 109 110 111 112 113 114 116 117 118 120 121 122 123 124 125 126 127 128 129 131 132 133 134 135 136 137 140 142 145 147 149 150 151 152 154 155 156 157 159 160 161 165 166 167 168 169 170 171 172 174 175 176 177 178 180 181 182 184 187 189 190 191 192 193 196
11  1 : 11
12  3 : 12 54 79
13  2 : 13 77
14  1 : 14
15  3 : 15 30 37
16  2 : 16 97
17  1 : 17
18  6 : 18 29 34 43 82 93
19  4 : 19 51 55 141
20  1 : 20
21  23 : 21 44 47 57 65 67 115 130 138 139 143 144 146 148 153 158 162 163 164 173 183 188 195
22  1 : 22
23  1 : 23
24  7 : 24 90 108 179 185 186 194
25  1 : 25
26  1 : 26
27  10 : 27 32 33 38 41 45 53 63 66 119
28  1 : 28
31  2 : 31 50
35  1 : 35
% end

% frame 82
% time 8.3
% start   8.3
% cluster-index, number-of-fibers : name-of-fibers
1  3 : 1 40 105
2  1 : 2
3  1 : 3
4  1 : 4
5  1 : 5
6  4 : 6 36 39 78
7  1 : 7
8  3 : 8 46 49
9  1 : 9
10  109 : 10 42 48 52 56 58 59 60 61 62 64 68 69 70 71 72 73 74 75 76 80 81 83 84 85 86 87 88 89 91 92 94 95 96 98 99 100 101 102 103 104 106 107 109 110 111 112 113 114 116 117 118 120 121 122 123 124 125 126 127 128 129 131 132 133 134 135 136 137 140 142 145 147 149 150 151 152 154 155 156 157 159 160 161 165 166 167 168 169 170 171 172 174 175 176 177 178 180 181 182 184 187 189 190 191 192 193 196 197
11  1 : 11
12  3 : 12 54 79
13  2 : 13 77
14  1 : 14
15  3 : 15 30 37
16  2 : 16 97
17  1 : 17
18  6 : 18 29 34 43 82 93
19  4 : 19 51 55 141
20  1 : 20
21  23 : 21 44 47 57 65 67 115 130 138 139 143 144 146 148 153 158 162 163 164 173 183 188 195
22  1 : 22
23  1 : 23
24  7 : 24 90 108 179 185 186 194
25  1 : 25
26  1 : 26
27  10 : 27 32 33 38 41 45 53 63 66 119
28  1 : 28
31  2 : 31 50
35  1 : 35
% end

% frame 83
% time 8.4
% start   8.4
% cluster-index, number-of-fibers : name-of-fibers
1  3 : 1 40 105
2  1 : 2
3  1 : 3
4  1 : 4
5  1 : 5
6  4 : 6 36 39 78
7  1 : 7
8  3 : 8 46 49
9  1 : 9
10  109 : 10 42 48 52 56 58 59 60 61 62 64 68 69 70 71 72 73 74 75 76 80 81 83 84 85 86 87 88 89 91 92 94 95 96 98 99 100 101 102 103 104 106 107 109 110 111 112 113 114 116 117 118 120 121 122 123 124 125 126 127 128 129 131 132 133 134 135 136 137 140 142 145 147 149 150 151 152 154 155 156 157 159 160 161 165 166 167 168 169 170 171 172 174 175 176 177 178 180 181 182 184 187 189 190 191 192 193 196 197
11  1 : 11
12  3 : 12 54 79
13  2 : 13 77
14  1 : 14
15  3 : 15 30 37
16  2 : 16 97
17  1 : 17
18  6 : 18 29 34 43 82 93
19  4 : 19 51 55 141
20  1 : 20
21  23 : 21 44 47 57 65 67 115 130 138 139 143 144 146 148 153 158 162 163 164 173 183 188 195
22  1 : 22
23  1 : 23
24  7 : 24 90 108 179 185 186 194
25  1 : 25
26  1 : 26
27  10 : 27 32 33 38 41 45 53 63 66 119
28  1 : 28
31  2 : 31 50
35  1 : 35
% end

% frame 84
% time 8.5
% start   8.5
% cluster-index, number-of-fibers : name-of-fibers
1  3 : 1 40 105
2  1 : 2
3  1 : 3
4  1 : 4
5  1 : 5
6  4 : 6 36 39 78
7  1 : 7
8  3 : 8 46 49
9  1 : 9
10  112 : 10 42 48 52 56 58 59 60 61 62 64 68 69 70 71 72 73 74 75 76 80 81 83 84 85 86 87 88 89 91 92 94 95 96 98 99 100 101 102 103 104 106 107 109 110 111 112 113 114 116 117 118 120 121 122 123 124 125 126 127 128 129 131 132 133 134 135 136 137 140 142 145 147 149 150 151 152 154 155 156 157 159 160 161 165 166 167 168 169 170 171 172 174 175 176 177 178 180 181 182 184 187 189 190 191 192 193 196 197 198 199 200
11  1 : 11
12  3 : 12 54 79
13  2 : 13 77
14  1 : 14
15  3 : 15 30 37
16  2 : 16 97
17  1 : 17
18  6 : 18 29 34 43 82 93
19  4 : 19 51 55 141
20  1 : 20
21  23 : 21 44 47 57 65 67 115 130 138 139 143 144 146 148 153 158 162 163 164 173 183 188 195
22  1 : 22
23  1 : 23
24  7 : 24 90 108 179 185 186 194
25  1 : 25
26  1 : 26
27  10 : 27 32 33 38 41 45 53 63 66 119
28  1 : 28
31  2 : 31 50
35  1 : 35
% end

% frame 85
% time 8.6
% start   8.6
% cluster-index, number-of-fibers : name-of-fibers
1  3 : 1 40 105
2  1 : 2
3  1 : 3
4  1 : 4
5  1 : 5
6  4 : 6 36 39 78
7  1 : 7
8  3 : 8 46 49
9  1 : 9
10  112 : 10 42 48 52 56 58 59 60 61 62 64 68 69 70 71 72 73 74 75 76 80 81 83 84 85 86 87 88 89 91 92 94 95 96 98 99 100 101 102 103 104 106 107 109 110 111 112 113 114 116 117 118 120 121 122 123 124 125 126 127 128 129 131 132 133 134 135 136 137 140 142 145 147 149 150 151 152 154 155 156 157 159 160 161 165 166 167 168 169 170 171 172 174 175 176 177 178 180 181 182 184 187 189 190 191 192 193 196 197 198 199 200
11  1 : 11
12  3 : 12 54 79
13  2 : 13 77
14  1 : 14
15  3 : 15 30 37
16  2 : 16 97
17  1 : 17
18  6 : 18 29 34 43 82 93
19  4 : 19 51 55 141
20  1 : 20
21  23 : 21 44 47 57 65 67 115 130 138 139 143 144 146 148 153 158 162 163 164 173 183 188 195
22  1 : 22
23  1 : 23
24  7 : 24 90 108 179 185 186 194
25  1 : 25
26  1 : 26
27  10 : 27 32 33 38 41 45 53 63 66 119
28  1 : 28
31  2 : 31 50
35  1 : 35
% end

% frame 86
% time 8.7
% start   8.7
% cluster-index, number-of-fibers : name-of-fibers
1  3 : 1 40 105
2  1 : 2
3  1 : 3
4  1 : 4
5  1 : 5
6  4 : 6 36 39 78
7  1 : 7
8  3 : 8 46 49
9  1 : 9
10  111 : 10 42 48 52 56 58 59 60 61 62 64 68 69 70 71 72 73 74 75 76 80 81 83 84 85 86 87 88 89 91 92 94 95 96 98 99 100 101 103 104 106 107 109 110 111 112 113 114 116 117 118 120 121 122 123 124 125 126 127 128 129 131 132 133 134 135 136 137 140 142 145 147 149 150 151 152 154 155 156 157 159 160 161 165 166 167 168 169 170 171 172 174 175 176 177 178 180 181 182 184 187 189 190 191 192 193 196 197 198 199 200
11  1 : 11
12  3 : 12 54 79
13  2 : 13 77
14  1 : 14
15  3 : 15 30 37
16  2 : 16 97
17  1 : 17
18  6 : 18 29 34 43 82 93
19  4 : 19 51 55 141
20  1 : 20
21  23 : 21 44 47 57 65 67 115 130 138 139 143 144 146 148 153 158 162 163 164 173 183 188 195
22  1 : 22
23  1 : 23
24  7 : 24 90 108 179 185 186 194
25  1 : 25
26  1 : 26
27  10 : 27 32 33 38 41 45 53 63 66 119
28  1 : 28
31  2 : 31 50
35  1 : 35
102  1 : 102
% end

% frame 87
% time 8.8
% start   8.8
% cluster-index, number-of-fibers : name-of-fibers
1  3 : 1 40 105
2  1 : 2
3  1 : 3
4  1 : 4
5  1 : 5
6  4 : 6 36 39 78
7  1 : 7
8  3 : 8 46 49
9  1 : 9
10  111 : 10 42 48 52 56 58 59 60 61 62 64 68 69 70 71 72 73 74 75 76 80 81 83 84 85 86 87 88 89 91 92 94 95 96 98 99 100 101 103 104 106 107 109 110 111 112 113 114 116 117 118 120 121 122 123 124 125 126 127 128 129 131 132 133 134 135 136 137 140 142 145 147 149 150 151 152 154 155 156 157 159 160 161 165 166 167 168 169 170 171 172 174 175 176 177 178 180 181 182 184 187 189 190 191 192 193 196 197 198 199 200
11  1 : 11
12  3 : 12 54 79
13  2 : 13 77
14  1 : 14
15  3 : 15 30 37
16  2 : 16 97
17  1 : 17
18  6 : 18 29 34 43 82 93
19  4 : 19 51 55 141
20  1 : 20
21  23 : 21 44 47 57 65 67 115 130 138 139 143 144 146 148 153 158 162 163 164 173 183 188 195
22  1 : 22
23  1 : 23
24  7 : 24 90 108 179 185 186 194
25  1 : 25
26  1 : 26
27  10 : 27 32 33 38 41 45 53 63 66 119
28  1 : 28
31  2 : 31 50
35  1 : 35
102  1 : 102
% end

% frame 88
% time 8.9
% start   8.9
% cluster-index, number-of-fibers : name-of-fibers
1  3 : 1 40 105
2  1 : 2
3  1 : 3
4  1 : 4
5  1 : 5
6  4 : 6 36 39 78
7  1 : 7
8  3 : 8 46 49
9  1 : 9
10  111 : 10 42 48 52 56 58 59 60 61 62 64 68 69 70 71 72 73 74 75 76 80 81 83 84 85 86 87 88 89 91 92 94 95 96 98 99 100 101 103 104 106 107 109 110 111 112 113 114 116 117 118 120 121 122 123 124 125 126 127 128 129 131 132 133 134 135 136 137 140 142 145 147 149 150 151 152 154 155 156 157 159 160 161 165 166 167 168 169 170 171 172 174 175 176 177 178 180 181 182 184 187 189 190 191 192 193 196 197 198 199 200
11  1 : 11
12  3 : 12 54 79
13  2 : 13 77
14  1 : 14
15  3 : 15 30 37
16  2 : 16 97
17  1 : 17
18  6 : 18 29 34 43 82 93
19  4 : 19 51 55 141
20  1 : 20
21  23 : 21 44 47 57 65 67 115 130 138 139 143 144 146 148 153 158 162 163 164 173 183 188 195
22  1 : 22
23  1 : 23
24  7 : 24 90 108 179 185 186 194
25  1 : 25
26  1 : 26
27  10 : 27 32 33 38 41 45 53 63 66 119
28  1 : 28
31  2 : 31 50
35  1 : 35
102  1 : 102
% end

% frame 89
% time 9
% start   9
% cluster-index, number-of-fibers : name-of-fibers
1  3 : 1 40 105
2  1 : 2
3  1 : 3
4  1 : 4
5  1 : 5
6  4 : 6 36 39 78
7  1 : 7
8  3 : 8 46 49
9  1 : 9
10  112 : 10 42 48 52 56 58 59 60 61 62 64 68 69 70 71 72 73 74 75 76 80 81 83 84 85 86 87 88 89 91 92 94 95 96 98 99 100 101 103 104 106 107 109 110 111 112 113 114 116 117 118 120 121 122 123 124 125 126 127 128 129 131 132 133 134 135 136 137 140 142 145 147 149 150 151 152 154 155 156 157 159 160 161 165 166 167 168 169 170 171 172 174 175 176 177 178 180 181 182 184 187 189 190 191 192 193 196 197 198 199 200 201
11  1 : 11
12  3 : 12 54 79
13  2 : 13 77
14  1 : 14
15  3 : 15 30 37
16  2 : 16 97
17  1 : 17
18  6 : 18 29 34 43 82 93
19  4 : 19 51 55 141
20  1 : 20
21  23 : 21 44 47 57 65 67 115 130 138 139 143 144 146 148 153 158 162 163 164 173 183 188 195
22  1 : 22
23  1 : 23
24  7 : 24 90 108 179 185 186 194
25  1 : 25
26  1 : 26
27  10 : 27 32 33 38 41 45 53 63 66 119
28  1 : 28
31  2 : 31 50
35  1 : 35
102  1 : 102
% end

% frame 90
% time 9.1
% start   9.1
% cluster-index, number-of-fibers : name-of-fibers
1  3 : 1 40 105
2  1 : 2
3  1 : 3
4  1 : 4
5  1 : 5
6  4 : 6 36 39 78
7  1 : 7
8  3 : 8 46 49
9  1 : 9
10  113 : 10 42 48 52 56 58 59 60 61 62 64 68 69 70 71 72 73 74 75 76 80 81 83 84 85 86 87 88 89 91 92 94 95 96 98 99 100 101 103 104 106 107 109 110 111 112 113 114 116 117 118 120 121 122 123 124 125 126 127 128 129 131 132 133 134 135 136 137 140 142 145 147 149 150 151 152 154 155 156 157 159 160 161 165 166 167 168 169 170 171 172 174 175 176 177 178 180 181 182 184 187 189 190 191 192 193 196 197 198 199 200 201 202
11  1 : 11
12  3 : 12 54 79
13  2 : 13 77
14  1 : 14
15  3 : 15 30 37
16  2 : 16 97
17  1 : 17
18  6 : 18 29 34 43 82 93
19  4 : 19 51 55 141
20  1 : 20
21  23 : 21 44 47 57 65 67 115 130 138 139 143 144 146 148 153 158 162 163 164 173 183 188 195
22  1 : 22
23  1 : 23
24  7 : 24 90 108 179 185 186 194
25  1 : 25
26  1 : 26
27  10 : 27 32 33 38 41 45 53 63 66 119
28  1 : 28
31  2 : 31 50
35  1 : 35
102  1 : 102
% end

% frame 91
% time 9.2
% start   9.2
% cluster-index, number-of-fibers : name-of-fibers
1  3 : 1 40 105
2  1 : 2
3  1 : 3
4  1 : 4
5  1 : 5
6  4 : 6 36 39 78
7  1 : 7
8  3 : 8 46 49
9  1 : 9
10  113 : 10 42 48 52 56 58 59 60 61 62 64 68 69 70 71 72 73 74 75 76 80 81 83 84 85 86 87 88 89 91 92 94 95 96 98 99 100 101 103 104 106 107 109 110 111 112 113 114 116 117 118 120 121 122 123 124 125 126 127 128 129 131 132 133 134 135 136 137 140 142 145 147 149 150 151 152 154 155 156 157 159 160 161 165 166 167 168 169 170 171 172 174 175 176 177 178 180 181 182 184 187 189 190 191 192 193 196 197 198 199 200 201 202
11  1 : 11
12  3 : 12 54 79
13  2 : 13 77
14  1 : 14
15  3 : 15 30 37
16  2 : 16 97
17  1 : 17
18  6 : 18 29 34 43 82 93
19  4 : 19 51 55 141
20  1 : 20
21  23 : 21 44 47 57 65 67 115 130 138 139 143 144 146 148 153 158 162 163 164 173 183 188 195
22  1 : 22
23  1 : 23
24  7 : 24 90 108 179 185 186 194
25  1 : 25
26  1 : 26
27  9 : 27 32 33 38 41 45 53 63 66
28  1 : 28
31  2 : 31 50
35  1 : 35
102  1 : 102
119  1 : 119
% end

% frame 92
% time 9.3
% start   9.3
% cluster-index, number-of-fibers : name-of-fibers
1  3 : 1 40 105
2  1 : 2
3  1 : 3
4  1 : 4
5  1 : 5
6  4 : 6 36 39 78
7  1 : 7
8  3 : 8 46 49
9  1 : 9
10  113 : 10 42 48 52 56 58 59 60 61 62 64 68 69 70 71 72 73 74 75 76 80 81 83 84 85 86 87 88 89 91 92 94 95 96 98 99 100 101 103 104 106 107 109 110 111 112 113 114 116 117 118 120 121 122 123 124 125 126 127 128 129 131 132 133 134 135 136 137 140 142 145 147 149 150 151 152 154 155 156 157 159 160 161 165 166 167 168 169 170 171 172 174 175 176 177 178 180 181 182 184 187 189 190 191 192 193 196 197 198 199 200 201 202
11  1 : 11
12  3 : 12 54 79
13  2 : 13 77
14  1 : 14
15  3 : 15 30 37
16  2 : 16 97
17  1 : 17
18  6 : 18 29 34 43 82 93
19  4 : 19 51 55 141
20  1 : 20
21  23 : 21 44 47 57 65 67 115 130 138 139 143 144 146 148 153 158 162 163 164 173 183 188 195
22  1 : 22
23  1 : 23
24  7 : 24 90 108 179 185 186 194
25  1 : 25
26  1 : 26
27  9 : 27 32 33 38 41 45 53 63 66
28  1 : 28
31  2 : 31 50
35  1 : 35
102  1 : 102
119  1 : 119
% end

% frame 93
% time 9.4
% start   9.4
% cluster-index, number-of-fibers : name-of-fibers
1  3 : 1 40 105
2  1 : 2
3  1 : 3
4  1 : 4
5  1 : 5
6  4 : 6 36 39 78
7  1 : 7
8  3 : 8 46 49
9  1 : 9
10  113 : 10 42 48 52 56 58 59 60 61 62 64 68 69 70 71 72 73 74 75 76 80 81 83 84 85 86 87 88 89 91 92 94 95 96 98 99 100 101 103 104 106 107 109 110 111 112 113 114 116 117 118 120 121 122 123 124 125 126 127 128 129 131 132 133 134 135 136 137 140 142 145 147 149 150 151 152 154 155 156 157 159 160 161 165 166 167 168 169 170 171 172 174 175 176 177 178 180 181 182 184 187 189 190 191 192 193 196 197 198 199 200 201 202
11  1 : 11
12  3 : 12 54 79
13  2 : 13 77
14  1 : 14
15  3 : 15 30 37
16  2 : 16 97
17  1 : 17
18  6 : 18 29 34 43 82 93
19  4 : 19 51 55 141
20  1 : 20
21  23 : 21 44 47 57 65 67 115 130 138 139 143 144 146 148 153 158 162 163 164 173 183 188 195
22  1 : 22
23  1 : 23
24  7 : 24 90 108 179 185 186 194
25  1 : 25
26  1 : 26
27  9 : 27 32 33 38 41 45 53 63 66
28  1 : 28
31  2 : 31 50
35  1 : 35
102  1 : 102
119  1 : 119
% end

% frame 94
% time 9.5
% start   9.5
% cluster-index, number-of-fibers : name-of-fibers
1  3 : 1 40 105
2  1 : 2
3  1 : 3
4  1 : 4
5  1 : 5
6  4 : 6 36 39 78
7  1 : 7
8  3 : 8 46 49
9  1 : 9
10  113 : 10 42 48 52 56 58 59 60 61 62 64 68 69 70 71 72 73 74 75 76 80 81 83 84 85 86 87 88 89 91 92 94 95 96 98 99 100 101 103 104 106 107 109 110 111 112 113 114 116 117 118 120 121 122 123 124 125 126 127 128 129 131 132 133 134 135 136 137 140 142 145 147 149 150 151 152 154 155 156 157 159 160 161 165 166 167 168 169 170 171 172 174 175 176 177 178 180 181 182 184 187 189 190 191 192 193 196 197 198 199 200 201 202
11  1 : 11
12  3 : 12 54 79
13  2 : 13 77
14  1 : 14
15  3 : 15 30 37
16  2 : 16 97
17  1 : 17
18  6 : 18 29 34 43 82 93
19  4 : 19 51 55 141
20  1 : 20
21  23 : 21 44 47 57 65 67 115 130 138 139 143 144 146 148 153 158 162 163 164 173 183 188 195
22  1 : 22
23  1 : 23
24  7 : 24 90 108 179 185 186 194
25  1 : 25
26  1 : 26
27  9 : 27 32 33 38 41 45 53 63 66
28  1 : 28
31  2 : 31 50
35  1 : 35
102  1 : 102
119  1 : 119
% end

% frame 95
% time 9.6
% start   9.6
% cluster-index, number-of-fibers : name-of-fibers
1  3 : 1 40 105
2  1 : 2
3  1 : 3
4  1 : 4
5  1 : 5
6  4 : 6 36 39 78
7  1 : 7
8  3 : 8 46 49
9  1 : 9
10  113 : 10 42 48 52 56 58 59 60 61 62 64 68 69 70 71 72 73 74 75 76 80 81 83 84 85 86 87 88 89 91 92 94 95 96 98 99 100 101 103 104 106 107 109 110 111 112 113 114 116 117 118 120 121 122 123 124 125 126 127 128 129 131 132 133 134 135 136 137 140 142 145 147 149 150 151 152 154 155 156 157 159 160 161 165 166 167 168 169 170 171 172 174 175 176 177 178 180 181 182 184 187 189 190 191 192 193 196 197 198 199 200 201 202
11  1 : 11
12  3 : 12 54 79
13  2 : 13 77
14  1 : 14
15  3 : 15 30 37
16  2 : 16 97
17  1 : 17
18  6 : 18 29 34 43 82 93
19  4 : 19 51 55 141
20  1 : 20
21  23 : 21 44 47 57 65 67 115 130 138 139 143 144 146 148 153 158 162 163 164 173 183 188 195
22  1 : 22
23  1 : 23
24  7 : 24 90 108 179 185 186 194
25  1 : 25
26  1 : 26
27  9 : 27 32 33 38 41 45 53 63 66
28  1 : 28
31  2 : 31 50
35  1 : 35
102  1 : 102
119  1 : 119
% end

% frame 96
% time 9.7
% start   9.7
% cluster-index, number-of-fibers : name-of-fibers
1  3 : 1 40 105
2  1 : 2
3  1 : 3
4  1 : 4
5  1 : 5
6  4 : 6 36 39 78
7  1 : 7
8  3 : 8 46 49
9  1 : 9
10  113 : 10 42 48 52 56 58 59 60 61 62 64 68 69 70 71 72 73 74 75 76 80 81 83 84 85 86 87 88 89 91 92 94 95 96 98 99 100 101 103 104 106 107 109 110 111 112 113 114 116 117 118 120 121 122 123 124 125 126 127 128 129 131 132 133 134 135 136 137 140 142 145 147 149 150 151 152 154 155 156 157 159 160 161 165 166 167 168 169 170 171 172 174 175 176 177 178 180 181 182 184 187 189 190 191 192 193 196 197 198 199 200 201 202
11  1 : 11
12  3 : 12 54 79
13  2 : 13 77
14  1 : 14
15  3 : 15 30 37
16  2 : 16 97
17  1 : 17
18  6 : 18 29 34 43 82 93
19  4 : 19 51 55 141
20  1 : 20
21  23 : 21 44 47 57 65 67 115 130 138 139 143 144 146 148 153 158 162 163 164 173 183 188 195
22  1 : 22
23  1 : 23
24  7 : 24 90 108 179 185 186 194
25  1 : 25
26  1 : 26
27  9 : 27 32 33 38 41 45 53 63 66
28  1 : 28
31  2 : 31 50
35  1 : 35
102  1 : 102
119  1 : 119
% end

% frame 97
% time 9.8
% start   9.8
% cluster-index, number-of-fibers : name-of-fibers
1  3 : 1 40 105
2  1 : 2
3  1 : 3
4  1 : 4
5  1 : 5
6  4 : 6 36 39 78
7  1 : 7
8  3 : 8 46 49
9  1 : 9
10  113 : 10 42 48 52 56 58 59 60 61 62 64 68 69 70 71 72 73 74 75 76 80 81 83 84 85 86 87 88 89 91 92 94 95 96 98 99 100 101 103 104 106 107 109 110 111 112 113 114 116 117 118 120 121 122 123 124 125 126 127 128 129 131 132 133 134 135 136 137 140 142 145 147 149 150 151 152 154 155 156 157 159 160 161 165 166 167 168 169 170 171 172 174 175 176 177 178 180 181 182 184 187 189 190 191 192 193 196 197 198 199 200 201 202
11  1 : 11
12  3 : 12 54 79
13  2 : 13 77
14  1 : 14
15  3 : 15 30 37
16  2 : 16 97
17  1 : 17
18  6 : 18 29 34 43 82 93
19  4 : 19 51 55 141
20  1 : 20
21  23 : 21 44 47 57 65 67 115 130 138 139 143 144 146 148 153 158 162 163 164 173 183 188 195
22  1 : 22
23  1 : 23
24  7 : 24 90 108 179 185 186 194
25  1 : 25
26  1 : 26
27  9 : 27 32 33 38 41 45 53 63 66
28  1 : 28
31  2 : 31 50
35  1 : 35
102  1 : 102
119  1 : 119
% end

% frame 98
% time 9.9
% start   9.9
% cluster-index, number-of-fibers : name-of-fibers
1  3 : 1 40 105
2  1 : 2
3  1 : 3
4  1 : 4
5  1 : 5
6  4 : 6 36 39 78
7  1 : 7
8  3 : 8 46 49
9  1 : 9
10  113 : 10 42 48 52 56 58 59 60 61 62 64 68 69 70 71 72 73 74 75 76 80 81 83 84 85 86 87 88 89 91 92 94 95 96 98 99 100 101 103 104 106 107 109 110 111 112 113 114 116 117 118 120 121 122 123 124 125 126 127 128 129 131 132 133 134 135 136 137 140 142 145 147 149 150 151 152 154 155 156 157 159 160 161 165 166 167 168 169 170 171 172 174 175 176 177 178 180 181 182 184 187 189 190 191 192 193 196 197 198 199 200 201 202
11  1 : 11
12  3 : 12 54 79
13  2 : 13 77
14  1 : 14
15  3 : 15 30 37
16  2 : 16 97
17  1 : 17
18  6 : 18 29 34 43 82 93
19  4 : 19 51 55 141
20  1 : 20
21  23 : 21 44 47 57 65 67 115 130 138 139 143 144 146 148 153 158 162 163 164 173 183 188 195
22  1 : 22
23  1 : 23
24  7 : 24 90 108 179 185 186 194
25  1 : 25
26  1 : 26
27  9 : 27 32 33 38 41 45 53 63 66
28  1 : 28
31  2 : 31 50
35  1 : 35
102  1 : 102
119  1 : 119
% end

% frame 99
% time 10
% start   10
% cluster-index, number-of-fibers : name-of-fibers
1  3 : 1 40 105
2  1 : 2
3  1 : 3
4  1 : 4
5  1 : 5
6  4 : 6 36 39 78
7  1 : 7
8  3 : 8 46 49
9  1 : 9
10  113 : 10 42 48 52 56 58 59 60 61 62 64 68 69 70 71 72 73 74 75 76 80 81 83 84 85 86 87 88 89 91 92 94 95 96 98 99 100 101 103 104 106 107 109 110 111 112 113 114 116 117 118 120 121 122 123 124 125 126 127 128 129 131 132 133 134 135 136 137 140 142 145 147 149 150 151 152 154 155 156 157 159 160 161 165 166 167 168 169 170 171 172 174 175 176 177 178 180 181 182 184 187 189 190 191 192 193 196 197 198 199 200 201 202
11  1 : 11
12  3 : 12 54 79
13  2 : 13 77
14  1 : 14
15  3 : 15 30 37
16  2 : 16 97
17  1 : 17
18  6 : 18 29 34 43 82 93
19  4 : 19 51 55 141
20  1 : 20
21  23 : 21 44 47 57 65 67 115 130 138 139 143 144 146 148 153 158 162 163 164 173 183 188 195
22  1 : 22
23  1 : 23
24  8 : 24 90 108 179 185 186 194 203
25  1 : 25
26  1 : 26
27  9 : 27 32 33 38 41 45 53 63 66
28  1 : 28
31  2 : 31 50
35  1 : 35
102  1 : 102
119  1 : 119
% end

% frame 100
% time 10.1
% start   10.1
% cluster-index, number-of-fibers : name-of-fibers
1  3 : 1 40 105
2  1 : 2
3  1 : 3
4  1 : 4
5  1 : 5
6  4 : 6 36 39 78
7  1 : 7
8  3 : 8 46 49
9  1 : 9
10  114 : 10 42 48 52 56 58 59 60 61 62 64 68 69 70 71 72 73 74 75 76 80 81 83 84 85 86 87 88 89 91 92 94 95 96 98 99 100 101 103 104 106 107 109 110 111 112 113 114 116 117 118 120 121 122 123 124 125 126 127 128 129 131 132 133 134 135 136 137 140 142 145 147 149 150 151 152 154 155 156 157 159 160 161 165 166 167 168 169 170 171 172 174 175 176 177 178 180 181 182 184 187 189 190 191 192 193 196 197 198 199 200 201 202 204
11  1 : 11
12  3 : 12 54 79
13  2 : 13 77
14  1 : 14
15  3 : 15 30 37
16  2 : 16 97
17  1 : 17
18  6 : 18 29 34 43 82 93
19  4 : 19 51 55 141
20  1 : 20
21  23 : 21 44 47 57 65 67 115 130 138 139 143 144 146 148 153 158 162 163 164 173 183 188 195
22  1 : 22
23  1 : 23
24  8 : 24 90 108 179 185 186 194 203
25  1 : 25
26  1 : 26
27  9 : 27 32 33 38 41 45 53 63 66
28  1 : 28
31  2 : 31 50
35  1 : 35
102  1 : 102
119  1 : 119
% end

% frame 101
% time 10.2
% start   10.2
% cluster-index, number-of-fibers : name-of-fibers
1  3 : 1 40 105
2  1 : 2
3  1 : 3
4  1 : 4
5  1 : 5
6  4 : 6 36 39 78
7  1 : 7
8  3 : 8 46 49
9  1 : 9
10  114 : 10 42 48 52 56 58 59 60 61 62 64 68 69 70 71 72 73 74 75 76 80 81 83 84 85 86 87 88 89 91 92 94 95 96 98 99 100 101 103 104 106 107 109 110 111 112 113 114 116 117 118 120 121 122 123 124 125 126 127 128 129 131 132 133 134 135 136 137 140 142 145 147 149 150 151 152 154 155 156 157 159 160 161 165 166 167 168 169 170 171 172 174 175 176 177 178 180 181 182 184 187 189 190 191 192 193 196 197 198 199 200 201 202 204
11  1 : 11
12  3 : 12 54 79
13  2 : 13 77
14  1 : 14
15  3 : 15 30 37
16  2 : 16 97
17  1 : 17
18  6 : 18 29 34 43 82 93
19  4 : 19 51 55 141
20  1 : 20
21  23 : 21 44 47 57 65 67 115 130 138 139 143 144 146 148 153 158 162 163 164 173 183 188 195
22  1 : 22
23  1 : 23
24  8 : 24 90 108 179 185 186 194 203
25  1 : 25
26  1 : 26
27  9 : 27 32 33 38 41 45 53 63 66
28  1 : 28
31  2 : 31 50
35  1 : 35
102  1 : 102
119  1 : 119
% end

% frame 102
% time 10.3
% start   10.3
% cluster-index, number-of-fibers : name-of-fibers
1  3 : 1 40 105
2  1 : 2
3  1 : 3
4  1 : 4
5  1 : 5
6  4 : 6 36 39 78
7  1 : 7
8  3 : 8 46 49
9  1 : 9
10  114 : 10 42 48 52 56 58 59 60 61 62 64 68 69 70 71 72 73 74 75 76 80 81 83 84 85 86 87 88 89 91 92 94 95 96 98 99 100 101 103 104 106 107 109 110 111 112 113 114 116 117 118 120 121 122 123 124 125 126 127 128 129 131 132 133 134 135 136 137 140 142 145 147 149 150 151 152 154 155 156 157 159 160 161 165 166 167 168 169 170 171 172 174 175 176 177 178 180 181 182 184 187 189 190 191 192 193 196 197 198 199 200 201 202 204
11  1 : 11
12  3 : 12 54 79
13  2 : 13 77
14  1 : 14
15  3 : 15 30 37
16  2 : 16 97
17  1 : 17
18  6 : 18 29 34 43 82 93
19  4 : 19 51 55 141
20  1 : 20
21  23 : 21 44 47 57 65 67 115 130 138 139 143 144 146 148 153 158 162 163 164 173 183 188 195
22  1 : 22
23  1 : 23
24  8 : 24 90 108 179 185 186 194 203
25  1 : 25
26  1 : 26
27  9 : 27 32 33 38 41 45 53 63 66
28  1 : 28
31  2 : 31 50
35  1 : 35
102  1 : 102
119  1 : 119
% end

% frame 103
% time 10.4
% start   10.4
% cluster-index, number-of-fibers : name-of-fibers
1  3 : 1 40 105
2  1 : 2
3  1 : 3
4  1 : 4
5  1 : 5
6  4 : 6 36 39 78
7  1 : 7
8  3 : 8 46 49
9  1 : 9
10  113 : 10 42 48 52 56 58 59 60 61 62 64 68 69 70 71 72 73 74 75 76 80 81 83 84 85 86 87 88 89 91 92 94 95 96 98 99 100 101 103 104 106 107 109 110 111 112 113 114 116 117 118 120 121 122 123 124 125 126 127 128 129 131 132 133 134 136 137 140 142 145 147 149 150 151 152 154 155 156 157 159 160 161 165 166 167 168 169 170 171 172 174 175 176 177 178 180 181 182 184 187 189 190 191 192 193 196 197 198 199 200 201 202 204
11  1 : 11
12  3 : 12 54 79
13  2 : 13 77
14  1 : 14
15  3 : 15 30 37
16  2 : 16 97
17  1 : 17
18  6 : 18 29 34 43 82 93
19  4 : 19 51 55 141
20  1 : 20
21  23 : 21 44 47 57 65 67 115 130 138 139 143 144 146 148 153 158 162 163 164 173 183 188 195
22  1 : 22
23  1 : 23
24  8 : 24 90 108 179 185 186 194 203
25  1 : 25
26  1 : 26
27  9 : 27 32 33 38 41 45 53 63 66
28  1 : 28
31  2 : 31 50
35  1 : 35
102  1 : 102
119  1 : 119
135  1 : 135
% end

% frame 104
% time 10.5
% start   10.5
% cluster-index, number-of-fibers : name-of-fibers
1  3 : 1 40 105
2  1 : 2
3  1 : 3
4  1 : 4
5  1 : 5
6  4 : 6 36 39 78
7  1 : 7
8  3 : 8 46 49
9  1 : 9
10  113 : 10 42 48 52 56 58 59 60 61 62 64 68 69 70 71 72 73 74 75 76 80 81 83 84 85 86 87 88 89 91 92 94 95 96 98 99 100 101 103 104 106 107 109 110 111 112 113 114 116 117 118 120 121 122 123 124 125 126 127 128 129 131 132 133 134 136 137 140 142 145 147 149 150 151 152 154 155 156 157 159 160 161 165 166 167 168 169 170 171 172 174 175 176 177 178 180 181 182 184 187 189 190 191 192 193 196 197 198 199 200 201 202 204
11  1 : 11
12  3 : 12 54 79
13  2 : 13 77
14  1 : 14
15  3 : 15 30 37
16  2 : 16 97
17  1 : 17
18  6 : 18 29 34 43 82 93
19  4 : 19 51 55 141
20  1 : 20
21  23 : 21 44 47 57 65 67 115 130 138 139 143 144 146 148 153 158 162 163 164 173 183 188 195
22  1 : 22
23  1 : 23
24  8 : 24 90 108 179 185 186 194 203
25  1 : 25
26  1 : 26
27  9 : 27 32 33 38 41 45 53 63 66
28  1 : 28
31  2 : 31 50
35  1 : 35
102  1 : 102
119  1 : 119
135  1 : 135
% end

% frame 105
% time 10.6
% start   10.6
% cluster-index, number-of-fibers : name-of-fibers
1  3 : 1 40 105
2  1 : 2
3  1 : 3
4  1 : 4
5  1 : 5
6  4 : 6 36 39 78
7  1 : 7
8  3 : 8 46 49
9  1 : 9
10  112 : 10 42 48 52 56 58 59 60 61 62 64 68 69 70 71 72 73 74 75 76 80 81 83 84 85 86 87 88 89 91 92 94 95 96 98 99 100 101 103 104 107 109 110 111 112 113 114 116 117 118 120 121 122 123 124 125 126 127 128 129 131 132 133 134 136 137 140 142 145 147 149 150 151 152 154 155 156 157 159 160 161 165 166 167 168 169 170 171 172 174 175 176 177 178 180 181 182 184 187 189 190 191 192 193 196 197 198 199 200 201 202 204
11  1 : 11
12  3 : 12 54 79
13  2 : 13 77
14  1 : 14
15  3 : 15 30 37
16  2 : 16 97
17  1 : 17
18  6 : 18 29 34 43 82 93
19  4 : 19 51 55 141
20  1 : 20
21  23 : 21 44 47 57 65 67 115 130 138 139 143 144 146 148 153 158 162 163 164 173 183 188 195
22  1 : 22
23  1 : 23
24  8 : 24 90 108 179 185 186 194 203
25  1 : 25
26  1 : 26
27  9 : 27 32 33 38 41 45 53 63 66
28  1 : 28
31  2 : 31 50
35  1 : 35
102  1 : 102
106  1 : 106
119  1 : 119
135  1 : 135
% end

% frame 106
% time 10.7
% start   10.7
% cluster-index, number-of-fibers : name-of-fibers
1  3 : 1 40 105
2  1 : 2
3  1 : 3
4  1 : 4
5  1 : 5
6  4 : 6 36 39 78
7  1 : 7
8  3 : 8 46 49
9  1 : 9
10  112 : 10 42 48 52 56 58 59 60 61 62 64 68 69 70 71 72 73 74 75 76 80 81 83 84 85 86 87 88 89 91 92 94 95 96 98 99 100 101 103 104 107 109 110 111 112 113 114 116 117 118 120 121 122 123 124 125 126 127 128 129 131 132 133 134 136 137 140 142 145 147 149 150 151 152 154 155 156 157 159 160 161 165 166 167 168 169 170 171 172 174 175 176 177 178 180 181 182 184 187 189 190 191 192 193 196 197 198 199 200 201 202 204
11  1 : 11
12  3 : 12 54 79
13  2 : 13 77
14  1 : 14
15  3 : 15 30 37
16  2 : 16 97
17  1 : 17
18  6 : 18 29 34 43 82 93
19  4 : 19 51 55 141
20  1 : 20
21  23 : 21 44 47 57 65 67 115 130 138 139 143 144 146 148 153 158 162 163 164 173 183 188 195
22  1 : 22
23  1 : 23
24  8 : 24 90 108 179 185 186 194 203
25  1 : 25
26  1 : 26
27  9 : 27 32 33 38 41 45 53 63 66
28  1 : 28
31  2 : 31 50
35  1 : 35
102  1 : 102
106  1 : 106
119  1 : 119
135  1 : 135
% end

% frame 107
% time 10.8
% start   10.8
% cluster-index, number-of-fibers : name-of-fibers
1  3 : 1 40 105
2  1 : 2
3  1 : 3
4  1 : 4
5  1 : 5
6  4 : 6 36 39 78
7  1 : 7
8  3 : 8 46 49
9  1 : 9
10  112 : 10 42 48 52 56 58 59 60 61 62 64 68 69 70 71 72 73 74 75 76 80 81 83 84 85 86 87 88 89 91 92 94 95 96 98 99 100 101 103 104 107 109 110 111 112 113 114 116 117 118 120 121 122 123 124 125 126 127 128 129 131 132 133 134 136 137 140 142 145 147 149 150 151 152 154 155 156 157 159 160 161 165 166 167 168 169 170 171 172 174 175 176 177 178 180 181 182 184 187 189 190 191 192 193 196 197 198 199 200 201 202 204
11  1 : 11
12  3 : 12 54 79
13  2 : 13 77
14  1 : 14
15  3 : 15 30 37
16  2 : 16 97
17  1 : 17
18  6 : 18 29 34 43 82 93
19  4 : 19 51 55 141
20  1 : 20
21  23 : 21 44 47 57 65 67 115 130 138 139 143 144 146 148 153 158 162 163 164 173 183 188 195
22  1 : 22
23  1 : 23
24  8 : 24 90 108 179 185 186 194 203
25  1 : 25
26  1 : 26
27  9 : 27 32 33 38 41 45 53 63 66
28  1 : 28
31  2 : 31 50
35  1 : 35
102  1 : 102
106  1 : 106
119  1 : 119
135  1 : 135
% end

% frame 108
% time 10.9
% start   10.9
% cluster-index, number-of-fibers : name-of-fibers
1  3 : 1 40 105
2  1 : 2
3  1 : 3
4  1 : 4
5  1 : 5
6  4 : 6 36 39 78
7  1 : 7
8  3 : 8 46 49
9  1 : 9
10  112 : 10 42 48 52 56 58 59 60 61 62 64 68 69 70 71 72 73 74 75 76 80 81 83 84 85 86 87 88 89 91 92 94 95 96 98 99 100 101 103 104 107 109 110 111 112 113 114 116 117 118 120 121 122 123 124 125 126 127 128 129 131 132 133 134 136 137 140 142 145 147 149 150 151 152 154 155 156 157 159 160 161 165 166 167 168 169 170 171 172 174 175 176 177 178 180 181 182 184 187 189 190 191 192 193 196 197 198 199 200 201 202 204
11  1 : 11
12  3 : 12 54 79
13  2 : 13 77
14  1 : 14
15  3 : 15 30 37
16  2 : 16 97
17  1 : 17
18  6 : 18 29 34 43 82 93
19  4 : 19 51 55 141
20  1 : 20
21  23 : 21 44 47 57 65 67 115 130 138 139 143 144 146 148 153 158 162 163 164 173 183 188 195
22  1 : 22
23  1 : 23
24  9 : 24 90 108 179 185 186 194 203 205
25  1 : 25
26  1 : 26
27  9 : 27 32 33 38 41 45 53 63 66
28  1 : 28
31  2 : 31 50
35  1 : 35
102  1 : 102
106  1 : 106
119  1 : 119
135  1 : 135
% end

