% frame 0
% time 0.1
% start   0.1
% cluster-index, number-of-fibers : name-of-fibers
1  1 : 1
2  1 : 2
3  1 : 3
4  1 : 4
5  1 : 5
6  1 : 6
7  1 : 7
8  1 : 8
9  1 : 9
10  1 : 10
11  1 : 11
12  1 : 12
13  1 : 13
14  1 : 14
15  1 : 15
16  1 : 16
% end

% frame 1
% time 0.2
% start   0.2
% cluster-index, number-of-fibers : name-of-fibers
1  1 : 1
2  1 : 2
3  1 : 3
4  1 : 4
5  1 : 5
6  1 : 6
7  1 : 7
8  1 : 8
9  2 : 9 26
10  1 : 10
11  1 : 11
12  1 : 12
13  1 : 13
14  1 : 14
15  1 : 15
16  1 : 16
17  1 : 17
18  1 : 18
19  1 : 19
20  1 : 20
21  1 : 21
22  1 : 22
23  1 : 23
24  1 : 24
25  1 : 25
% end

% frame 2
% time 0.3
% start   0.3
% cluster-index, number-of-fibers : name-of-fibers
1  1 : 1
2  1 : 2
3  1 : 3
4  1 : 4
5  1 : 5
6  1 : 6
7  1 : 7
8  1 : 8
9  2 : 9 26
10  1 : 10
11  1 : 11
12  1 : 12
13  2 : 13 29
14  1 : 14
15  1 : 15
16  1 : 16
17  1 : 17
18  1 : 18
19  1 : 19
20  1 : 20
21  1 : 21
22  1 : 22
23  1 : 23
24  1 : 24
25  1 : 25
27  1 : 27
28  1 : 28
% end

% frame 3
% time 0.4
% start   0.4
% cluster-index, number-of-fibers : name-of-fibers
1  1 : 1
2  1 : 2
3  1 : 3
4  1 : 4
5  1 : 5
6  1 : 6
7  1 : 7
8  1 : 8
9  2 : 9 26
10  1 : 10
11  1 : 11
12  1 : 12
13  2 : 13 29
14  1 : 14
15  1 : 15
16  1 : 16
17  1 : 17
18  1 : 18
19  1 : 19
20  1 : 20
21  1 : 21
22  1 : 22
23  1 : 23
24  1 : 24
25  1 : 25
27  1 : 27
28  1 : 28
30  1 : 30
31  1 : 31
32  1 : 32
% end

% frame 4
% time 0.5
% start   0.5
% cluster-index, number-of-fibers : name-of-fibers
1  1 : 1
2  1 : 2
3  1 : 3
4  1 : 4
5  1 : 5
6  1 : 6
7  1 : 7
8  1 : 8
9  2 : 9 26
10  1 : 10
11  1 : 11
12  1 : 12
13  2 : 13 29
14  1 : 14
15  1 : 15
16  1 : 16
17  1 : 17
18  1 : 18
19  1 : 19
20  2 : 20 33
21  1 : 21
22  1 : 22
23  1 : 23
24  1 : 24
25  1 : 25
27  1 : 27
28  1 : 28
30  1 : 30
31  1 : 31
32  1 : 32
% end

% frame 5
% time 0.6
% start   0.6
% cluster-index, number-of-fibers : name-of-fibers
1  1 : 1
2  1 : 2
3  1 : 3
4  1 : 4
5  2 : 5 34
6  1 : 6
7  1 : 7
8  1 : 8
9  2 : 9 26
10  1 : 10
11  1 : 11
12  1 : 12
13  2 : 13 29
14  1 : 14
15  1 : 15
16  1 : 16
17  1 : 17
18  1 : 18
19  1 : 19
20  2 : 20 33
21  1 : 21
22  1 : 22
23  1 : 23
24  1 : 24
25  1 : 25
27  1 : 27
28  1 : 28
30  1 : 30
31  1 : 31
32  1 : 32
% end

% frame 6
% time 0.7
% start   0.7
% cluster-index, number-of-fibers : name-of-fibers
1  2 : 1 35
2  1 : 2
3  1 : 3
4  1 : 4
5  2 : 5 34
6  1 : 6
7  1 : 7
8  1 : 8
9  2 : 9 26
10  1 : 10
11  1 : 11
12  1 : 12
13  2 : 13 29
14  1 : 14
15  1 : 15
16  1 : 16
17  1 : 17
18  1 : 18
19  1 : 19
20  2 : 20 33
21  1 : 21
22  1 : 22
23  1 : 23
24  1 : 24
25  1 : 25
27  1 : 27
28  1 : 28
30  1 : 30
31  1 : 31
32  1 : 32
% end

% frame 7
% time 0.8
% start   0.8
% cluster-index, number-of-fibers : name-of-fibers
1  2 : 1 35
2  1 : 2
3  1 : 3
4  1 : 4
5  2 : 5 34
6  1 : 6
7  1 : 7
8  1 : 8
9  2 : 9 26
10  1 : 10
11  1 : 11
12  1 : 12
13  2 : 13 29
14  1 : 14
15  1 : 15
16  1 : 16
17  1 : 17
18  1 : 18
19  1 : 19
20  3 : 20 33 37
21  1 : 21
22  1 : 22
23  1 : 23
24  1 : 24
25  1 : 25
27  1 : 27
28  1 : 28
30  1 : 30
31  1 : 31
32  2 : 32 36
% end

% frame 8
% time 0.9
% start   0.9
% cluster-index, number-of-fibers : name-of-fibers
1  3 : 1 35 40
2  1 : 2
3  1 : 3
4  1 : 4
5  2 : 5 34
6  1 : 6
7  1 : 7
8  1 : 8
9  2 : 9 26
10  2 : 10 38
11  1 : 11
12  1 : 12
13  2 : 13 29
14  1 : 14
15  1 : 15
16  1 : 16
17  1 : 17
18  1 : 18
19  1 : 19
20  4 : 20 33 37 39
21  1 : 21
22  1 : 22
23  1 : 23
24  1 : 24
25  1 : 25
27  1 : 27
28  1 : 28
30  1 : 30
31  1 : 31
32  2 : 32 36
% end

% frame 9
% time 1
% start   1
% cluster-index, number-of-fibers : name-of-fibers
1  5 : 1 35 40 42 45
2  2 : 2 43
3  1 : 3
4  1 : 4
5  2 : 5 34
6  1 : 6
7  1 : 7
8  1 : 8
9  2 : 9 26
10  2 : 10 38
11  1 : 11
12  1 : 12
13  3 : 13 29 47
14  1 : 14
15  1 : 15
16  1 : 16
17  1 : 17
18  1 : 18
19  1 : 19
20  5 : 20 33 37 39 44
21  1 : 21
22  1 : 22
23  1 : 23
24  1 : 24
25  1 : 25
27  3 : 27 41 48
28  1 : 28
30  1 : 30
31  1 : 31
32  2 : 32 36
% end

% frame 10
% time 1.1
% start   1.1
% cluster-index, number-of-fibers : name-of-fibers
1  6 : 1 35 40 42 45 51
2  2 : 2 43
3  1 : 3
4  1 : 4
5  2 : 5 34
6  1 : 6
7  1 : 7
8  1 : 8
9  2 : 9 26
10  2 : 10 38
11  1 : 11
12  1 : 12
13  3 : 13 29 47
14  1 : 14
15  1 : 15
16  1 : 16
17  1 : 17
18  2 : 18 49
19  1 : 19
20  6 : 20 33 37 39 44 50
21  1 : 21
22  1 : 22
23  1 : 23
24  1 : 24
25  1 : 25
27  3 : 27 41 48
28  1 : 28
30  1 : 30
31  1 : 31
32  2 : 32 36
% end

% frame 11
% time 1.2
% start   1.2
% cluster-index, number-of-fibers : name-of-fibers
1  6 : 1 35 40 42 45 51
2  2 : 2 43
3  1 : 3
4  1 : 4
5  2 : 5 34
6  1 : 6
7  1 : 7
8  1 : 8
9  2 : 9 26
10  2 : 10 38
11  1 : 11
12  2 : 12 55
13  3 : 13 29 47
14  1 : 14
15  1 : 15
16  1 : 16
17  1 : 17
18  2 : 18 49
19  1 : 19
20  6 : 20 33 37 39 44 50
21  1 : 21
22  1 : 22
23  1 : 23
24  2 : 24 53
25  1 : 25
27  3 : 27 41 48
28  1 : 28
30  1 : 30
31  1 : 31
32  4 : 32 36 52 54
% end

% frame 12
% time 1.3
% start   1.3
% cluster-index, number-of-fibers : name-of-fibers
1  6 : 1 35 40 42 45 51
2  3 : 2 43 58
3  1 : 3
4  1 : 4
5  2 : 5 34
6  1 : 6
7  1 : 7
8  1 : 8
9  2 : 9 26
10  2 : 10 38
11  1 : 11
12  3 : 12 55 56
13  3 : 13 29 47
14  1 : 14
15  1 : 15
16  1 : 16
17  1 : 17
18  2 : 18 49
19  1 : 19
20  8 : 20 33 37 39 44 50 57 59
21  1 : 21
22  1 : 22
23  1 : 23
24  2 : 24 53
25  1 : 25
27  3 : 27 41 48
28  1 : 28
30  1 : 30
31  1 : 31
32  5 : 32 36 52 54 60
% end

% frame 13
% time 1.4
% start   1.4
% cluster-index, number-of-fibers : name-of-fibers
1  7 : 1 35 40 42 45 51 61
2  3 : 2 43 58
3  1 : 3
4  1 : 4
5  2 : 5 34
6  1 : 6
7  1 : 7
8  1 : 8
9  2 : 9 26
10  2 : 10 38
11  1 : 11
12  3 : 12 55 56
13  3 : 13 29 47
14  1 : 14
15  1 : 15
16  1 : 16
17  1 : 17
18  2 : 18 49
19  1 : 19
20  8 : 20 33 37 39 44 50 57 59
21  1 : 21
22  1 : 22
23  1 : 23
24  2 : 24 53
25  1 : 25
27  3 : 27 41 48
28  1 : 28
30  1 : 30
31  1 : 31
32  6 : 32 36 52 54 60 62
% end

% frame 14
% time 1.5
% start   1.5
% cluster-index, number-of-fibers : name-of-fibers
1  7 : 1 35 40 42 45 51 61
2  4 : 2 43 58 63
3  1 : 3
4  1 : 4
5  2 : 5 34
6  1 : 6
7  1 : 7
8  1 : 8
9  2 : 9 26
10  2 : 10 38
11  1 : 11
12  4 : 12 55 56 65
13  3 : 13 29 47
14  1 : 14
15  1 : 15
16  1 : 16
17  1 : 17
18  2 : 18 49
19  1 : 19
20  8 : 20 33 37 39 44 50 57 59
21  1 : 21
22  1 : 22
23  1 : 23
24  2 : 24 53
25  1 : 25
27  4 : 27 41 48 64
28  1 : 28
30  1 : 30
31  1 : 31
32  6 : 32 36 52 54 60 62
% end

% frame 15
% time 1.6
% start   1.6
% cluster-index, number-of-fibers : name-of-fibers
1  9 : 1 35 40 42 45 51 61 66 68
2  5 : 2 43 58 63 69
3  1 : 3
4  1 : 4
5  2 : 5 34
6  1 : 6
7  1 : 7
8  1 : 8
9  2 : 9 26
10  2 : 10 38
11  1 : 11
12  4 : 12 55 56 65
13  3 : 13 29 47
14  1 : 14
15  1 : 15
16  1 : 16
17  1 : 17
18  2 : 18 49
19  1 : 19
20  11 : 20 33 37 39 44 50 57 59 70 72 73
21  1 : 21
22  1 : 22
23  1 : 23
24  2 : 24 53
25  1 : 25
27  6 : 27 41 48 64 67 71
28  1 : 28
30  1 : 30
31  1 : 31
32  6 : 32 36 52 54 60 62
% end

% frame 16
% time 1.7
% start   1.7
% cluster-index, number-of-fibers : name-of-fibers
1  9 : 1 35 40 42 45 51 61 66 68
2  5 : 2 43 58 63 69
3  1 : 3
4  1 : 4
5  2 : 5 34
6  1 : 6
7  1 : 7
8  1 : 8
9  2 : 9 26
10  2 : 10 38
11  1 : 11
12  5 : 12 55 56 65 74
13  3 : 13 29 47
14  1 : 14
15  1 : 15
16  1 : 16
17  1 : 17
18  2 : 18 49
19  1 : 19
20  12 : 20 33 37 39 44 50 57 59 70 72 73 75
21  1 : 21
22  1 : 22
23  1 : 23
24  2 : 24 53
25  1 : 25
27  7 : 27 41 48 64 67 71 76
28  1 : 28
30  1 : 30
31  1 : 31
32  7 : 32 36 52 54 60 62 77
% end

% frame 17
% time 1.8
% start   1.8
% cluster-index, number-of-fibers : name-of-fibers
1  10 : 1 35 40 42 45 51 61 66 68 78
2  5 : 2 43 58 63 69
3  1 : 3
4  1 : 4
5  2 : 5 34
6  1 : 6
7  1 : 7
8  1 : 8
9  2 : 9 26
10  2 : 10 38
11  1 : 11
12  5 : 12 55 56 65 74
13  3 : 13 29 47
14  1 : 14
15  1 : 15
16  1 : 16
17  1 : 17
18  2 : 18 49
19  1 : 19
20  12 : 20 33 37 39 44 50 57 59 70 72 73 75
21  1 : 21
22  1 : 22
23  1 : 23
24  2 : 24 53
25  1 : 25
27  7 : 27 41 48 64 67 71 76
28  1 : 28
30  1 : 30
31  1 : 31
32  7 : 32 36 52 54 60 62 77
% end

% frame 18
% time 1.9
% start   1.9
% cluster-index, number-of-fibers : name-of-fibers
1  10 : 1 35 40 42 45 51 61 66 68 78
2  5 : 2 43 58 63 69
3  1 : 3
4  1 : 4
5  2 : 5 34
6  1 : 6
7  1 : 7
8  1 : 8
9  2 : 9 26
10  2 : 10 38
11  1 : 11
12  5 : 12 55 56 65 74
13  3 : 13 29 47
14  1 : 14
15  1 : 15
16  1 : 16
17  1 : 17
18  3 : 18 49 80
19  1 : 19
20  12 : 20 33 37 39 44 50 57 59 70 72 73 75
21  2 : 21 79
22  1 : 22
23  1 : 23
24  2 : 24 53
25  1 : 25
27  7 : 27 41 48 64 67 71 76
28  1 : 28
30  1 : 30
31  1 : 31
32  8 : 32 36 52 54 60 62 77 81
% end

% frame 19
% time 2
% start   2
% cluster-index, number-of-fibers : name-of-fibers
1  10 : 1 35 40 42 45 51 61 66 68 78
2  5 : 2 43 58 63 69
3  1 : 3
4  1 : 4
5  2 : 5 34
6  1 : 6
7  1 : 7
8  1 : 8
9  2 : 9 26
10  2 : 10 38
11  1 : 11
12  6 : 12 55 56 65 74 82
13  3 : 13 29 47
14  1 : 14
15  1 : 15
16  1 : 16
17  1 : 17
18  3 : 18 49 80
19  1 : 19
20  12 : 20 33 37 39 44 50 57 59 70 72 73 75
21  2 : 21 79
22  1 : 22
23  1 : 23
24  2 : 24 53
25  1 : 25
27  8 : 27 41 48 64 67 71 76 83
28  1 : 28
30  1 : 30
31  1 : 31
32  8 : 32 36 52 54 60 62 77 81
% end

% frame 20
% time 2.1
% start   2.1
% cluster-index, number-of-fibers : name-of-fibers
1  10 : 1 35 40 42 45 51 61 66 68 78
2  5 : 2 43 58 63 69
3  1 : 3
4  1 : 4
5  2 : 5 34
6  1 : 6
7  1 : 7
8  1 : 8
9  2 : 9 26
10  2 : 10 38
11  1 : 11
12  6 : 12 55 56 65 74 82
13  3 : 13 29 47
14  1 : 14
15  1 : 15
16  1 : 16
17  1 : 17
18  3 : 18 49 80
19  1 : 19
20  12 : 20 33 37 39 44 50 57 59 70 72 73 75
21  2 : 21 79
22  1 : 22
23  1 : 23
24  2 : 24 53
25  1 : 25
27  10 : 27 41 48 64 67 71 76 83 84 85
28  1 : 28
30  1 : 30
31  1 : 31
32  8 : 32 36 52 54 60 62 77 81
% end

% frame 21
% time 2.2
% start   2.2
% cluster-index, number-of-fibers : name-of-fibers
1  11 : 1 35 40 42 45 51 61 66 68 78 86
2  5 : 2 43 58 63 69
3  1 : 3
4  1 : 4
5  2 : 5 34
6  1 : 6
7  1 : 7
8  1 : 8
9  2 : 9 26
10  2 : 10 38
11  1 : 11
12  6 : 12 55 56 65 74 82
13  3 : 13 29 47
14  1 : 14
15  1 : 15
16  1 : 16
17  1 : 17
18  3 : 18 49 80
19  1 : 19
20  12 : 20 33 37 39 44 50 57 59 70 72 73 75
21  2 : 21 79
22  1 : 22
23  1 : 23
24  2 : 24 53
25  1 : 25
27  10 : 27 41 48 64 67 71 76 83 84 85
28  1 : 28
30  1 : 30
31  1 : 31
32  8 : 32 36 52 54 60 62 77 81
% end

% frame 22
% time 2.3
% start   2.3
% cluster-index, number-of-fibers : name-of-fibers
1  12 : 1 35 40 42 45 51 61 66 68 78 86 88
2  5 : 2 43 58 63 69
3  1 : 3
4  1 : 4
5  2 : 5 34
6  1 : 6
7  1 : 7
8  1 : 8
9  2 : 9 26
10  2 : 10 38
11  1 : 11
12  6 : 12 55 56 65 74 82
13  3 : 13 29 47
14  1 : 14
15  1 : 15
16  1 : 16
17  1 : 17
18  3 : 18 49 80
19  1 : 19
20  12 : 20 33 37 39 44 50 57 59 70 72 73 75
21  2 : 21 79
22  1 : 22
23  1 : 23
24  2 : 24 53
25  1 : 25
27  11 : 27 41 48 64 67 71 76 83 84 85 87
28  1 : 28
30  1 : 30
31  1 : 31
32  8 : 32 36 52 54 60 62 77 81
% end

% frame 23
% time 2.4
% start   2.4
% cluster-index, number-of-fibers : name-of-fibers
1  12 : 1 35 40 42 45 51 61 66 68 78 86 88
2  5 : 2 43 58 63 69
3  1 : 3
4  1 : 4
5  2 : 5 34
6  1 : 6
7  1 : 7
8  1 : 8
9  2 : 9 26
10  2 : 10 38
11  1 : 11
12  7 : 12 55 56 65 74 82 91
13  3 : 13 29 47
14  1 : 14
15  1 : 15
16  1 : 16
17  1 : 17
18  3 : 18 49 80
19  1 : 19
20  12 : 20 33 37 39 44 50 57 59 70 72 73 75
21  2 : 21 79
22  1 : 22
23  1 : 23
24  2 : 24 53
25  1 : 25
27  13 : 27 41 48 64 67 71 76 83 84 85 87 89 90
28  1 : 28
30  1 : 30
31  1 : 31
32  8 : 32 36 52 54 60 62 77 81
% end

% frame 24
% time 2.5
% start   2.5
% cluster-index, number-of-fibers : name-of-fibers
1  12 : 1 35 40 42 45 51 61 66 68 78 86 88
2  5 : 2 43 58 63 69
3  1 : 3
4  1 : 4
5  2 : 5 34
6  1 : 6
7  1 : 7
8  1 : 8
9  2 : 9 26
10  2 : 10 38
11  1 : 11
12  7 : 12 55 56 65 74 82 91
13  3 : 13 29 47
14  1 : 14
15  1 : 15
16  1 : 16
17  1 : 17
18  3 : 18 49 80
19  1 : 19
20  12 : 20 33 37 39 44 50 57 59 70 72 73 75
21  2 : 21 79
22  1 : 22
23  1 : 23
24  2 : 24 53
25  1 : 25
27  17 : 27 41 48 64 67 71 76 83 84 85 87 89 90 92 93 94 95
28  1 : 28
30  1 : 30
31  1 : 31
32  8 : 32 36 52 54 60 62 77 81
% end

% frame 25
% time 2.6
% start   2.6
% cluster-index, number-of-fibers : name-of-fibers
1  12 : 1 35 40 42 45 51 61 66 68 78 86 88
2  6 : 2 43 58 63 69 97
3  1 : 3
4  1 : 4
5  2 : 5 34
6  1 : 6
7  1 : 7
8  1 : 8
9  2 : 9 26
10  2 : 10 38
11  1 : 11
12  7 : 12 55 56 65 74 82 91
13  3 : 13 29 47
14  1 : 14
15  1 : 15
16  1 : 16
17  1 : 17
18  3 : 18 49 80
19  1 : 19
20  13 : 20 33 37 39 44 50 57 59 70 72 73 75 96
21  2 : 21 79
22  1 : 22
23  1 : 23
24  2 : 24 53
25  1 : 25
27  18 : 27 41 48 64 67 71 76 83 84 85 87 89 90 92 93 94 95 98
28  1 : 28
30  1 : 30
31  1 : 31
32  8 : 32 36 52 54 60 62 77 81
% end

% frame 26
% time 2.7
% start   2.7
% cluster-index, number-of-fibers : name-of-fibers
1  14 : 1 35 40 42 45 51 61 66 68 78 86 88 101 102
2  6 : 2 43 58 63 69 97
3  1 : 3
4  1 : 4
5  2 : 5 34
6  1 : 6
7  1 : 7
8  1 : 8
9  2 : 9 26
10  2 : 10 38
11  1 : 11
12  7 : 12 55 56 65 74 82 91
13  3 : 13 29 47
14  1 : 14
15  1 : 15
16  1 : 16
17  1 : 17
18  3 : 18 49 80
19  1 : 19
20  14 : 20 33 37 39 44 50 57 59 70 72 73 75 96 99
21  2 : 21 79
22  1 : 22
23  1 : 23
24  2 : 24 53
25  1 : 25
27  19 : 27 41 48 64 67 71 76 83 84 85 87 89 90 92 93 94 95 98 100
28  1 : 28
30  1 : 30
31  1 : 31
32  8 : 32 36 52 54 60 62 77 81
% end

% frame 27
% time 2.8
% start   2.8
% cluster-index, number-of-fibers : name-of-fibers
1  15 : 1 35 40 42 45 51 61 66 68 78 86 88 101 102 105
2  6 : 2 43 58 63 69 97
3  1 : 3
4  1 : 4
5  2 : 5 34
6  1 : 6
7  1 : 7
8  1 : 8
9  2 : 9 26
10  2 : 10 38
11  1 : 11
12  7 : 12 55 56 65 74 82 91
13  3 : 13 29 47
14  1 : 14
15  1 : 15
16  1 : 16
17  1 : 17
18  3 : 18 49 80
19  1 : 19
20  14 : 20 33 37 39 44 50 57 59 70 72 73 75 96 99
21  2 : 21 79
22  1 : 22
23  1 : 23
24  2 : 24 53
25  1 : 25
27  21 : 27 41 48 64 67 71 76 83 84 85 87 89 90 92 93 94 95 98 100 103 104
28  1 : 28
30  1 : 30
31  1 : 31
32  7 : 32 36 52 60 62 77 81
54  1 : 54
% end

% frame 28
% time 2.9
% start   2.9
% cluster-index, number-of-fibers : name-of-fibers
1  15 : 1 35 40 42 45 51 61 66 68 78 86 88 101 102 105
2  6 : 2 43 58 63 69 97
3  1 : 3
4  1 : 4
5  2 : 5 34
6  1 : 6
7  1 : 7
8  1 : 8
9  2 : 9 26
10  2 : 10 38
11  1 : 11
12  7 : 12 55 56 65 74 82 91
13  3 : 13 29 47
14  1 : 14
15  1 : 15
16  1 : 16
17  1 : 17
18  3 : 18 49 80
19  1 : 19
20  14 : 20 33 37 39 44 50 57 59 70 72 73 75 96 99
21  2 : 21 79
22  1 : 22
23  1 : 23
24  2 : 24 53
25  1 : 25
27  21 : 27 41 48 64 67 71 76 83 84 85 87 89 90 92 93 94 95 98 100 103 104
28  1 : 28
30  1 : 30
31  1 : 31
32  7 : 32 36 52 60 62 77 81
54  1 : 54
% end

% frame 29
% time 3
% start   3
% cluster-index, number-of-fibers : name-of-fibers
1  15 : 1 35 40 42 45 51 61 66 68 78 86 88 101 102 105
2  6 : 2 43 58 63 69 97
3  1 : 3
4  1 : 4
5  2 : 5 34
6  1 : 6
7  1 : 7
8  1 : 8
9  2 : 9 26
10  2 : 10 38
11  1 : 11
12  7 : 12 55 56 65 74 82 91
13  3 : 13 29 47
14  1 : 14
15  1 : 15
16  1 : 16
17  1 : 17
18  3 : 18 49 80
19  1 : 19
20  14 : 20 33 37 39 44 50 57 59 70 72 73 75 96 99
21  2 : 21 79
22  1 : 22
23  1 : 23
24  2 : 24 53
25  1 : 25
27  24 : 27 41 48 64 67 71 76 83 84 85 87 89 90 92 93 94 95 98 100 103 104 106 107 108
28  1 : 28
30  1 : 30
31  1 : 31
32  7 : 32 36 52 60 62 77 81
54  1 : 54
% end

% frame 30
% time 3.1
% start   3.1
% cluster-index, number-of-fibers : name-of-fibers
1  16 : 1 35 40 42 45 51 61 66 68 78 86 88 101 102 105 109
2  6 : 2 43 58 63 69 97
3  1 : 3
4  1 : 4
5  2 : 5 34
6  1 : 6
7  1 : 7
8  1 : 8
9  2 : 9 26
10  2 : 10 38
11  1 : 11
12  7 : 12 55 56 65 74 82 91
13  3 : 13 29 47
14  1 : 14
15  1 : 15
16  1 : 16
17  1 : 17
18  3 : 18 49 80
19  1 : 19
20  14 : 20 33 37 39 44 50 57 59 70 72 73 75 96 99
21  2 : 21 79
22  1 : 22
23  1 : 23
24  2 : 24 53
25  1 : 25
27  26 : 27 41 48 64 67 71 76 83 84 85 87 89 90 92 93 94 95 98 100 103 104 106 107 108 110 111
28  1 : 28
30  1 : 30
31  1 : 31
32  7 : 32 36 52 60 62 77 81
54  1 : 54
% end

% frame 31
% time 3.2
% start   3.2
% cluster-index, number-of-fibers : name-of-fibers
1  16 : 1 35 40 42 45 51 61 66 68 78 86 88 101 102 105 109
2  6 : 2 43 58 63 69 97
3  1 : 3
4  1 : 4
5  2 : 5 34
6  1 : 6
7  1 : 7
8  1 : 8
9  2 : 9 26
10  2 : 10 38
11  1 : 11
12  7 : 12 55 56 65 74 82 91
13  3 : 13 29 47
14  1 : 14
15  1 : 15
16  1 : 16
17  1 : 17
18  3 : 18 49 80
19  1 : 19
20  14 : 20 33 37 39 44 50 57 59 70 72 73 75 96 99
21  2 : 21 79
22  1 : 22
23  1 : 23
24  2 : 24 53
25  1 : 25
27  28 : 27 41 48 64 67 71 76 83 84 85 87 89 90 92 93 94 95 98 100 103 104 106 107 108 110 111 112 113
28  1 : 28
30  1 : 30
31  1 : 31
32  7 : 32 36 52 60 62 77 81
54  1 : 54
% end

% frame 32
% time 3.3
% start   3.3
% cluster-index, number-of-fibers : name-of-fibers
1  16 : 1 35 40 42 45 51 61 66 68 78 86 88 101 102 105 109
2  6 : 2 43 58 63 69 97
3  1 : 3
4  1 : 4
5  2 : 5 34
6  1 : 6
7  1 : 7
8  1 : 8
9  2 : 9 26
10  2 : 10 38
11  1 : 11
12  7 : 12 55 56 65 74 82 91
13  3 : 13 29 47
14  1 : 14
15  1 : 15
16  1 : 16
17  1 : 17
18  3 : 18 49 80
19  1 : 19
20  14 : 20 33 37 39 44 50 57 59 70 72 73 75 96 99
21  2 : 21 79
22  1 : 22
23  1 : 23
24  2 : 24 53
25  1 : 25
27  31 : 27 41 48 64 67 71 76 83 84 85 87 89 90 92 93 94 95 98 100 103 104 106 107 108 110 111 112 113 114 115 116
28  1 : 28
30  1 : 30
31  1 : 31
32  7 : 32 36 52 60 62 77 81
54  1 : 54
% end

% frame 33
% time 3.4
% start   3.4
% cluster-index, number-of-fibers : name-of-fibers
1  18 : 1 35 40 42 45 51 61 66 68 78 86 88 101 102 105 109 118 122
2  8 : 2 43 58 63 69 97 117 123
3  1 : 3
4  1 : 4
5  2 : 5 34
6  1 : 6
7  1 : 7
8  1 : 8
9  2 : 9 26
10  2 : 10 38
11  1 : 11
12  7 : 12 55 56 65 74 82 91
13  3 : 13 29 47
14  1 : 14
15  1 : 15
16  1 : 16
17  1 : 17
18  3 : 18 49 80
19  1 : 19
20  14 : 20 33 37 39 44 50 57 59 70 72 73 75 96 99
21  2 : 21 79
22  1 : 22
23  1 : 23
24  2 : 24 53
25  1 : 25
27  34 : 27 41 48 64 67 71 76 83 84 85 87 89 90 92 93 94 95 98 100 103 104 106 107 108 110 111 112 113 114 115 116 119 120 121
28  1 : 28
30  1 : 30
31  1 : 31
32  7 : 32 36 52 60 62 77 81
54  1 : 54
% end

% frame 34
% time 3.5
% start   3.5
% cluster-index, number-of-fibers : name-of-fibers
1  18 : 1 35 40 42 45 51 61 66 68 78 86 88 101 102 105 109 118 122
2  8 : 2 43 58 63 69 97 117 123
3  1 : 3
4  1 : 4
5  2 : 5 34
6  1 : 6
7  1 : 7
8  1 : 8
9  2 : 9 26
10  2 : 10 38
11  1 : 11
12  7 : 12 55 56 65 74 82 91
13  3 : 13 29 47
14  1 : 14
15  1 : 15
16  1 : 16
17  1 : 17
18  3 : 18 49 80
19  1 : 19
20  14 : 20 33 37 39 44 50 57 59 70 72 73 75 96 99
21  2 : 21 79
22  1 : 22
23  1 : 23
24  2 : 24 53
25  1 : 25
27  37 : 27 41 48 64 67 71 76 83 84 85 87 89 90 92 93 94 95 98 100 103 104 106 107 108 110 111 112 113 114 115 116 119 120 121 124 125 126
28  1 : 28
30  1 : 30
31  1 : 31
32  7 : 32 36 52 60 62 77 81
54  1 : 54
% end

% frame 35
% time 3.6
% start   3.6
% cluster-index, number-of-fibers : name-of-fibers
1  19 : 1 35 40 42 45 51 61 66 68 78 86 88 101 102 105 109 118 122 129
2  8 : 2 43 58 63 69 97 117 123
3  1 : 3
4  1 : 4
5  2 : 5 34
6  1 : 6
7  1 : 7
8  1 : 8
9  2 : 9 26
10  2 : 10 38
11  1 : 11
12  7 : 12 55 56 65 74 82 91
13  3 : 13 29 47
14  1 : 14
15  1 : 15
16  1 : 16
17  1 : 17
18  3 : 18 49 80
19  1 : 19
20  14 : 20 33 37 39 44 50 57 59 70 72 73 75 96 99
21  2 : 21 79
22  1 : 22
23  1 : 23
24  2 : 24 53
25  1 : 25
27  38 : 27 41 48 64 67 71 76 83 84 85 87 89 90 92 93 94 95 98 100 103 104 106 107 108 110 111 112 113 114 115 116 119 120 121 124 125 126 128
28  1 : 28
30  1 : 30
31  1 : 31
32  7 : 32 36 52 60 62 77 81
54  2 : 54 127
% end

% frame 36
% time 3.7
% start   3.7
% cluster-index, number-of-fibers : name-of-fibers
1  19 : 1 35 40 42 45 51 61 66 68 78 86 88 101 102 105 109 118 122 129
2  9 : 2 43 58 63 69 97 117 123 134
3  1 : 3
4  1 : 4
5  2 : 5 34
6  1 : 6
7  1 : 7
8  1 : 8
9  2 : 9 26
10  2 : 10 38
11  1 : 11
12  7 : 12 55 56 65 74 82 91
13  3 : 13 29 47
14  1 : 14
15  1 : 15
16  1 : 16
17  1 : 17
18  3 : 18 49 80
19  1 : 19
20  14 : 20 33 37 39 44 50 57 59 70 72 73 75 96 99
21  2 : 21 79
22  1 : 22
23  1 : 23
24  2 : 24 53
25  1 : 25
27  42 : 27 41 48 64 67 71 76 83 84 85 87 89 90 92 93 94 95 98 100 103 104 106 107 108 110 111 112 113 114 115 116 119 120 121 124 125 126 128 130 131 132 135
28  1 : 28
30  1 : 30
31  1 : 31
32  7 : 32 36 52 60 62 77 81
54  3 : 54 127 133
% end

% frame 37
% time 3.8
% start   3.8
% cluster-index, number-of-fibers : name-of-fibers
1  19 : 1 35 40 42 45 51 61 66 68 78 86 88 101 102 105 109 118 122 129
2  9 : 2 43 58 63 69 97 117 123 134
3  1 : 3
4  1 : 4
5  2 : 5 34
6  1 : 6
7  1 : 7
8  1 : 8
9  2 : 9 26
10  2 : 10 38
11  1 : 11
12  7 : 12 55 56 65 74 82 91
13  3 : 13 29 47
14  1 : 14
15  1 : 15
16  1 : 16
17  1 : 17
18  3 : 18 49 80
19  1 : 19
20  14 : 20 33 37 39 44 50 57 59 70 72 73 75 96 99
21  2 : 21 79
22  1 : 22
23  1 : 23
24  2 : 24 53
25  1 : 25
27  44 : 27 41 48 64 67 71 76 83 84 85 87 89 90 92 93 94 95 98 100 103 104 106 107 108 110 111 112 113 114 115 116 119 120 121 124 125 126 128 130 131 132 135 136 137
28  1 : 28
30  1 : 30
31  1 : 31
32  7 : 32 36 52 60 62 77 81
54  3 : 54 127 133
% end

% frame 38
% time 3.9
% start   3.9
% cluster-index, number-of-fibers : name-of-fibers
1  21 : 1 35 40 42 45 51 61 66 68 78 86 88 101 102 105 109 118 122 129 142 144
2  9 : 2 43 58 63 69 97 117 123 134
3  1 : 3
4  1 : 4
5  2 : 5 34
6  1 : 6
7  1 : 7
8  1 : 8
9  2 : 9 26
10  2 : 10 38
11  1 : 11
12  7 : 12 55 56 65 74 82 91
13  3 : 13 29 47
14  1 : 14
15  1 : 15
16  1 : 16
17  1 : 17
18  3 : 18 49 80
19  1 : 19
20  14 : 20 33 37 39 44 50 57 59 70 72 73 75 96 99
21  2 : 21 79
22  1 : 22
23  1 : 23
24  2 : 24 53
25  1 : 25
27  47 : 27 41 48 64 67 71 76 83 84 85 87 89 90 92 93 94 95 98 100 103 104 106 107 108 110 111 112 113 114 115 116 119 120 121 124 125 126 128 130 131 132 135 136 137 138 139 140
28  1 : 28
30  1 : 30
31  1 : 31
32  7 : 32 36 52 60 62 77 81
54  5 : 54 127 133 141 143
% end

% frame 39
% time 4
% start   4
% cluster-index, number-of-fibers : name-of-fibers
1  21 : 1 35 40 42 45 51 61 66 68 78 86 88 101 102 105 109 118 122 129 142 144
2  9 : 2 43 58 63 69 97 117 123 134
3  1 : 3
4  1 : 4
5  2 : 5 34
6  1 : 6
7  1 : 7
8  1 : 8
9  2 : 9 26
10  2 : 10 38
11  1 : 11
12  7 : 12 55 56 65 74 82 91
13  3 : 13 29 47
14  1 : 14
15  1 : 15
16  1 : 16
17  1 : 17
18  3 : 18 49 80
19  1 : 19
20  14 : 20 33 37 39 44 50 57 59 70 72 73 75 96 99
21  2 : 21 79
22  1 : 22
23  1 : 23
24  2 : 24 53
25  1 : 25
27  49 : 27 41 48 64 67 71 76 83 84 85 87 89 90 92 93 94 95 98 100 103 104 106 107 108 110 111 112 113 114 115 116 119 120 121 124 125 126 128 130 131 132 135 136 137 138 139 140 145 146
28  1 : 28
30  1 : 30
31  1 : 31
32  7 : 32 36 52 60 62 77 81
54  5 : 54 127 133 141 143
% end

% frame 40
% time 4.1
% start   4.1
% cluster-index, number-of-fibers : name-of-fibers
1  21 : 1 35 40 42 45 51 61 66 68 78 86 88 101 102 105 109 118 122 129 142 144
2  9 : 2 43 58 63 69 97 117 123 134
3  1 : 3
4  1 : 4
5  2 : 5 34
6  1 : 6
7  1 : 7
8  1 : 8
9  2 : 9 26
10  2 : 10 38
11  1 : 11
12  7 : 12 55 56 65 74 82 91
13  3 : 13 29 47
14  1 : 14
15  1 : 15
16  1 : 16
17  1 : 17
18  3 : 18 49 80
19  1 : 19
20  14 : 20 33 37 39 44 50 57 59 70 72 73 75 96 99
21  2 : 21 79
22  1 : 22
23  1 : 23
24  2 : 24 53
25  1 : 25
27  51 : 27 41 48 64 67 71 76 83 84 85 87 89 90 92 93 94 95 98 100 103 104 106 107 108 110 111 112 113 114 115 116 119 120 121 124 125 126 128 130 131 132 135 136 137 138 139 140 145 146 147 148
28  1 : 28
30  1 : 30
31  1 : 31
32  7 : 32 36 52 60 62 77 81
54  6 : 54 127 133 141 143 149
% end

% frame 41
% time 4.2
% start   4.2
% cluster-index, number-of-fibers : name-of-fibers
1  22 : 1 35 40 42 45 51 61 66 68 78 86 88 101 102 105 109 118 122 129 142 144 150
2  9 : 2 43 58 63 69 97 117 123 134
3  1 : 3
4  1 : 4
5  2 : 5 34
6  1 : 6
7  1 : 7
8  1 : 8
9  2 : 9 26
10  2 : 10 38
11  1 : 11
12  7 : 12 55 56 65 74 82 91
13  3 : 13 29 47
14  1 : 14
15  1 : 15
16  1 : 16
17  1 : 17
18  3 : 18 49 80
19  1 : 19
20  14 : 20 33 37 39 44 50 57 59 70 72 73 75 96 99
21  2 : 21 79
22  1 : 22
23  1 : 23
24  2 : 24 53
25  1 : 25
27  52 : 27 41 48 64 67 71 76 83 84 85 87 89 90 92 93 94 95 98 100 103 104 106 107 108 110 111 112 113 114 115 116 119 120 121 124 125 126 128 130 131 132 135 136 137 138 139 140 145 146 147 148 151
28  1 : 28
30  1 : 30
31  1 : 31
32  7 : 32 36 52 60 62 77 81
54  6 : 54 127 133 141 143 149
% end

% frame 42
% time 4.3
% start   4.3
% cluster-index, number-of-fibers : name-of-fibers
1  22 : 1 35 40 42 45 51 61 66 68 78 86 88 101 102 105 109 118 122 129 142 144 150
2  9 : 2 43 58 63 69 97 117 123 134
3  1 : 3
4  1 : 4
5  2 : 5 34
6  1 : 6
7  1 : 7
8  1 : 8
9  2 : 9 26
10  2 : 10 38
11  1 : 11
12  7 : 12 55 56 65 74 82 91
13  3 : 13 29 47
14  1 : 14
15  1 : 15
16  1 : 16
17  1 : 17
18  3 : 18 49 80
19  1 : 19
20  14 : 20 33 37 39 44 50 57 59 70 72 73 75 96 99
21  2 : 21 79
22  1 : 22
23  1 : 23
24  2 : 24 53
25  1 : 25
27  54 : 27 41 48 64 67 71 76 83 84 85 87 89 90 92 93 94 95 98 100 103 104 106 107 108 110 111 112 113 114 115 116 119 120 121 124 125 126 128 130 131 132 135 136 137 138 139 140 145 146 147 148 151 152 153
28  1 : 28
30  1 : 30
31  1 : 31
32  7 : 32 36 52 60 62 77 81
54  6 : 54 127 133 141 143 149
% end

% frame 43
% time 4.4
% start   4.4
% cluster-index, number-of-fibers : name-of-fibers
1  22 : 1 35 40 42 45 51 61 66 68 78 86 88 101 102 105 109 118 122 129 142 144 150
2  9 : 2 43 58 63 69 97 117 123 134
3  1 : 3
4  1 : 4
5  2 : 5 34
6  1 : 6
7  1 : 7
8  1 : 8
9  2 : 9 26
10  2 : 10 38
11  1 : 11
12  7 : 12 55 56 65 74 82 91
13  3 : 13 29 47
14  1 : 14
15  1 : 15
16  1 : 16
17  1 : 17
18  3 : 18 49 80
19  1 : 19
20  14 : 20 33 37 39 44 50 57 59 70 72 73 75 96 99
21  2 : 21 79
22  1 : 22
23  1 : 23
24  2 : 24 53
25  1 : 25
27  62 : 27 41 48 64 67 71 76 83 84 85 87 89 90 92 93 94 95 98 100 103 104 106 107 108 110 111 112 113 114 115 116 119 120 121 124 125 126 128 130 131 132 135 136 137 138 139 140 145 146 147 148 151 152 153 154 155 156 157 158 159 160 161
28  1 : 28
30  1 : 30
31  1 : 31
32  7 : 32 36 52 60 62 77 81
54  6 : 54 127 133 141 143 149
% end

% frame 44
% time 4.5
% start   4.5
% cluster-index, number-of-fibers : name-of-fibers
1  23 : 1 35 40 42 45 51 61 66 68 78 86 88 101 102 105 109 118 122 129 142 144 150 166
2  9 : 2 43 58 63 69 97 117 123 134
3  1 : 3
4  1 : 4
5  2 : 5 34
6  1 : 6
7  1 : 7
8  1 : 8
9  2 : 9 26
10  2 : 10 38
11  1 : 11
12  8 : 12 55 56 65 74 82 91 162
13  3 : 13 29 47
14  1 : 14
15  1 : 15
16  1 : 16
17  1 : 17
18  3 : 18 49 80
19  1 : 19
20  14 : 20 33 37 39 44 50 57 59 70 72 73 75 96 99
21  2 : 21 79
22  1 : 22
23  1 : 23
24  2 : 24 53
25  1 : 25
27  67 : 27 41 48 64 67 71 76 83 84 85 87 89 90 92 93 94 95 98 100 103 104 106 107 108 110 111 112 113 114 115 116 119 120 121 124 125 126 128 130 131 132 135 136 137 138 139 140 145 146 147 148 151 152 153 154 155 156 157 158 159 160 161 163 164 165 167 168
28  1 : 28
30  1 : 30
31  1 : 31
32  7 : 32 36 52 60 62 77 81
54  6 : 54 127 133 141 143 149
% end

% frame 45
% time 4.6
% start   4.6
% cluster-index, number-of-fibers : name-of-fibers
1  23 : 1 35 40 42 45 51 61 66 68 78 86 88 101 102 105 109 118 122 129 142 144 150 166
2  9 : 2 43 58 63 69 97 117 123 134
3  1 : 3
4  1 : 4
5  2 : 5 34
6  1 : 6
7  1 : 7
8  1 : 8
9  2 : 9 26
10  2 : 10 38
11  1 : 11
12  9 : 12 55 56 65 74 82 91 162 171
13  3 : 13 29 47
14  1 : 14
15  1 : 15
16  1 : 16
17  1 : 17
18  3 : 18 49 80
19  1 : 19
20  14 : 20 33 37 39 44 50 57 59 70 72 73 75 96 99
21  2 : 21 79
22  1 : 22
23  1 : 23
24  2 : 24 53
25  1 : 25
27  69 : 27 41 48 64 67 71 76 83 84 85 87 89 90 92 93 94 95 98 100 103 104 106 107 108 110 111 112 113 114 115 116 119 120 121 124 125 126 128 130 131 132 135 136 137 138 139 140 145 146 147 148 151 152 153 154 155 156 157 158 159 160 161 163 164 165 167 168 169 170
28  1 : 28
30  1 : 30
31  1 : 31
32  7 : 32 36 52 60 62 77 81
54  6 : 54 127 133 141 143 149
% end

% frame 46
% time 4.7
% start   4.7
% cluster-index, number-of-fibers : name-of-fibers
1  23 : 1 35 40 42 45 51 61 66 68 78 86 88 101 102 105 109 118 122 129 142 144 150 166
2  9 : 2 43 58 63 69 97 117 123 134
3  1 : 3
4  1 : 4
5  2 : 5 34
6  1 : 6
7  1 : 7
8  1 : 8
9  2 : 9 26
10  2 : 10 38
11  1 : 11
12  9 : 12 55 56 65 74 82 91 162 171
13  3 : 13 29 47
14  1 : 14
15  1 : 15
16  1 : 16
17  1 : 17
18  3 : 18 49 80
19  1 : 19
20  14 : 20 33 37 39 44 50 57 59 70 72 73 75 96 99
21  2 : 21 79
22  1 : 22
23  1 : 23
24  2 : 24 53
25  1 : 25
27  74 : 27 41 48 64 67 71 76 83 84 85 87 89 90 92 93 94 95 98 100 103 104 106 107 108 110 111 112 113 114 115 116 119 120 121 124 125 126 128 130 131 132 135 136 137 138 139 140 145 146 147 148 151 152 153 154 155 156 157 158 159 160 161 163 164 165 167 168 169 170 172 173 174 175 176
28  1 : 28
30  1 : 30
31  1 : 31
32  7 : 32 36 52 60 62 77 81
54  6 : 54 127 133 141 143 149
% end

% frame 47
% time 4.8
% start   4.8
% cluster-index, number-of-fibers : name-of-fibers
1  23 : 1 35 40 42 45 51 61 66 68 78 86 88 101 102 105 109 118 122 129 142 144 150 166
2  9 : 2 43 58 63 69 97 117 123 134
3  1 : 3
4  1 : 4
5  2 : 5 34
6  1 : 6
7  1 : 7
8  1 : 8
9  2 : 9 26
10  2 : 10 38
11  1 : 11
12  9 : 12 55 56 65 74 82 91 162 171
13  3 : 13 29 47
14  1 : 14
15  1 : 15
16  1 : 16
17  1 : 17
18  3 : 18 49 80
19  1 : 19
20  14 : 20 33 37 39 44 50 57 59 70 72 73 75 96 99
21  2 : 21 79
22  1 : 22
23  1 : 23
24  2 : 24 53
25  1 : 25
27  76 : 27 41 48 64 67 71 76 83 84 85 87 89 90 92 93 94 95 98 100 103 104 106 107 108 110 111 112 113 114 115 116 119 120 121 124 125 126 128 130 131 132 135 136 137 138 139 140 145 146 147 148 151 152 153 154 155 156 157 158 159 160 161 163 164 165 167 168 169 170 172 173 174 175 176 177 178
28  1 : 28
30  1 : 30
31  1 : 31
32  7 : 32 36 52 60 62 77 81
54  6 : 54 127 133 141 149 179
143  1 : 143
% end

% frame 48
% time 4.9
% start   4.9
% cluster-index, number-of-fibers : name-of-fibers
1  23 : 1 35 40 42 45 51 61 66 68 78 86 88 101 102 105 109 118 122 129 142 144 150 166
2  9 : 2 43 58 63 69 97 117 123 134
3  1 : 3
4  1 : 4
5  2 : 5 34
6  1 : 6
7  1 : 7
8  1 : 8
9  2 : 9 26
10  2 : 10 38
11  1 : 11
12  9 : 12 55 56 65 74 82 91 162 171
13  3 : 13 29 47
14  1 : 14
15  1 : 15
16  1 : 16
17  1 : 17
18  3 : 18 49 80
19  1 : 19
20  14 : 20 33 37 39 44 50 57 59 70 72 73 75 96 99
21  2 : 21 79
22  1 : 22
23  1 : 23
24  2 : 24 53
25  1 : 25
27  78 : 27 41 48 64 67 71 76 83 84 85 87 89 90 92 93 94 95 98 100 103 104 106 107 108 110 111 112 113 114 115 116 119 120 121 124 125 126 128 130 131 132 135 136 137 138 139 140 145 146 147 148 151 152 153 154 155 156 157 158 159 160 161 163 164 165 167 168 169 170 172 173 174 175 176 177 178 180 181
28  1 : 28
30  1 : 30
31  1 : 31
32  7 : 32 36 52 60 62 77 81
54  6 : 54 127 133 141 149 179
143  1 : 143
% end

% frame 49
% time 5
% start   5
% cluster-index, number-of-fibers : name-of-fibers
1  23 : 1 35 40 42 45 51 61 66 68 78 86 88 101 102 105 109 118 122 129 142 144 150 166
2  9 : 2 43 58 63 69 97 117 123 134
3  1 : 3
4  1 : 4
5  2 : 5 34
6  1 : 6
7  1 : 7
8  1 : 8
9  2 : 9 26
10  2 : 10 38
11  1 : 11
12  9 : 12 55 56 65 74 82 91 162 171
13  3 : 13 29 47
14  1 : 14
15  1 : 15
16  1 : 16
17  1 : 17
18  3 : 18 49 80
19  1 : 19
20  14 : 20 33 37 39 44 50 57 59 70 72 73 75 96 99
21  2 : 21 79
22  1 : 22
23  1 : 23
24  2 : 24 53
25  1 : 25
27  81 : 27 41 48 64 67 71 76 83 84 85 87 89 90 92 93 94 95 98 100 103 104 106 107 108 110 111 112 113 114 115 116 119 120 121 124 125 126 128 130 131 132 135 136 137 138 139 140 145 146 147 148 151 152 153 154 155 156 157 158 159 160 161 163 164 165 167 168 169 170 172 173 174 175 176 177 178 180 181 182 183 184
28  1 : 28
30  1 : 30
31  1 : 31
32  7 : 32 36 52 60 62 77 81
54  6 : 54 127 133 141 149 179
143  1 : 143
% end

% frame 50
% time 5.1
% start   5.1
% cluster-index, number-of-fibers : name-of-fibers
1  23 : 1 35 40 42 45 51 61 66 68 78 86 88 101 102 105 109 118 122 129 142 144 150 166
2  9 : 2 43 58 63 69 97 117 123 134
3  1 : 3
4  1 : 4
5  2 : 5 34
6  1 : 6
7  1 : 7
8  1 : 8
9  2 : 9 26
10  2 : 10 38
11  1 : 11
12  9 : 12 55 56 65 74 82 91 162 171
13  3 : 13 29 47
14  1 : 14
15  1 : 15
16  1 : 16
17  1 : 17
18  3 : 18 49 80
19  1 : 19
20  14 : 20 33 37 39 44 50 57 59 70 72 73 75 96 99
21  2 : 21 79
22  1 : 22
23  1 : 23
24  2 : 24 53
25  1 : 25
27  82 : 27 41 48 64 67 71 76 83 84 85 87 89 90 92 93 94 95 98 100 103 104 106 107 108 110 111 112 113 114 115 116 119 120 121 124 125 126 128 130 131 132 135 136 137 138 139 140 145 146 147 148 151 152 153 154 155 156 157 158 159 160 161 163 164 165 167 168 169 170 172 173 174 175 176 177 178 180 181 182 183 184 185
28  1 : 28
30  1 : 30
31  1 : 31
32  7 : 32 36 52 60 62 77 81
54  6 : 54 127 133 141 149 179
143  1 : 143
% end

% frame 51
% time 5.2
% start   5.2
% cluster-index, number-of-fibers : name-of-fibers
1  23 : 1 35 40 42 45 51 61 66 68 78 86 88 101 102 105 109 118 122 129 142 144 150 166
2  9 : 2 43 58 63 69 97 117 123 134
3  1 : 3
4  1 : 4
5  2 : 5 34
6  1 : 6
7  1 : 7
8  1 : 8
9  2 : 9 26
10  2 : 10 38
11  1 : 11
12  9 : 12 55 56 65 74 82 91 162 171
13  3 : 13 29 47
14  1 : 14
15  1 : 15
16  1 : 16
17  1 : 17
18  3 : 18 49 80
19  1 : 19
20  14 : 20 33 37 39 44 50 57 59 70 72 73 75 96 99
21  1 : 21
22  1 : 22
23  1 : 23
24  2 : 24 53
25  1 : 25
27  83 : 27 41 48 64 67 71 76 83 84 85 87 89 90 92 93 94 95 98 100 103 104 106 107 108 110 111 112 113 114 115 116 119 120 121 124 125 126 128 130 131 132 135 136 137 138 139 140 145 146 147 148 151 152 153 154 155 156 157 158 159 160 161 163 164 165 167 168 169 170 172 173 174 175 176 177 178 180 181 182 183 184 185 186
28  1 : 28
30  1 : 30
31  1 : 31
32  7 : 32 36 52 60 62 77 81
54  6 : 54 127 133 141 149 179
79  1 : 79
143  1 : 143
% end

% frame 52
% time 5.3
% start   5.3
% cluster-index, number-of-fibers : name-of-fibers
1  23 : 1 35 40 42 45 51 61 66 68 78 86 88 101 102 105 109 118 122 129 142 144 150 166
2  9 : 2 43 58 63 69 97 117 123 134
3  1 : 3
4  1 : 4
5  2 : 5 34
6  1 : 6
7  1 : 7
8  1 : 8
9  2 : 9 26
10  2 : 10 38
11  1 : 11
12  10 : 12 55 56 65 74 82 91 162 171 187
13  3 : 13 29 47
14  1 : 14
15  1 : 15
16  1 : 16
17  1 : 17
18  3 : 18 49 80
19  1 : 19
20  14 : 20 33 37 39 44 50 57 59 70 72 73 75 96 99
21  1 : 21
22  1 : 22
23  1 : 23
24  2 : 24 53
25  1 : 25
27  87 : 27 41 48 64 67 71 76 83 84 85 87 89 90 92 93 94 95 98 100 103 104 106 107 108 110 111 112 113 114 115 116 119 120 121 124 125 126 128 130 131 132 135 136 137 138 139 140 145 146 147 148 151 152 153 154 155 156 157 158 159 160 161 163 164 165 167 168 169 170 172 173 174 175 176 177 178 180 181 182 183 184 185 186 188 189 190 191
28  1 : 28
30  1 : 30
31  1 : 31
32  7 : 32 36 52 60 62 77 81
54  6 : 54 127 133 141 149 179
79  1 : 79
143  1 : 143
% end

% frame 53
% time 5.4
% start   5.4
% cluster-index, number-of-fibers : name-of-fibers
1  23 : 1 35 40 42 45 51 61 66 68 78 86 88 101 102 105 109 118 122 129 142 144 150 166
2  9 : 2 43 58 63 69 97 117 123 134
3  1 : 3
4  1 : 4
5  2 : 5 34
6  1 : 6
7  1 : 7
8  1 : 8
9  2 : 9 26
10  2 : 10 38
11  1 : 11
12  10 : 12 55 56 65 74 82 91 162 171 187
13  3 : 13 29 47
14  1 : 14
15  1 : 15
16  1 : 16
17  1 : 17
18  3 : 18 49 80
19  1 : 19
20  14 : 20 33 37 39 44 50 57 59 70 72 73 75 96 99
21  1 : 21
22  1 : 22
23  1 : 23
24  2 : 24 53
25  1 : 25
27  88 : 27 41 48 64 67 71 76 83 84 85 87 89 90 92 93 94 95 98 100 103 104 106 107 108 110 111 112 113 114 115 116 119 120 121 124 125 126 128 130 131 132 135 136 137 138 139 140 145 146 147 148 151 152 153 154 155 156 157 158 159 160 161 163 164 165 167 168 169 170 172 173 174 175 176 177 178 180 181 182 183 184 185 186 188 189 190 191 192
28  1 : 28
30  1 : 30
31  1 : 31
32  7 : 32 36 52 60 62 77 81
54  6 : 54 127 133 141 149 179
79  1 : 79
143  1 : 143
% end

% frame 54
% time 5.5
% start   5.5
% cluster-index, number-of-fibers : name-of-fibers
1  23 : 1 35 40 42 45 51 61 66 68 78 86 88 101 102 105 109 118 122 129 142 144 150 166
2  9 : 2 43 58 63 69 97 117 123 134
3  1 : 3
4  1 : 4
5  2 : 5 34
6  1 : 6
7  1 : 7
8  1 : 8
9  2 : 9 26
10  2 : 10 38
11  1 : 11
12  10 : 12 55 56 65 74 82 91 162 171 187
13  3 : 13 29 47
14  1 : 14
15  1 : 15
16  1 : 16
17  1 : 17
18  3 : 18 49 80
19  1 : 19
20  14 : 20 33 37 39 44 50 57 59 70 72 73 75 96 99
21  1 : 21
22  1 : 22
23  1 : 23
24  2 : 24 53
25  1 : 25
27  90 : 27 41 48 64 67 71 76 83 84 85 87 89 90 92 93 94 95 98 100 103 104 106 107 108 110 111 112 113 114 115 116 119 120 121 124 125 126 128 130 131 132 135 136 137 138 139 140 145 146 147 148 151 152 153 154 155 156 157 158 159 160 161 163 164 165 167 168 169 170 172 173 174 175 176 177 178 180 181 182 183 184 185 186 188 189 190 191 192 193 194
28  1 : 28
30  1 : 30
31  1 : 31
32  7 : 32 36 52 60 62 77 81
54  7 : 54 127 133 141 149 179 195
79  1 : 79
143  1 : 143
% end

% frame 55
% time 5.6
% start   5.6
% cluster-index, number-of-fibers : name-of-fibers
1  24 : 1 35 40 42 45 51 61 66 68 78 86 88 101 102 105 109 118 122 129 142 144 150 166 197
2  9 : 2 43 58 63 69 97 117 123 134
3  1 : 3
4  1 : 4
5  2 : 5 34
6  1 : 6
7  1 : 7
8  1 : 8
9  2 : 9 26
10  2 : 10 38
11  1 : 11
12  10 : 12 55 56 65 74 82 91 162 171 187
13  3 : 13 29 47
14  1 : 14
15  1 : 15
16  1 : 16
17  1 : 17
18  3 : 18 49 80
19  1 : 19
20  14 : 20 33 37 39 44 50 57 59 70 72 73 75 96 99
21  1 : 21
22  1 : 22
23  1 : 23
24  2 : 24 53
25  1 : 25
27  93 : 27 41 48 64 67 71 76 83 84 85 87 89 90 92 93 94 95 98 100 103 104 106 107 108 110 111 112 113 114 115 116 119 120 121 124 125 126 128 130 131 132 135 136 137 138 139 140 145 146 147 148 151 152 153 154 155 156 157 158 159 160 161 163 164 165 167 168 169 170 172 173 174 175 176 177 178 180 181 182 183 184 185 186 188 189 190 191 192 193 194 196 198 199
28  1 : 28
30  1 : 30
31  1 : 31
32  7 : 32 36 52 60 62 77 81
54  7 : 54 127 133 141 149 179 195
79  1 : 79
143  1 : 143
% end

% frame 56
% time 5.7
% start   5.7
% cluster-index, number-of-fibers : name-of-fibers
1  24 : 1 35 40 42 45 51 61 66 68 78 86 88 101 102 105 109 118 122 129 142 144 150 166 197
2  9 : 2 43 58 63 69 97 117 123 134
3  1 : 3
4  1 : 4
5  2 : 5 34
6  1 : 6
7  1 : 7
8  1 : 8
9  2 : 9 26
10  2 : 10 38
11  1 : 11
12  10 : 12 55 56 65 74 82 91 162 171 187
13  3 : 13 29 47
14  1 : 14
15  1 : 15
16  1 : 16
17  1 : 17
18  3 : 18 49 80
19  1 : 19
20  14 : 20 33 37 39 44 50 57 59 70 72 73 75 96 99
21  1 : 21
22  1 : 22
23  1 : 23
24  2 : 24 53
25  1 : 25
27  94 : 27 41 48 64 67 71 76 83 84 85 87 89 90 92 93 94 95 98 100 103 104 106 107 108 110 111 112 113 114 115 116 119 120 121 124 125 126 128 130 131 132 135 136 137 138 139 140 145 146 147 148 151 152 153 154 155 156 157 158 159 160 161 163 164 165 167 168 169 170 172 173 174 175 176 177 178 180 181 182 183 184 185 186 188 189 190 191 192 193 194 196 198 199 200
28  1 : 28
30  1 : 30
31  1 : 31
32  7 : 32 36 52 60 62 77 81
54  7 : 54 127 133 141 149 179 195
79  1 : 79
143  1 : 143
% end

% frame 57
% time 5.8
% start   5.8
% cluster-index, number-of-fibers : name-of-fibers
1  24 : 1 35 40 42 45 51 61 66 68 78 86 88 101 102 105 109 118 122 129 142 144 150 166 197
2  9 : 2 43 58 63 69 97 117 123 134
3  1 : 3
4  1 : 4
5  2 : 5 34
6  1 : 6
7  1 : 7
8  1 : 8
9  2 : 9 26
10  2 : 10 38
11  1 : 11
12  10 : 12 55 56 65 74 82 91 162 171 187
13  3 : 13 29 47
14  1 : 14
15  1 : 15
16  1 : 16
17  1 : 17
18  3 : 18 49 80
19  1 : 19
20  14 : 20 33 37 39 44 50 57 59 70 72 73 75 96 99
21  1 : 21
22  1 : 22
23  1 : 23
24  2 : 24 53
25  1 : 25
27  95 : 27 41 48 64 67 71 76 83 84 85 87 89 90 92 93 94 95 98 100 103 104 106 107 108 110 111 112 113 114 115 116 119 120 121 124 125 126 128 130 131 132 135 136 137 138 139 140 145 146 147 148 151 152 153 154 155 156 157 158 159 160 161 163 164 165 167 168 169 170 172 173 174 175 176 177 178 180 181 182 183 184 185 186 188 189 190 191 192 193 194 196 198 199 200 201
28  1 : 28
30  1 : 30
31  1 : 31
32  7 : 32 36 52 60 62 77 81
54  7 : 54 127 133 141 149 179 195
79  1 : 79
143  1 : 143
% end

% frame 58
% time 5.9
% start   5.9
% cluster-index, number-of-fibers : name-of-fibers
1  24 : 1 35 40 42 45 51 61 66 68 78 86 88 101 102 105 109 118 122 129 142 144 150 166 197
2  9 : 2 43 58 63 69 97 117 123 134
3  1 : 3
4  1 : 4
5  2 : 5 34
6  1 : 6
7  1 : 7
8  1 : 8
9  2 : 9 26
10  2 : 10 38
11  1 : 11
12  10 : 12 55 56 65 74 82 91 162 171 187
13  3 : 13 29 47
14  1 : 14
15  1 : 15
16  1 : 16
17  1 : 17
18  3 : 18 49 80
19  1 : 19
20  14 : 20 33 37 39 44 50 57 59 70 72 73 75 96 99
21  1 : 21
22  1 : 22
23  1 : 23
24  2 : 24 53
25  1 : 25
27  96 : 27 41 48 64 67 71 76 83 84 85 87 89 90 92 93 94 95 98 100 103 104 106 107 108 110 111 112 113 114 115 116 119 120 121 124 125 126 128 130 131 132 135 136 137 138 139 140 145 146 147 148 151 152 153 154 155 156 157 158 159 160 161 163 164 165 167 168 169 170 172 173 174 175 176 177 178 180 181 182 183 184 185 186 188 189 190 191 192 193 194 196 198 199 200 201 202
28  1 : 28
30  1 : 30
31  1 : 31
32  7 : 32 36 52 60 62 77 81
54  7 : 54 127 133 141 149 179 195
79  1 : 79
143  1 : 143
% end

% frame 59
% time 6
% start   6
% cluster-index, number-of-fibers : name-of-fibers
1  24 : 1 35 40 42 45 51 61 66 68 78 86 88 101 102 105 109 118 122 129 142 144 150 166 197
2  9 : 2 43 58 63 69 97 117 123 134
3  1 : 3
4  1 : 4
5  2 : 5 34
6  1 : 6
7  1 : 7
8  1 : 8
9  2 : 9 26
10  2 : 10 38
11  1 : 11
12  10 : 12 55 56 65 74 82 91 162 171 187
13  3 : 13 29 47
14  1 : 14
15  1 : 15
16  1 : 16
17  1 : 17
18  3 : 18 49 80
19  1 : 19
20  14 : 20 33 37 39 44 50 57 59 70 72 73 75 96 99
21  1 : 21
22  1 : 22
23  1 : 23
24  2 : 24 53
25  1 : 25
27  97 : 27 41 48 64 67 71 76 83 84 85 87 89 90 92 93 94 95 98 100 103 104 106 107 108 110 111 112 113 114 115 116 119 120 121 124 125 126 128 130 131 132 135 136 137 138 139 140 145 146 147 148 151 152 153 154 155 156 157 158 159 160 161 163 164 165 167 168 169 170 172 173 174 175 176 177 178 180 181 182 183 184 185 186 188 189 190 191 192 193 194 196 198 199 200 201 202 203
28  1 : 28
30  1 : 30
31  1 : 31
32  7 : 32 36 52 60 62 77 81
54  7 : 54 127 133 141 149 179 195
79  1 : 79
143  1 : 143
% end

% frame 60
% time 6.1
% start   6.1
% cluster-index, number-of-fibers : name-of-fibers
1  24 : 1 35 40 42 45 51 61 66 68 78 86 88 101 102 105 109 118 122 129 142 144 150 166 197
2  9 : 2 43 58 63 69 97 117 123 134
3  1 : 3
4  1 : 4
5  2 : 5 34
6  1 : 6
7  1 : 7
8  1 : 8
9  2 : 9 26
10  2 : 10 38
11  1 : 11
12  10 : 12 55 56 65 74 82 91 162 171 187
13  3 : 13 29 47
14  1 : 14
15  1 : 15
16  1 : 16
17  1 : 17
18  3 : 18 49 80
19  1 : 19
20  14 : 20 33 37 39 44 50 57 59 70 72 73 75 96 99
21  1 : 21
22  1 : 22
23  1 : 23
24  2 : 24 53
25  1 : 25
27  100 : 27 41 48 64 67 71 76 83 84 85 87 89 90 92 93 94 95 98 100 103 104 106 107 108 110 111 112 113 114 115 116 119 120 121 124 125 126 128 130 131 132 135 136 137 138 139 140 145 146 147 148 151 152 153 154 155 156 157 158 159 160 161 163 164 165 167 168 169 170 172 173 174 175 176 177 178 180 181 182 183 184 185 186 188 189 190 191 192 193 194 196 198 199 200 201 202 203 204 205 206
28  1 : 28
30  1 : 30
31  1 : 31
32  7 : 32 36 52 60 62 77 81
54  7 : 54 127 133 141 149 179 195
79  1 : 79
143  1 : 143
% end

% frame 61
% time 6.2
% start   6.2
% cluster-index, number-of-fibers : name-of-fibers
1  24 : 1 35 40 42 45 51 61 66 68 78 86 88 101 102 105 109 118 122 129 142 144 150 166 197
2  9 : 2 43 58 63 69 97 117 123 134
3  1 : 3
4  1 : 4
5  2 : 5 34
6  1 : 6
7  1 : 7
8  1 : 8
9  2 : 9 26
10  2 : 10 38
11  1 : 11
12  10 : 12 55 56 65 74 82 91 162 171 187
13  3 : 13 29 47
14  1 : 14
15  1 : 15
16  1 : 16
17  1 : 17
18  3 : 18 49 80
19  1 : 19
20  14 : 20 33 37 39 44 50 57 59 70 72 73 75 96 99
21  1 : 21
22  1 : 22
23  1 : 23
24  2 : 24 53
25  1 : 25
27  100 : 27 41 48 64 67 71 76 83 84 85 87 89 90 92 93 94 95 98 100 103 104 106 107 108 110 111 112 113 114 115 116 119 120 121 124 125 126 128 130 131 132 135 136 137 138 139 140 145 146 147 148 151 152 153 154 155 156 157 158 159 160 161 163 164 165 167 168 169 170 172 173 174 175 176 177 178 180 181 182 183 184 185 186 188 189 190 191 192 193 194 196 198 199 200 201 202 203 204 205 206
28  1 : 28
30  1 : 30
31  1 : 31
32  7 : 32 36 52 60 62 77 81
54  7 : 54 127 133 141 149 179 195
79  1 : 79
143  1 : 143
% end

% frame 62
% time 6.3
% start   6.3
% cluster-index, number-of-fibers : name-of-fibers
1  24 : 1 35 40 42 45 51 61 66 68 78 86 88 101 102 105 109 118 122 129 142 144 150 166 197
2  9 : 2 43 58 63 69 97 117 123 134
3  1 : 3
4  1 : 4
5  2 : 5 34
6  1 : 6
7  1 : 7
8  1 : 8
9  2 : 9 26
10  2 : 10 38
11  1 : 11
12  10 : 12 55 56 65 74 82 91 162 171 187
13  3 : 13 29 47
14  1 : 14
15  1 : 15
16  1 : 16
17  1 : 17
18  3 : 18 49 80
19  1 : 19
20  14 : 20 33 37 39 44 50 57 59 70 72 73 75 96 99
21  1 : 21
22  1 : 22
23  1 : 23
24  2 : 24 53
25  1 : 25
27  102 : 27 41 48 64 67 71 76 83 84 85 87 89 90 92 93 94 95 98 100 103 104 106 107 108 110 111 112 113 114 115 116 119 120 121 124 125 126 128 130 131 132 135 136 137 138 139 140 145 146 147 148 151 152 153 154 155 156 157 158 159 160 161 163 164 165 167 168 169 170 172 173 174 175 176 177 178 180 181 182 183 184 185 186 188 189 190 191 192 193 194 196 198 199 200 201 202 203 204 205 206 207 209
28  1 : 28
30  1 : 30
31  1 : 31
32  8 : 32 36 52 60 62 77 81 208
54  7 : 54 127 133 141 149 179 195
79  1 : 79
143  1 : 143
% end

% frame 63
% time 6.4
% start   6.4
% cluster-index, number-of-fibers : name-of-fibers
1  24 : 1 35 40 42 45 51 61 66 68 78 86 88 101 102 105 109 118 122 129 142 144 150 166 197
2  9 : 2 43 58 63 69 97 117 123 134
3  1 : 3
4  1 : 4
5  2 : 5 34
6  1 : 6
7  1 : 7
8  1 : 8
9  2 : 9 26
10  2 : 10 38
11  1 : 11
12  10 : 12 55 56 65 74 82 91 162 171 187
13  3 : 13 29 47
14  1 : 14
15  1 : 15
16  1 : 16
17  1 : 17
18  3 : 18 49 80
19  1 : 19
20  14 : 20 33 37 39 44 50 57 59 70 72 73 75 96 99
21  1 : 21
22  1 : 22
23  1 : 23
24  2 : 24 53
25  1 : 25
27  104 : 27 41 48 64 67 71 76 83 84 85 87 89 90 92 93 94 95 98 100 103 104 106 107 108 110 111 112 113 114 115 116 119 120 121 124 125 126 128 130 131 132 135 136 137 138 139 140 145 146 147 148 151 152 153 154 155 156 157 158 159 160 161 163 164 165 167 168 169 170 172 173 174 175 176 177 178 180 181 182 183 184 185 186 188 189 190 191 192 193 194 196 198 199 200 201 202 203 204 205 206 207 209 210 211
28  1 : 28
30  1 : 30
31  1 : 31
32  8 : 32 36 52 60 62 77 81 208
54  7 : 54 127 133 141 149 179 195
79  1 : 79
143  1 : 143
% end

% frame 64
% time 6.5
% start   6.5
% cluster-index, number-of-fibers : name-of-fibers
1  24 : 1 35 40 42 45 51 61 66 68 78 86 88 101 102 105 109 118 122 129 142 144 150 166 197
2  9 : 2 43 58 63 69 97 117 123 134
3  1 : 3
4  1 : 4
5  2 : 5 34
6  1 : 6
7  1 : 7
8  1 : 8
9  2 : 9 26
10  2 : 10 38
11  1 : 11
12  10 : 12 55 56 65 74 82 91 162 171 187
13  3 : 13 29 47
14  1 : 14
15  1 : 15
16  1 : 16
17  1 : 17
18  3 : 18 49 80
19  1 : 19
20  14 : 20 33 37 39 44 50 57 59 70 72 73 75 96 99
21  1 : 21
22  1 : 22
23  1 : 23
24  2 : 24 53
25  1 : 25
27  105 : 27 41 48 64 67 71 76 83 84 85 87 89 90 92 93 94 95 98 100 103 104 106 107 108 110 111 112 113 114 115 116 119 120 121 124 125 126 128 130 131 132 135 136 137 138 139 140 145 146 147 148 151 152 153 154 155 156 157 158 159 160 161 163 164 165 167 168 169 170 172 173 174 175 176 177 178 180 181 182 183 184 185 186 188 189 190 191 192 193 194 196 198 199 200 201 202 203 204 205 206 207 209 210 211 212
28  1 : 28
30  1 : 30
31  1 : 31
32  8 : 32 36 52 60 62 77 81 208
54  7 : 54 127 133 141 149 179 195
79  1 : 79
143  1 : 143
% end

% frame 65
% time 6.6
% start   6.6
% cluster-index, number-of-fibers : name-of-fibers
1  25 : 1 35 40 42 45 51 61 66 68 78 86 88 101 102 105 109 118 122 129 142 144 150 166 197 214
2  9 : 2 43 58 63 69 97 117 123 134
3  1 : 3
4  1 : 4
5  2 : 5 34
6  1 : 6
7  1 : 7
8  1 : 8
9  2 : 9 26
10  2 : 10 38
11  1 : 11
12  10 : 12 55 56 65 74 82 91 162 171 187
13  3 : 13 29 47
14  1 : 14
15  1 : 15
16  1 : 16
17  1 : 17
18  3 : 18 49 80
19  1 : 19
20  14 : 20 33 37 39 44 50 57 59 70 72 73 75 96 99
21  1 : 21
22  1 : 22
23  1 : 23
24  2 : 24 53
25  1 : 25
27  106 : 27 41 48 64 67 71 76 83 84 85 87 89 90 92 93 94 95 98 100 103 104 106 107 108 110 111 112 113 114 115 116 119 120 121 124 125 126 128 130 131 132 135 136 137 138 139 140 145 146 147 148 151 152 153 154 155 156 157 158 159 160 161 163 164 165 167 168 169 170 172 173 174 175 176 177 178 180 181 182 183 184 185 186 188 189 190 191 192 193 194 196 198 199 200 201 202 203 204 205 206 207 209 210 211 212 213
28  1 : 28
30  1 : 30
31  1 : 31
32  8 : 32 36 52 60 62 77 81 208
54  7 : 54 127 133 141 149 179 195
79  1 : 79
143  1 : 143
% end

% frame 66
% time 6.7
% start   6.7
% cluster-index, number-of-fibers : name-of-fibers
1  25 : 1 35 40 42 45 51 61 66 68 78 86 88 101 102 105 109 118 122 129 142 144 150 166 197 214
2  9 : 2 43 58 63 69 97 117 123 134
3  1 : 3
4  1 : 4
5  2 : 5 34
6  1 : 6
7  1 : 7
8  1 : 8
9  2 : 9 26
10  2 : 10 38
11  1 : 11
12  10 : 12 55 56 65 74 82 91 162 171 187
13  3 : 13 29 47
14  1 : 14
15  1 : 15
16  1 : 16
17  1 : 17
18  3 : 18 49 80
19  1 : 19
20  14 : 20 33 37 39 44 50 57 59 70 72 73 75 96 99
21  1 : 21
22  1 : 22
23  1 : 23
24  2 : 24 53
25  1 : 25
27  107 : 27 41 48 64 67 71 76 83 84 85 87 89 90 92 93 94 95 98 100 103 104 106 107 108 110 111 112 113 114 115 116 119 120 121 124 125 126 128 130 131 132 135 136 137 138 139 140 145 146 147 148 151 152 153 154 155 156 157 158 159 160 161 163 164 165 167 168 169 170 172 173 174 175 176 177 178 180 181 182 183 184 185 186 188 189 190 191 192 193 194 196 198 199 200 201 202 203 204 205 206 207 209 210 211 212 213 215
28  1 : 28
30  1 : 30
31  1 : 31
32  8 : 32 36 52 60 62 77 81 208
54  7 : 54 127 133 141 149 179 195
79  1 : 79
143  1 : 143
% end

% frame 67
% time 6.8
% start   6.8
% cluster-index, number-of-fibers : name-of-fibers
1  25 : 1 35 40 42 45 51 61 66 68 78 86 88 101 102 105 109 118 122 129 142 144 150 166 197 214
2  9 : 2 43 58 63 69 97 117 123 134
3  1 : 3
4  1 : 4
5  2 : 5 34
6  1 : 6
7  1 : 7
8  1 : 8
9  2 : 9 26
10  2 : 10 38
11  1 : 11
12  10 : 12 55 56 65 74 82 91 162 171 187
13  3 : 13 29 47
14  1 : 14
15  1 : 15
16  1 : 16
17  1 : 17
18  3 : 18 49 80
19  1 : 19
20  14 : 20 33 37 39 44 50 57 59 70 72 73 75 96 99
21  1 : 21
22  1 : 22
23  1 : 23
24  2 : 24 53
25  1 : 25
27  109 : 27 41 48 64 67 71 76 83 84 85 87 89 90 92 93 94 95 98 100 103 104 106 107 108 110 111 112 113 114 115 116 119 120 121 124 125 126 128 130 131 132 135 136 137 138 139 140 145 146 147 148 151 152 153 154 155 156 157 158 159 160 161 163 164 165 167 168 169 170 172 173 174 175 176 177 178 180 181 182 183 184 185 186 188 189 190 191 192 193 194 196 198 199 200 201 202 203 204 205 206 207 209 210 211 212 213 215 216 217
28  1 : 28
30  1 : 30
31  1 : 31
32  8 : 32 36 52 60 62 77 81 208
54  7 : 54 127 133 141 149 179 195
79  1 : 79
143  1 : 143
% end

% frame 68
% time 6.9
% start   6.9
% cluster-index, number-of-fibers : name-of-fibers
1  25 : 1 35 40 42 45 51 61 66 68 78 86 88 101 102 105 109 118 122 129 142 144 150 166 197 214
2  9 : 2 43 58 63 69 97 117 123 134
3  1 : 3
4  1 : 4
5  2 : 5 34
6  1 : 6
7  1 : 7
8  1 : 8
9  2 : 9 26
10  2 : 10 38
11  1 : 11
12  10 : 12 55 56 65 74 82 91 162 171 187
13  3 : 13 29 47
14  1 : 14
15  1 : 15
16  1 : 16
17  1 : 17
18  3 : 18 49 80
19  1 : 19
20  14 : 20 33 37 39 44 50 57 59 70 72 73 75 96 99
21  1 : 21
22  1 : 22
23  1 : 23
24  2 : 24 53
25  1 : 25
27  109 : 27 41 48 64 67 71 76 83 84 85 87 89 90 92 93 94 95 98 100 103 104 106 107 108 110 111 112 113 114 115 116 119 120 121 124 125 126 128 130 131 132 135 136 137 138 139 140 145 146 147 148 151 152 153 154 155 156 157 158 159 160 161 163 164 165 167 168 169 170 172 173 174 175 176 177 178 180 181 182 183 184 185 186 188 189 190 191 192 193 194 196 198 199 200 201 202 203 204 205 206 207 209 210 211 212 213 215 216 217
28  1 : 28
30  1 : 30
31  1 : 31
32  8 : 32 36 52 60 62 77 81 208
54  7 : 54 127 133 141 149 179 195
79  1 : 79
143  1 : 143
% end

% frame 69
% time 7
% start   7
% cluster-index, number-of-fibers : name-of-fibers
1  25 : 1 35 40 42 45 51 61 66 68 78 86 88 101 102 105 109 118 122 129 142 144 150 166 197 214
2  9 : 2 43 58 63 69 97 117 123 134
3  1 : 3
4  1 : 4
5  2 : 5 34
6  1 : 6
7  1 : 7
8  1 : 8
9  2 : 9 26
10  2 : 10 38
11  1 : 11
12  10 : 12 55 56 65 74 82 91 162 171 187
13  3 : 13 29 47
14  1 : 14
15  1 : 15
16  1 : 16
17  1 : 17
18  3 : 18 49 80
19  1 : 19
20  14 : 20 33 37 39 44 50 57 59 70 72 73 75 96 99
21  1 : 21
22  1 : 22
23  1 : 23
24  2 : 24 53
25  1 : 25
27  111 : 27 41 48 64 67 71 76 83 84 85 87 89 90 92 93 94 95 98 100 103 104 106 107 108 110 111 112 113 114 115 116 119 120 121 124 125 126 128 130 131 132 135 136 137 138 139 140 145 146 147 148 151 152 153 154 155 156 157 158 159 160 161 163 164 165 167 168 169 170 172 173 174 175 176 177 178 180 181 182 183 184 185 186 188 189 190 191 192 193 194 196 198 199 200 201 202 203 204 205 206 207 209 210 211 212 213 215 216 217 218 219
28  1 : 28
30  1 : 30
31  1 : 31
32  8 : 32 36 52 60 62 77 81 208
54  7 : 54 127 133 141 149 179 195
79  1 : 79
143  1 : 143
% end

% frame 70
% time 7.1
% start   7.1
% cluster-index, number-of-fibers : name-of-fibers
1  25 : 1 35 40 42 45 51 61 66 68 78 86 88 101 102 105 109 118 122 129 142 144 150 166 197 214
2  9 : 2 43 58 63 69 97 117 123 134
3  1 : 3
4  1 : 4
5  2 : 5 34
6  1 : 6
7  1 : 7
8  1 : 8
9  2 : 9 26
10  2 : 10 38
11  1 : 11
12  10 : 12 55 56 65 74 82 91 162 171 187
13  3 : 13 29 47
14  1 : 14
15  1 : 15
16  1 : 16
17  1 : 17
18  3 : 18 49 80
19  1 : 19
20  14 : 20 33 37 39 44 50 57 59 70 72 73 75 96 99
21  1 : 21
22  1 : 22
23  1 : 23
24  2 : 24 53
25  1 : 25
27  112 : 27 41 48 64 67 71 76 83 84 85 87 89 90 92 93 94 95 98 100 103 104 106 107 108 110 111 112 113 114 115 116 119 120 121 124 125 126 128 130 131 132 135 136 137 138 139 140 145 146 147 148 151 152 153 154 155 156 157 158 159 160 161 163 164 165 167 168 169 170 172 173 174 175 176 177 178 180 181 182 183 184 185 186 188 189 190 191 192 193 194 196 198 199 200 201 202 203 204 205 206 207 209 210 211 212 213 215 216 217 218 219 220
28  1 : 28
30  1 : 30
31  1 : 31
32  8 : 32 36 52 60 62 77 81 208
54  7 : 54 127 133 141 149 179 195
79  1 : 79
143  1 : 143
% end

% frame 71
% time 7.2
% start   7.2
% cluster-index, number-of-fibers : name-of-fibers
1  25 : 1 35 40 42 45 51 61 66 68 78 86 88 101 102 105 109 118 122 129 142 144 150 166 197 214
2  9 : 2 43 58 63 69 97 117 123 134
3  1 : 3
4  1 : 4
5  2 : 5 34
6  1 : 6
7  1 : 7
8  1 : 8
9  2 : 9 26
10  2 : 10 38
11  1 : 11
12  10 : 12 55 56 65 74 82 91 162 171 187
13  3 : 13 29 47
14  1 : 14
15  1 : 15
16  1 : 16
17  1 : 17
18  3 : 18 49 80
19  1 : 19
20  14 : 20 33 37 39 44 50 57 59 70 72 73 75 96 99
21  1 : 21
22  1 : 22
23  1 : 23
24  2 : 24 53
25  1 : 25
27  112 : 27 41 48 64 67 71 76 83 84 85 87 89 90 92 93 94 95 98 100 103 104 106 107 108 110 111 112 113 114 115 116 119 120 121 124 125 126 128 130 131 132 135 136 137 138 139 140 145 146 147 148 151 152 153 154 155 156 157 158 159 160 161 163 164 165 167 168 169 170 172 173 174 175 176 177 178 180 181 182 183 184 185 186 188 189 190 191 192 193 194 196 198 199 200 201 202 203 204 205 206 207 209 210 211 212 213 215 216 217 218 219 220
28  1 : 28
30  1 : 30
31  1 : 31
32  8 : 32 36 52 60 62 77 81 208
54  7 : 54 127 133 141 149 179 195
79  1 : 79
143  1 : 143
% end

% frame 72
% time 7.3
% start   7.3
% cluster-index, number-of-fibers : name-of-fibers
1  25 : 1 35 40 42 45 51 61 66 68 78 86 88 101 102 105 109 118 122 129 142 144 150 166 197 214
2  9 : 2 43 58 63 69 97 117 123 134
3  1 : 3
4  1 : 4
5  2 : 5 34
6  1 : 6
7  1 : 7
8  1 : 8
9  2 : 9 26
10  2 : 10 38
11  1 : 11
12  10 : 12 55 56 65 74 82 91 162 171 187
13  3 : 13 29 47
14  1 : 14
15  1 : 15
16  1 : 16
17  1 : 17
18  3 : 18 49 80
19  1 : 19
20  14 : 20 33 37 39 44 50 57 59 70 72 73 75 96 99
21  1 : 21
22  1 : 22
23  1 : 23
24  2 : 24 53
25  1 : 25
27  112 : 27 41 48 64 67 71 76 83 84 85 87 89 90 92 93 94 95 98 100 103 104 106 107 108 110 111 112 113 114 115 116 119 120 121 124 125 126 128 130 131 132 135 136 137 138 139 140 145 146 147 148 151 152 153 154 155 156 157 158 159 160 161 163 164 165 167 168 169 170 172 173 174 175 176 177 178 180 181 182 183 184 185 186 188 189 190 191 192 193 194 196 198 199 200 201 202 203 204 205 206 207 209 210 211 212 213 215 216 217 218 219 220
28  1 : 28
30  1 : 30
31  1 : 31
32  8 : 32 36 52 60 62 77 81 208
54  7 : 54 127 133 141 149 179 195
79  1 : 79
143  1 : 143
% end

% frame 73
% time 7.4
% start   7.4
% cluster-index, number-of-fibers : name-of-fibers
1  25 : 1 35 40 42 45 51 61 66 68 78 86 88 101 102 105 109 118 122 129 142 144 150 166 197 214
2  9 : 2 43 58 63 69 97 117 123 134
3  1 : 3
4  1 : 4
5  2 : 5 34
6  1 : 6
7  1 : 7
8  1 : 8
9  2 : 9 26
10  2 : 10 38
11  1 : 11
12  10 : 12 55 56 65 74 82 91 162 171 187
13  3 : 13 29 47
14  1 : 14
15  1 : 15
16  1 : 16
17  1 : 17
18  3 : 18 49 80
19  1 : 19
20  14 : 20 33 37 39 44 50 57 59 70 72 73 75 96 99
21  1 : 21
22  1 : 22
23  1 : 23
24  2 : 24 53
25  1 : 25
27  114 : 27 41 48 64 67 71 76 83 84 85 87 89 90 92 93 94 95 98 100 103 104 106 107 108 110 111 112 113 114 115 116 119 120 121 124 125 126 128 130 131 132 135 136 137 138 139 140 145 146 147 148 151 152 153 154 155 156 157 158 159 160 161 163 164 165 167 168 169 170 172 173 174 175 176 177 178 180 181 182 183 184 185 186 188 189 190 191 192 193 194 196 198 199 200 201 202 203 204 205 206 207 209 210 211 212 213 215 216 217 218 219 220 221 222
28  1 : 28
30  1 : 30
31  1 : 31
32  8 : 32 36 52 60 62 77 81 208
54  7 : 54 127 133 141 149 179 195
79  1 : 79
143  1 : 143
% end

% frame 74
% time 7.5
% start   7.5
% cluster-index, number-of-fibers : name-of-fibers
1  25 : 1 35 40 42 45 51 61 66 68 78 86 88 101 102 105 109 118 122 129 142 144 150 166 197 214
2  9 : 2 43 58 63 69 97 117 123 134
3  1 : 3
4  1 : 4
5  2 : 5 34
6  1 : 6
7  1 : 7
8  1 : 8
9  2 : 9 26
10  2 : 10 38
11  1 : 11
12  10 : 12 55 56 65 74 82 91 162 171 187
13  3 : 13 29 47
14  1 : 14
15  1 : 15
16  1 : 16
17  1 : 17
18  3 : 18 49 80
19  1 : 19
20  14 : 20 33 37 39 44 50 57 59 70 72 73 75 96 99
21  1 : 21
22  1 : 22
23  1 : 23
24  2 : 24 53
25  1 : 25
27  114 : 27 41 48 64 67 71 76 83 84 85 87 89 90 92 93 94 95 98 100 103 104 106 107 108 110 111 112 113 114 115 116 119 120 121 124 125 126 128 130 131 132 135 136 137 138 139 140 145 146 147 148 151 152 153 154 155 156 157 158 159 160 161 163 164 165 167 168 169 170 172 173 174 175 176 177 178 180 181 182 183 184 185 186 188 189 190 191 192 193 194 196 198 199 200 201 202 203 204 205 206 207 209 210 211 212 213 215 216 217 218 219 220 221 222
28  1 : 28
30  1 : 30
31  1 : 31
32  8 : 32 36 52 60 62 77 81 208
54  7 : 54 127 133 141 149 179 195
79  1 : 79
143  1 : 143
% end

% frame 75
% time 7.6
% start   7.6
% cluster-index, number-of-fibers : name-of-fibers
1  25 : 1 35 40 42 45 51 61 66 68 78 86 88 101 102 105 109 118 122 129 142 144 150 166 197 214
2  9 : 2 43 58 63 69 97 117 123 134
3  1 : 3
4  1 : 4
5  2 : 5 34
6  1 : 6
7  1 : 7
8  1 : 8
9  2 : 9 26
10  2 : 10 38
11  1 : 11
12  10 : 12 55 56 65 74 82 91 162 171 187
13  3 : 13 29 47
14  1 : 14
15  1 : 15
16  1 : 16
17  1 : 17
18  3 : 18 49 80
19  1 : 19
20  14 : 20 33 37 39 44 50 57 59 70 72 73 75 96 99
21  1 : 21
22  1 : 22
23  1 : 23
24  2 : 24 53
25  1 : 25
27  115 : 27 41 48 64 67 71 76 83 84 85 87 89 90 92 93 94 95 98 100 103 104 106 107 108 110 111 112 113 114 115 116 119 120 121 124 125 126 128 130 131 132 135 136 137 138 139 140 145 146 147 148 151 152 153 154 155 156 157 158 159 160 161 163 164 165 167 168 169 170 172 173 174 175 176 177 178 180 181 182 183 184 185 186 188 189 190 191 192 193 194 196 198 199 200 201 202 203 204 205 206 207 209 210 211 212 213 215 216 217 218 219 220 221 222 223
28  1 : 28
30  1 : 30
31  1 : 31
32  8 : 32 36 52 60 62 77 81 208
54  7 : 54 127 133 141 149 179 195
79  1 : 79
143  1 : 143
% end

% frame 76
% time 7.7
% start   7.7
% cluster-index, number-of-fibers : name-of-fibers
1  25 : 1 35 40 42 45 51 61 66 68 78 86 88 101 102 105 109 118 122 129 142 144 150 166 197 214
2  9 : 2 43 58 63 69 97 117 123 134
3  1 : 3
4  1 : 4
5  2 : 5 34
6  1 : 6
7  1 : 7
8  1 : 8
9  2 : 9 26
10  2 : 10 38
11  1 : 11
12  10 : 12 55 56 65 74 82 91 162 171 187
13  3 : 13 29 47
14  1 : 14
15  1 : 15
16  1 : 16
17  1 : 17
18  3 : 18 49 80
19  1 : 19
20  14 : 20 33 37 39 44 50 57 59 70 72 73 75 96 99
21  1 : 21
22  1 : 22
23  1 : 23
24  2 : 24 53
25  1 : 25
27  115 : 27 41 48 64 67 71 76 83 84 85 87 89 90 92 93 94 95 98 100 103 104 106 107 108 110 111 112 113 114 115 116 119 120 121 124 125 126 128 130 131 132 135 136 137 138 139 140 145 146 147 148 151 152 153 154 155 156 157 158 159 160 161 163 164 165 167 168 169 170 172 173 174 175 176 177 178 180 181 182 183 184 185 186 188 189 190 191 192 193 194 196 198 199 200 201 202 203 204 205 206 207 209 210 211 212 213 215 216 217 218 219 220 221 222 223
28  1 : 28
30  1 : 30
31  1 : 31
32  8 : 32 36 52 60 62 77 81 208
54  7 : 54 127 133 141 149 179 195
79  1 : 79
143  1 : 143
224  1 : 224
% end

% frame 77
% time 7.8
% start   7.8
% cluster-index, number-of-fibers : name-of-fibers
1  25 : 1 35 40 42 45 51 61 66 68 78 86 88 101 102 105 109 118 122 129 142 144 150 166 197 214
2  9 : 2 43 58 63 69 97 117 123 134
3  1 : 3
4  1 : 4
5  2 : 5 34
6  1 : 6
7  1 : 7
8  1 : 8
9  2 : 9 26
10  2 : 10 38
11  1 : 11
12  10 : 12 55 56 65 74 82 91 162 171 187
13  3 : 13 29 47
14  1 : 14
15  1 : 15
16  1 : 16
17  1 : 17
18  3 : 18 49 80
19  1 : 19
20  14 : 20 33 37 39 44 50 57 59 70 72 73 75 96 99
21  1 : 21
22  1 : 22
23  1 : 23
24  2 : 24 53
25  1 : 25
27  115 : 27 41 48 64 67 71 76 83 84 85 87 89 90 92 93 94 95 98 100 103 104 106 107 108 110 111 112 113 114 115 116 119 120 121 124 125 126 128 130 131 132 135 136 137 138 139 140 145 146 147 148 151 152 153 154 155 156 157 158 159 160 161 163 164 165 167 168 169 170 172 173 174 175 176 177 178 180 181 182 183 184 185 186 188 189 190 191 192 193 194 196 198 199 200 201 202 203 204 205 206 207 209 210 211 212 213 215 216 217 218 219 220 221 222 223
28  1 : 28
30  1 : 30
31  1 : 31
32  8 : 32 36 52 60 62 77 81 208
54  7 : 54 127 133 141 149 179 195
79  1 : 79
143  1 : 143
224  1 : 224
% end

% frame 78
% time 7.9
% start   7.9
% cluster-index, number-of-fibers : name-of-fibers
1  25 : 1 35 40 42 45 51 61 66 68 78 86 88 101 102 105 109 118 122 129 142 144 150 166 197 214
2  9 : 2 43 58 63 69 97 117 123 134
3  1 : 3
4  1 : 4
5  2 : 5 34
6  1 : 6
7  1 : 7
8  1 : 8
9  2 : 9 26
10  2 : 10 38
11  1 : 11
12  10 : 12 55 56 65 74 82 91 162 171 187
13  3 : 13 29 47
14  1 : 14
15  1 : 15
16  1 : 16
17  1 : 17
18  3 : 18 49 80
19  1 : 19
20  14 : 20 33 37 39 44 50 57 59 70 72 73 75 96 99
21  1 : 21
22  1 : 22
23  1 : 23
24  2 : 24 53
25  1 : 25
27  115 : 27 41 48 64 67 71 76 83 84 85 87 89 90 92 93 94 95 98 100 103 104 106 107 108 110 111 112 113 114 115 116 119 120 121 124 125 126 128 130 131 132 135 136 137 138 139 140 145 146 147 148 151 152 153 154 155 156 157 158 159 160 161 163 164 165 167 168 169 170 172 173 174 175 176 177 178 180 181 182 183 184 185 186 188 189 190 191 192 193 194 196 198 199 200 201 202 203 204 205 206 207 209 210 211 212 213 215 216 217 218 219 220 221 222 223
28  1 : 28
30  1 : 30
31  1 : 31
32  8 : 32 36 52 60 62 77 81 208
54  7 : 54 127 133 141 149 179 195
79  1 : 79
143  1 : 143
224  1 : 224
% end

% frame 79
% time 8
% start   8
% cluster-index, number-of-fibers : name-of-fibers
1  25 : 1 35 40 42 45 51 61 66 68 78 86 88 101 102 105 109 118 122 129 142 144 150 166 197 214
2  9 : 2 43 58 63 69 97 117 123 134
3  1 : 3
4  1 : 4
5  2 : 5 34
6  1 : 6
7  1 : 7
8  1 : 8
9  2 : 9 26
10  2 : 10 38
11  1 : 11
12  10 : 12 55 56 65 74 82 91 162 171 187
13  3 : 13 29 47
14  1 : 14
15  1 : 15
16  1 : 16
17  1 : 17
18  3 : 18 49 80
19  1 : 19
20  14 : 20 33 37 39 44 50 57 59 70 72 73 75 96 99
21  1 : 21
22  1 : 22
23  1 : 23
24  2 : 24 53
25  1 : 25
27  116 : 27 41 48 64 67 71 76 83 84 85 87 89 90 92 93 94 95 98 100 103 104 106 107 108 110 111 112 113 114 115 116 119 120 121 124 125 126 128 130 131 132 135 136 137 138 139 140 145 146 147 148 151 152 153 154 155 156 157 158 159 160 161 163 164 165 167 168 169 170 172 173 174 175 176 177 178 180 181 182 183 184 185 186 188 189 190 191 192 193 194 196 198 199 200 201 202 203 204 205 206 207 209 210 211 212 213 215 216 217 218 219 220 221 222 223 224
28  1 : 28
30  1 : 30
31  1 : 31
32  8 : 32 36 52 60 62 77 81 208
54  7 : 54 127 133 141 149 179 195
79  1 : 79
143  1 : 143
% end

% frame 80
% time 8.1
% start   8.1
% cluster-index, number-of-fibers : name-of-fibers
1  25 : 1 35 40 42 45 51 61 66 68 78 86 88 101 102 105 109 118 122 129 142 144 150 166 197 214
2  9 : 2 43 58 63 69 97 117 123 134
3  1 : 3
4  1 : 4
5  2 : 5 34
6  1 : 6
7  1 : 7
8  1 : 8
9  2 : 9 26
10  2 : 10 38
11  1 : 11
12  10 : 12 55 56 65 74 82 91 162 171 187
13  3 : 13 29 47
14  1 : 14
15  1 : 15
16  1 : 16
17  1 : 17
18  3 : 18 49 80
19  1 : 19
20  14 : 20 33 37 39 44 50 57 59 70 72 73 75 96 99
21  1 : 21
22  1 : 22
23  1 : 23
24  2 : 24 53
25  1 : 25
27  117 : 27 41 48 64 67 71 76 83 84 85 87 89 90 92 93 94 95 98 100 103 104 106 107 108 110 111 112 113 114 115 116 119 120 121 124 125 126 128 130 131 132 135 136 137 138 139 140 145 146 147 148 151 152 153 154 155 156 157 158 159 160 161 163 164 165 167 168 169 170 172 173 174 175 176 177 178 180 181 182 183 184 185 186 188 189 190 191 192 193 194 196 198 199 200 201 202 203 204 205 206 207 209 210 211 212 213 215 216 217 218 219 220 221 222 223 224 225
28  1 : 28
30  1 : 30
31  1 : 31
32  8 : 32 36 52 60 62 77 81 208
54  7 : 54 127 133 141 149 179 195
79  1 : 79
143  1 : 143
% end

% frame 81
% time 8.2
% start   8.2
% cluster-index, number-of-fibers : name-of-fibers
1  25 : 1 35 40 42 45 51 61 66 68 78 86 88 101 102 105 109 118 122 129 142 144 150 166 197 214
2  9 : 2 43 58 63 69 97 117 123 134
3  1 : 3
4  1 : 4
5  2 : 5 34
6  1 : 6
7  1 : 7
8  1 : 8
9  2 : 9 26
10  2 : 10 38
11  1 : 11
12  10 : 12 55 56 65 74 82 91 162 171 187
13  3 : 13 29 47
14  1 : 14
15  1 : 15
16  1 : 16
17  1 : 17
18  3 : 18 49 80
19  1 : 19
20  14 : 20 33 37 39 44 50 57 59 70 72 73 75 96 99
21  1 : 21
22  1 : 22
23  1 : 23
24  2 : 24 53
25  1 : 25
27  117 : 27 41 48 64 67 71 76 83 84 85 87 89 90 92 93 94 95 98 100 103 104 106 107 108 110 111 112 113 114 115 116 119 120 121 124 125 126 128 130 131 132 135 136 137 138 139 140 145 146 147 148 151 152 153 154 155 156 157 158 159 160 161 163 164 165 167 168 169 170 172 173 174 175 176 177 178 180 181 182 183 184 185 186 188 189 190 191 192 193 194 196 198 199 200 201 202 203 204 205 206 207 209 210 211 212 213 215 216 217 218 219 220 221 222 223 224 225
28  1 : 28
30  1 : 30
31  1 : 31
32  8 : 32 36 52 60 62 77 81 208
54  7 : 54 127 133 141 149 179 195
79  1 : 79
143  1 : 143
% end

% frame 82
% time 8.3
% start   8.3
% cluster-index, number-of-fibers : name-of-fibers
1  25 : 1 35 40 42 45 51 61 66 68 78 86 88 101 102 105 109 118 122 129 142 144 150 166 197 214
2  9 : 2 43 58 63 69 97 117 123 134
3  1 : 3
4  1 : 4
5  2 : 5 34
6  1 : 6
7  1 : 7
8  1 : 8
9  2 : 9 26
10  2 : 10 38
11  1 : 11
12  10 : 12 55 56 65 74 82 91 162 171 187
13  3 : 13 29 47
14  1 : 14
15  1 : 15
16  1 : 16
17  1 : 17
18  3 : 18 49 80
19  1 : 19
20  14 : 20 33 37 39 44 50 57 59 70 72 73 75 96 99
21  1 : 21
22  1 : 22
23  1 : 23
24  2 : 24 53
25  1 : 25
27  118 : 27 41 48 64 67 71 76 83 84 85 87 89 90 92 93 94 95 98 100 103 104 106 107 108 110 111 112 113 114 115 116 119 120 121 124 125 126 128 130 131 132 135 136 137 138 139 140 145 146 147 148 151 152 153 154 155 156 157 158 159 160 161 163 164 165 167 168 169 170 172 173 174 175 176 177 178 180 181 182 183 184 185 186 188 189 190 191 192 193 194 196 198 199 200 201 202 203 204 205 206 207 209 210 211 212 213 215 216 217 218 219 220 221 222 223 224 225 226
28  1 : 28
30  1 : 30
31  1 : 31
32  8 : 32 36 52 60 62 77 81 208
54  7 : 54 127 133 141 149 179 195
79  1 : 79
143  1 : 143
% end

% frame 83
% time 8.4
% start   8.4
% cluster-index, number-of-fibers : name-of-fibers
1  25 : 1 35 40 42 45 51 61 66 68 78 86 88 101 102 105 109 118 122 129 142 144 150 166 197 214
2  9 : 2 43 58 63 69 97 117 123 134
3  1 : 3
4  1 : 4
5  2 : 5 34
6  1 : 6
7  1 : 7
8  1 : 8
9  2 : 9 26
10  2 : 10 38
11  1 : 11
12  10 : 12 55 56 65 74 82 91 162 171 187
13  3 : 13 29 47
14  1 : 14
15  1 : 15
16  1 : 16
17  1 : 17
18  3 : 18 49 80
19  1 : 19
20  14 : 20 33 37 39 44 50 57 59 70 72 73 75 96 99
21  1 : 21
22  1 : 22
23  1 : 23
24  2 : 24 53
25  1 : 25
27  118 : 27 41 48 64 67 71 76 83 84 85 87 89 90 92 93 94 95 98 100 103 104 106 107 108 110 111 112 113 114 115 116 119 120 121 124 125 126 128 130 131 132 135 136 137 138 139 140 145 146 147 148 151 152 153 154 155 156 157 158 159 160 161 163 164 165 167 168 169 170 172 173 174 175 176 177 178 180 181 182 183 184 185 186 188 189 190 191 192 193 194 196 198 199 200 201 202 203 204 205 206 207 209 210 211 212 213 215 216 217 218 219 220 221 222 223 224 225 226
28  1 : 28
30  1 : 30
31  1 : 31
32  8 : 32 36 52 60 62 77 81 208
54  7 : 54 127 133 141 149 179 195
79  1 : 79
143  1 : 143
% end

% frame 84
% time 8.5
% start   8.5
% cluster-index, number-of-fibers : name-of-fibers
1  25 : 1 35 40 42 45 51 61 66 68 78 86 88 101 102 105 109 118 122 129 142 144 150 166 197 214
2  9 : 2 43 58 63 69 97 117 123 134
3  1 : 3
4  1 : 4
5  2 : 5 34
6  1 : 6
7  1 : 7
8  1 : 8
9  2 : 9 26
10  2 : 10 38
11  1 : 11
12  10 : 12 55 56 65 74 82 91 162 171 187
13  3 : 13 29 47
14  1 : 14
15  1 : 15
16  1 : 16
17  1 : 17
18  3 : 18 49 80
19  1 : 19
20  14 : 20 33 37 39 44 50 57 59 70 72 73 75 96 99
21  1 : 21
22  1 : 22
23  1 : 23
24  2 : 24 53
25  1 : 25
27  118 : 27 41 48 64 67 71 76 83 84 85 87 89 90 92 93 94 95 98 100 103 104 106 107 108 110 111 112 113 114 115 116 119 120 121 124 125 126 128 130 131 132 135 136 137 138 139 140 145 146 147 148 151 152 153 154 155 156 157 158 159 160 161 163 164 165 167 168 169 170 172 173 174 175 176 177 178 180 181 182 183 184 185 186 188 189 190 191 192 193 194 196 198 199 200 201 202 203 204 205 206 207 209 210 211 212 213 215 216 217 218 219 220 221 222 223 224 225 226
28  1 : 28
30  1 : 30
31  1 : 31
32  8 : 32 36 52 60 62 77 81 208
54  7 : 54 127 133 141 149 179 195
79  1 : 79
143  1 : 143
% end

% frame 85
% time 8.6
% start   8.6
% cluster-index, number-of-fibers : name-of-fibers
1  25 : 1 35 40 42 45 51 61 66 68 78 86 88 101 102 105 109 118 122 129 142 144 150 166 197 214
2  9 : 2 43 58 63 69 97 117 123 134
3  1 : 3
4  1 : 4
5  2 : 5 34
6  1 : 6
7  1 : 7
8  1 : 8
9  2 : 9 26
10  2 : 10 38
11  1 : 11
12  10 : 12 55 56 65 74 82 91 162 171 187
13  3 : 13 29 47
14  1 : 14
15  1 : 15
16  1 : 16
17  1 : 17
18  3 : 18 49 80
19  1 : 19
20  14 : 20 33 37 39 44 50 57 59 70 72 73 75 96 99
21  1 : 21
22  1 : 22
23  1 : 23
24  2 : 24 53
25  1 : 25
27  118 : 27 41 48 64 67 71 76 83 84 85 87 89 90 92 93 94 95 98 100 103 104 106 107 108 110 111 112 113 114 115 116 119 120 121 124 125 126 128 130 131 132 135 136 137 138 139 140 145 146 147 148 151 152 153 154 155 156 157 158 159 160 161 163 164 165 167 168 169 170 172 173 174 175 176 177 178 180 181 182 183 184 185 186 188 189 190 191 192 193 194 196 198 199 200 201 202 203 204 205 206 207 209 210 211 212 213 215 216 217 218 219 220 221 222 223 224 225 226
28  1 : 28
30  1 : 30
31  1 : 31
32  8 : 32 36 52 60 62 77 81 208
54  7 : 54 127 133 141 149 179 195
79  1 : 79
143  1 : 143
% end

% frame 86
% time 8.7
% start   8.7
% cluster-index, number-of-fibers : name-of-fibers
1  25 : 1 35 40 42 45 51 61 66 68 78 86 88 101 102 105 109 118 122 129 142 144 150 166 197 214
2  9 : 2 43 58 63 69 97 117 123 134
3  1 : 3
4  1 : 4
5  2 : 5 34
6  1 : 6
7  1 : 7
8  1 : 8
9  2 : 9 26
10  2 : 10 38
11  1 : 11
12  10 : 12 55 56 65 74 82 91 162 171 187
13  3 : 13 29 47
14  1 : 14
15  1 : 15
16  1 : 16
17  1 : 17
18  3 : 18 49 80
19  1 : 19
20  14 : 20 33 37 39 44 50 57 59 70 72 73 75 96 99
21  1 : 21
22  1 : 22
23  1 : 23
24  2 : 24 53
25  1 : 25
27  118 : 27 41 48 64 67 71 76 83 84 85 87 89 90 92 93 94 95 98 100 103 104 106 107 108 110 111 112 113 114 115 116 119 120 121 124 125 126 128 130 131 132 135 136 137 138 139 140 145 146 147 148 151 152 153 154 155 156 157 158 159 160 161 163 164 165 167 168 169 170 172 173 174 175 176 177 178 180 181 182 183 184 185 186 188 189 190 191 192 193 194 196 198 199 200 201 202 203 204 205 206 207 209 210 211 212 213 215 216 217 218 219 220 221 222 223 224 225 226
28  1 : 28
30  1 : 30
31  1 : 31
32  8 : 32 36 52 60 62 77 81 208
54  7 : 54 127 133 141 149 179 195
79  1 : 79
143  1 : 143
% end

% frame 87
% time 8.8
% start   8.8
% cluster-index, number-of-fibers : name-of-fibers
1  25 : 1 35 40 42 45 51 61 66 68 78 86 88 101 102 105 109 118 122 129 142 144 150 166 197 214
2  9 : 2 43 58 63 69 97 117 123 134
3  1 : 3
4  1 : 4
5  2 : 5 34
6  1 : 6
7  1 : 7
8  1 : 8
9  2 : 9 26
10  2 : 10 38
11  1 : 11
12  10 : 12 55 56 65 74 82 91 162 171 187
13  3 : 13 29 47
14  1 : 14
15  1 : 15
16  1 : 16
17  1 : 17
18  3 : 18 49 80
19  1 : 19
20  14 : 20 33 37 39 44 50 57 59 70 72 73 75 96 99
21  1 : 21
22  1 : 22
23  1 : 23
24  2 : 24 53
25  1 : 25
27  119 : 27 41 48 64 67 71 76 83 84 85 87 89 90 92 93 94 95 98 100 103 104 106 107 108 110 111 112 113 114 115 116 119 120 121 124 125 126 128 130 131 132 135 136 137 138 139 140 145 146 147 148 151 152 153 154 155 156 157 158 159 160 161 163 164 165 167 168 169 170 172 173 174 175 176 177 178 180 181 182 183 184 185 186 188 189 190 191 192 193 194 196 198 199 200 201 202 203 204 205 206 207 209 210 211 212 213 215 216 217 218 219 220 221 222 223 224 225 226 227
28  1 : 28
30  1 : 30
31  1 : 31
32  8 : 32 36 52 60 62 77 81 208
54  7 : 54 127 133 141 149 179 195
79  1 : 79
143  1 : 143
% end

% frame 88
% time 8.9
% start   8.9
% cluster-index, number-of-fibers : name-of-fibers
1  25 : 1 35 40 42 45 51 61 66 68 78 86 88 101 102 105 109 118 122 129 142 144 150 166 197 214
2  9 : 2 43 58 63 69 97 117 123 134
3  1 : 3
4  1 : 4
5  2 : 5 34
6  1 : 6
7  1 : 7
8  1 : 8
9  2 : 9 26
10  2 : 10 38
11  1 : 11
12  10 : 12 55 56 65 74 82 91 162 171 187
13  3 : 13 29 47
14  1 : 14
15  1 : 15
16  1 : 16
17  1 : 17
18  3 : 18 49 80
19  1 : 19
20  14 : 20 33 37 39 44 50 57 59 70 72 73 75 96 99
21  1 : 21
22  1 : 22
23  1 : 23
24  2 : 24 53
25  1 : 25
27  120 : 27 41 48 64 67 71 76 83 84 85 87 89 90 92 93 94 95 98 100 103 104 106 107 108 110 111 112 113 114 115 116 119 120 121 124 125 126 128 130 131 132 135 136 137 138 139 140 145 146 147 148 151 152 153 154 155 156 157 158 159 160 161 163 164 165 167 168 169 170 172 173 174 175 176 177 178 180 181 182 183 184 185 186 188 189 190 191 192 193 194 196 198 199 200 201 202 203 204 205 206 207 209 210 211 212 213 215 216 217 218 219 220 221 222 223 224 225 226 227 228
28  1 : 28
30  1 : 30
31  1 : 31
32  8 : 32 36 52 60 62 77 81 208
54  7 : 54 127 133 141 149 179 195
79  1 : 79
143  1 : 143
% end

% frame 89
% time 9
% start   9
% cluster-index, number-of-fibers : name-of-fibers
1  25 : 1 35 40 42 45 51 61 66 68 78 86 88 101 102 105 109 118 122 129 142 144 150 166 197 214
2  9 : 2 43 58 63 69 97 117 123 134
3  1 : 3
4  1 : 4
5  2 : 5 34
6  1 : 6
7  1 : 7
8  1 : 8
9  2 : 9 26
10  2 : 10 38
11  1 : 11
12  10 : 12 55 56 65 74 82 91 162 171 187
13  3 : 13 29 47
14  1 : 14
15  1 : 15
16  1 : 16
17  1 : 17
18  3 : 18 49 80
19  1 : 19
20  14 : 20 33 37 39 44 50 57 59 70 72 73 75 96 99
21  1 : 21
22  1 : 22
23  1 : 23
24  2 : 24 53
25  1 : 25
27  120 : 27 41 48 64 67 71 76 83 84 85 87 89 90 92 93 94 95 98 100 103 104 106 107 108 110 111 112 113 114 115 116 119 120 121 124 125 126 128 130 131 132 135 136 137 138 139 140 145 146 147 148 151 152 153 154 155 156 157 158 159 160 161 163 164 165 167 168 169 170 172 173 174 175 176 177 178 180 181 182 183 184 185 186 188 189 190 191 192 193 194 196 198 199 200 201 202 203 204 205 206 207 209 210 211 212 213 215 216 217 218 219 220 221 222 223 224 225 226 227 228
28  1 : 28
30  1 : 30
31  1 : 31
32  8 : 32 36 52 60 62 77 81 208
54  7 : 54 127 133 141 149 179 195
79  1 : 79
143  1 : 143
% end

% frame 90
% time 9.1
% start   9.1
% cluster-index, number-of-fibers : name-of-fibers
1  25 : 1 35 40 42 45 51 61 66 68 78 86 88 101 102 105 109 118 122 129 142 144 150 166 197 214
2  9 : 2 43 58 63 69 97 117 123 134
3  1 : 3
4  1 : 4
5  2 : 5 34
6  1 : 6
7  1 : 7
8  1 : 8
9  2 : 9 26
10  2 : 10 38
11  1 : 11
12  10 : 12 55 56 65 74 82 91 162 171 187
13  3 : 13 29 47
14  1 : 14
15  1 : 15
16  1 : 16
17  1 : 17
18  3 : 18 49 80
19  1 : 19
20  14 : 20 33 37 39 44 50 57 59 70 72 73 75 96 99
21  1 : 21
22  1 : 22
23  1 : 23
24  2 : 24 53
25  1 : 25
27  119 : 27 41 48 64 67 71 76 83 84 85 87 89 90 92 93 94 95 98 100 103 104 106 107 108 111 112 113 114 115 116 119 120 121 124 125 126 128 130 131 132 135 136 137 138 139 140 145 146 147 148 151 152 153 154 155 156 157 158 159 160 161 163 164 165 167 168 169 170 172 173 174 175 176 177 178 180 181 182 183 184 185 186 188 189 190 191 192 193 194 196 198 199 200 201 202 203 204 205 206 207 209 210 211 212 213 215 216 217 218 219 220 221 222 223 224 225 226 227 228
28  1 : 28
30  1 : 30
31  1 : 31
32  8 : 32 36 52 60 62 77 81 208
54  7 : 54 127 133 141 149 179 195
79  1 : 79
110  1 : 110
143  1 : 143
% end

% frame 91
% time 9.2
% start   9.2
% cluster-index, number-of-fibers : name-of-fibers
1  25 : 1 35 40 42 45 51 61 66 68 78 86 88 101 102 105 109 118 122 129 142 144 150 166 197 214
2  9 : 2 43 58 63 69 97 117 123 134
3  1 : 3
4  1 : 4
5  2 : 5 34
6  1 : 6
7  1 : 7
8  1 : 8
9  2 : 9 26
10  2 : 10 38
11  1 : 11
12  10 : 12 55 56 65 74 82 91 162 171 187
13  3 : 13 29 47
14  1 : 14
15  1 : 15
16  1 : 16
17  1 : 17
18  3 : 18 49 80
19  1 : 19
20  14 : 20 33 37 39 44 50 57 59 70 72 73 75 96 99
21  1 : 21
22  1 : 22
23  1 : 23
24  2 : 24 53
25  1 : 25
27  119 : 27 41 48 64 67 71 76 83 84 85 87 89 90 92 93 94 95 98 100 103 104 106 107 108 111 112 113 114 115 116 119 120 121 124 125 126 128 130 131 132 135 136 137 138 139 140 145 146 147 148 151 152 153 154 155 156 157 158 159 160 161 163 164 165 167 168 169 170 172 173 174 175 176 177 178 180 181 182 183 184 185 186 188 189 190 191 192 193 194 196 198 199 200 201 202 203 204 205 206 207 209 210 211 212 213 215 216 217 218 219 220 221 222 223 224 225 226 227 228
28  1 : 28
30  1 : 30
31  1 : 31
32  8 : 32 36 52 60 62 77 81 208
54  7 : 54 127 133 141 149 179 195
79  1 : 79
110  1 : 110
143  1 : 143
% end

% frame 92
% time 9.3
% start   9.3
% cluster-index, number-of-fibers : name-of-fibers
1  25 : 1 35 40 42 45 51 61 66 68 78 86 88 101 102 105 109 118 122 129 142 144 150 166 197 214
2  9 : 2 43 58 63 69 97 117 123 134
3  1 : 3
4  1 : 4
5  2 : 5 34
6  1 : 6
7  1 : 7
8  1 : 8
9  2 : 9 26
10  2 : 10 38
11  1 : 11
12  10 : 12 55 56 65 74 82 91 162 171 187
13  3 : 13 29 47
14  1 : 14
15  1 : 15
16  1 : 16
17  1 : 17
18  3 : 18 49 80
19  1 : 19
20  14 : 20 33 37 39 44 50 57 59 70 72 73 75 96 99
21  1 : 21
22  1 : 22
23  1 : 23
24  2 : 24 53
25  1 : 25
27  119 : 27 41 48 64 67 71 76 83 84 85 87 89 90 92 93 94 95 98 100 103 104 106 107 108 111 112 113 114 115 116 119 120 121 124 125 126 128 130 131 132 135 136 137 138 139 140 145 146 147 148 151 152 153 154 155 156 157 158 159 160 161 163 164 165 167 168 169 170 172 173 174 175 176 177 178 180 181 182 183 184 185 186 188 189 190 191 192 193 194 196 198 199 200 201 202 203 204 205 206 207 209 210 211 212 213 215 216 217 218 219 220 221 222 223 224 225 226 227 228
28  1 : 28
30  1 : 30
31  1 : 31
32  8 : 32 36 52 60 62 77 81 208
54  7 : 54 127 133 141 149 179 195
79  1 : 79
110  1 : 110
143  1 : 143
% end

% frame 93
% time 9.4
% start   9.4
% cluster-index, number-of-fibers : name-of-fibers
1  25 : 1 35 40 42 45 51 61 66 68 78 86 88 101 102 105 109 118 122 129 142 144 150 166 197 214
2  9 : 2 43 58 63 69 97 117 123 134
3  1 : 3
4  1 : 4
5  2 : 5 34
6  1 : 6
7  1 : 7
8  1 : 8
9  2 : 9 26
10  2 : 10 38
11  1 : 11
12  10 : 12 55 56 65 74 82 91 162 171 187
13  3 : 13 29 47
14  1 : 14
15  1 : 15
16  1 : 16
17  1 : 17
18  3 : 18 49 80
19  1 : 19
20  14 : 20 33 37 39 44 50 57 59 70 72 73 75 96 99
21  1 : 21
22  1 : 22
23  1 : 23
24  2 : 24 53
25  1 : 25
27  119 : 27 41 48 64 67 71 76 83 84 85 87 89 90 92 93 94 95 98 100 103 104 106 107 108 111 112 113 114 115 116 119 120 121 124 125 126 128 130 131 132 135 136 137 138 139 140 145 146 147 148 151 152 153 154 155 156 157 158 159 160 161 163 164 165 167 168 169 170 172 173 174 175 176 177 178 180 181 182 183 184 185 186 188 189 190 191 192 193 194 196 198 199 200 201 202 203 204 205 206 207 209 210 211 212 213 215 216 217 218 219 220 221 222 223 224 225 226 227 228
28  1 : 28
30  1 : 30
31  1 : 31
32  8 : 32 36 52 60 62 77 81 208
54  7 : 54 127 133 141 149 179 195
79  1 : 79
110  1 : 110
143  1 : 143
% end

% frame 94
% time 9.5
% start   9.5
% cluster-index, number-of-fibers : name-of-fibers
1  25 : 1 35 40 42 45 51 61 66 68 78 86 88 101 102 105 109 118 122 129 142 144 150 166 197 214
2  9 : 2 43 58 63 69 97 117 123 134
3  1 : 3
4  1 : 4
5  2 : 5 34
6  1 : 6
7  1 : 7
8  1 : 8
9  2 : 9 26
10  2 : 10 38
11  1 : 11
12  10 : 12 55 56 65 74 82 91 162 171 187
13  3 : 13 29 47
14  1 : 14
15  1 : 15
16  1 : 16
17  1 : 17
18  3 : 18 49 80
19  1 : 19
20  14 : 20 33 37 39 44 50 57 59 70 72 73 75 96 99
21  1 : 21
22  1 : 22
23  1 : 23
24  2 : 24 53
25  1 : 25
27  119 : 27 41 48 64 67 71 76 83 84 85 87 89 90 92 93 94 95 98 100 103 104 106 107 108 111 112 113 114 115 116 119 120 121 124 125 126 128 130 131 132 135 136 137 138 139 140 145 146 147 148 151 152 153 154 155 156 157 158 159 160 161 163 164 165 167 168 169 170 172 173 174 175 176 177 178 180 181 182 183 184 185 186 188 189 190 191 192 193 194 196 198 199 200 201 202 203 204 205 206 207 209 210 211 212 213 215 216 217 218 219 220 221 222 223 224 225 226 227 228
28  1 : 28
30  1 : 30
31  1 : 31
32  8 : 32 36 52 60 62 77 81 208
54  7 : 54 127 133 141 149 179 195
79  1 : 79
110  1 : 110
143  1 : 143
% end

