% frame 0
% time 0.1
% start   0.1
% cluster-index, number-of-fibers : name-of-fibers
1  1 : 1
2  1 : 2
3  1 : 3
4  1 : 4
5  1 : 5
6  1 : 6
7  1 : 7
8  1 : 8
9  1 : 9
10  1 : 10
11  1 : 11
12  1 : 12
13  1 : 13
14  1 : 14
15  1 : 15
16  1 : 16
17  1 : 17
% end

% frame 1
% time 0.2
% start   0.2
% cluster-index, number-of-fibers : name-of-fibers
1  1 : 1
2  1 : 2
3  1 : 3
4  1 : 4
5  1 : 5
6  1 : 6
7  1 : 7
8  1 : 8
9  1 : 9
10  1 : 10
11  1 : 11
12  1 : 12
13  1 : 13
14  2 : 14 23
15  1 : 15
16  1 : 16
17  1 : 17
18  1 : 18
19  1 : 19
20  1 : 20
21  1 : 21
22  1 : 22
24  1 : 24
25  1 : 25
26  1 : 26
% end

% frame 2
% time 0.3
% start   0.3
% cluster-index, number-of-fibers : name-of-fibers
1  1 : 1
2  1 : 2
3  1 : 3
4  1 : 4
5  1 : 5
6  1 : 6
7  1 : 7
8  1 : 8
9  1 : 9
10  1 : 10
11  1 : 11
12  1 : 12
13  1 : 13
14  2 : 14 23
15  1 : 15
16  1 : 16
17  1 : 17
18  1 : 18
19  1 : 19
20  1 : 20
21  1 : 21
22  1 : 22
24  1 : 24
25  1 : 25
26  1 : 26
27  2 : 27 30
28  1 : 28
29  1 : 29
31  1 : 31
% end

% frame 3
% time 0.4
% start   0.4
% cluster-index, number-of-fibers : name-of-fibers
1  1 : 1
2  1 : 2
3  1 : 3
4  1 : 4
5  2 : 5 34
6  1 : 6
7  2 : 7 32
8  1 : 8
9  1 : 9
10  1 : 10
11  1 : 11
12  1 : 12
13  1 : 13
14  2 : 14 23
15  1 : 15
16  1 : 16
17  1 : 17
18  1 : 18
19  1 : 19
20  1 : 20
21  1 : 21
22  1 : 22
24  1 : 24
25  1 : 25
26  1 : 26
27  2 : 27 30
28  1 : 28
29  1 : 29
31  1 : 31
33  1 : 33
% end

% frame 4
% time 0.5
% start   0.5
% cluster-index, number-of-fibers : name-of-fibers
1  1 : 1
2  1 : 2
3  1 : 3
4  1 : 4
5  2 : 5 34
6  1 : 6
7  2 : 7 32
8  1 : 8
9  2 : 9 37
10  1 : 10
11  1 : 11
12  1 : 12
13  1 : 13
14  3 : 14 23 36
15  2 : 15 35
16  1 : 16
17  1 : 17
18  1 : 18
19  1 : 19
20  1 : 20
21  1 : 21
22  1 : 22
24  1 : 24
25  1 : 25
26  1 : 26
27  2 : 27 30
28  1 : 28
29  1 : 29
31  1 : 31
33  1 : 33
% end

% frame 5
% time 0.6
% start   0.6
% cluster-index, number-of-fibers : name-of-fibers
1  1 : 1
2  1 : 2
3  1 : 3
4  1 : 4
5  2 : 5 34
6  1 : 6
7  2 : 7 32
8  1 : 8
9  2 : 9 37
10  1 : 10
11  1 : 11
12  1 : 12
13  1 : 13
14  3 : 14 23 36
15  2 : 15 35
16  1 : 16
17  1 : 17
18  1 : 18
19  1 : 19
20  1 : 20
21  1 : 21
22  1 : 22
24  1 : 24
25  1 : 25
26  1 : 26
27  2 : 27 30
28  2 : 28 38
29  1 : 29
31  1 : 31
33  1 : 33
% end

% frame 6
% time 0.7
% start   0.7
% cluster-index, number-of-fibers : name-of-fibers
1  1 : 1
2  1 : 2
3  1 : 3
4  1 : 4
5  2 : 5 34
6  1 : 6
7  2 : 7 32
8  1 : 8
9  2 : 9 37
10  1 : 10
11  1 : 11
12  1 : 12
13  1 : 13
14  3 : 14 23 36
15  2 : 15 35
16  1 : 16
17  1 : 17
18  1 : 18
19  1 : 19
20  1 : 20
21  1 : 21
22  1 : 22
24  1 : 24
25  1 : 25
26  1 : 26
27  2 : 27 30
28  2 : 28 38
29  1 : 29
31  1 : 31
33  1 : 33
% end

% frame 7
% time 0.8
% start   0.8
% cluster-index, number-of-fibers : name-of-fibers
1  1 : 1
2  1 : 2
3  1 : 3
4  1 : 4
5  3 : 5 34 39
6  1 : 6
7  2 : 7 32
8  1 : 8
9  2 : 9 37
10  1 : 10
11  1 : 11
12  1 : 12
13  1 : 13
14  3 : 14 23 36
15  2 : 15 35
16  1 : 16
17  1 : 17
18  2 : 18 40
19  1 : 19
20  1 : 20
21  1 : 21
22  1 : 22
24  1 : 24
25  1 : 25
26  1 : 26
27  2 : 27 30
28  2 : 28 38
29  1 : 29
31  1 : 31
33  2 : 33 41
% end

% frame 8
% time 0.9
% start   0.9
% cluster-index, number-of-fibers : name-of-fibers
1  1 : 1
2  1 : 2
3  1 : 3
4  1 : 4
5  3 : 5 34 39
6  1 : 6
7  2 : 7 32
8  1 : 8
9  2 : 9 37
10  1 : 10
11  1 : 11
12  1 : 12
13  1 : 13
14  4 : 14 23 36 44
15  2 : 15 35
16  1 : 16
17  1 : 17
18  3 : 18 40 42
19  1 : 19
20  1 : 20
21  1 : 21
22  1 : 22
24  1 : 24
25  1 : 25
26  1 : 26
27  3 : 27 30 45
28  3 : 28 38 43
29  1 : 29
31  1 : 31
33  2 : 33 41
% end

% frame 9
% time 1
% start   1
% cluster-index, number-of-fibers : name-of-fibers
1  1 : 1
2  1 : 2
3  1 : 3
4  1 : 4
5  3 : 5 34 39
6  1 : 6
7  2 : 7 32
8  1 : 8
9  2 : 9 37
10  1 : 10
11  1 : 11
12  2 : 12 48
13  1 : 13
14  4 : 14 23 36 44
15  2 : 15 35
16  1 : 16
17  1 : 17
18  3 : 18 40 42
19  1 : 19
20  2 : 20 47
21  1 : 21
22  1 : 22
24  1 : 24
25  1 : 25
26  1 : 26
27  3 : 27 30 45
28  4 : 28 38 43 46
29  1 : 29
31  1 : 31
33  2 : 33 41
% end

% frame 10
% time 1.1
% start   1.1
% cluster-index, number-of-fibers : name-of-fibers
1  1 : 1
2  1 : 2
3  1 : 3
4  1 : 4
5  3 : 5 34 39
6  1 : 6
7  2 : 7 32
8  1 : 8
9  2 : 9 37
10  1 : 10
11  1 : 11
12  2 : 12 48
13  1 : 13
14  4 : 14 23 36 44
15  2 : 15 35
16  1 : 16
17  1 : 17
18  3 : 18 40 42
19  1 : 19
20  2 : 20 47
21  1 : 21
22  1 : 22
24  1 : 24
25  1 : 25
26  1 : 26
27  3 : 27 30 45
28  5 : 28 38 43 46 49
29  1 : 29
31  1 : 31
33  2 : 33 41
% end

% frame 11
% time 1.2
% start   1.2
% cluster-index, number-of-fibers : name-of-fibers
1  2 : 1 50
2  1 : 2
3  1 : 3
4  1 : 4
5  3 : 5 34 39
6  1 : 6
7  2 : 7 32
8  1 : 8
9  2 : 9 37
10  1 : 10
11  1 : 11
12  3 : 12 48 51
13  1 : 13
14  4 : 14 23 36 44
15  2 : 15 35
16  1 : 16
17  1 : 17
18  3 : 18 40 42
19  1 : 19
20  2 : 20 47
21  1 : 21
22  1 : 22
24  2 : 24 52
25  1 : 25
26  1 : 26
27  3 : 27 30 45
28  5 : 28 38 43 46 49
29  1 : 29
31  2 : 31 53
33  2 : 33 41
% end

% frame 12
% time 1.3
% start   1.3
% cluster-index, number-of-fibers : name-of-fibers
1  2 : 1 50
2  1 : 2
3  1 : 3
4  1 : 4
5  3 : 5 34 39
6  1 : 6
7  2 : 7 32
8  1 : 8
9  4 : 9 37 54 55
10  1 : 10
11  1 : 11
12  4 : 12 48 51 56
13  1 : 13
14  4 : 14 23 36 44
15  2 : 15 35
16  1 : 16
17  1 : 17
18  3 : 18 40 42
19  1 : 19
20  2 : 20 47
21  1 : 21
22  1 : 22
24  2 : 24 52
25  1 : 25
26  1 : 26
27  3 : 27 30 45
28  5 : 28 38 43 46 49
29  1 : 29
31  2 : 31 53
33  2 : 33 41
% end

% frame 13
% time 1.4
% start   1.4
% cluster-index, number-of-fibers : name-of-fibers
1  2 : 1 50
2  1 : 2
3  1 : 3
4  1 : 4
5  3 : 5 34 39
6  1 : 6
7  2 : 7 32
8  1 : 8
9  4 : 9 37 54 55
10  1 : 10
11  1 : 11
12  4 : 12 48 51 56
13  1 : 13
14  4 : 14 23 36 44
15  2 : 15 35
16  1 : 16
17  1 : 17
18  4 : 18 40 42 59
19  1 : 19
20  2 : 20 47
21  1 : 21
22  1 : 22
24  3 : 24 52 57
25  1 : 25
26  1 : 26
27  3 : 27 30 45
28  6 : 28 38 43 46 49 58
29  1 : 29
31  2 : 31 53
33  2 : 33 41
% end

% frame 14
% time 1.5
% start   1.5
% cluster-index, number-of-fibers : name-of-fibers
1  2 : 1 50
2  1 : 2
3  1 : 3
4  1 : 4
5  3 : 5 34 39
6  1 : 6
7  2 : 7 32
8  1 : 8
9  4 : 9 37 54 55
10  1 : 10
11  1 : 11
12  4 : 12 48 51 56
13  1 : 13
14  4 : 14 23 36 44
15  2 : 15 35
16  1 : 16
17  1 : 17
18  6 : 18 40 42 59 60 61
19  1 : 19
20  2 : 20 47
21  1 : 21
22  1 : 22
24  3 : 24 52 57
25  1 : 25
26  1 : 26
27  3 : 27 30 45
28  6 : 28 38 43 46 49 58
29  1 : 29
31  2 : 31 53
33  2 : 33 41
% end

% frame 15
% time 1.6
% start   1.6
% cluster-index, number-of-fibers : name-of-fibers
1  2 : 1 50
2  1 : 2
3  1 : 3
4  1 : 4
5  3 : 5 34 39
6  1 : 6
7  2 : 7 32
8  1 : 8
9  4 : 9 37 54 55
10  1 : 10
11  1 : 11
12  4 : 12 48 51 56
13  1 : 13
14  4 : 14 23 36 44
15  2 : 15 35
16  1 : 16
17  1 : 17
18  6 : 18 40 42 59 60 61
19  1 : 19
20  2 : 20 47
21  1 : 21
22  1 : 22
24  5 : 24 52 57 62 63
25  1 : 25
26  1 : 26
27  3 : 27 30 45
28  6 : 28 38 43 46 49 58
29  1 : 29
31  2 : 31 53
33  2 : 33 41
% end

% frame 16
% time 1.7
% start   1.7
% cluster-index, number-of-fibers : name-of-fibers
1  2 : 1 50
2  1 : 2
3  1 : 3
4  1 : 4
5  3 : 5 34 39
6  1 : 6
7  2 : 7 32
8  1 : 8
9  4 : 9 37 54 55
10  1 : 10
11  1 : 11
12  4 : 12 48 51 56
13  1 : 13
14  4 : 14 23 36 44
15  2 : 15 35
16  1 : 16
17  1 : 17
18  6 : 18 40 42 59 60 61
19  1 : 19
20  2 : 20 47
21  1 : 21
22  1 : 22
24  5 : 24 52 57 62 63
25  2 : 25 64
26  1 : 26
27  3 : 27 30 45
28  6 : 28 38 43 46 49 58
29  1 : 29
31  2 : 31 53
33  2 : 33 41
% end

% frame 17
% time 1.8
% start   1.8
% cluster-index, number-of-fibers : name-of-fibers
1  2 : 1 50
2  1 : 2
3  1 : 3
4  1 : 4
5  3 : 5 34 39
6  1 : 6
7  2 : 7 32
8  1 : 8
9  4 : 9 37 54 55
10  1 : 10
11  1 : 11
12  4 : 12 48 51 56
13  1 : 13
14  4 : 14 23 36 44
15  2 : 15 35
16  1 : 16
17  1 : 17
18  8 : 18 40 42 59 60 61 65 66
19  1 : 19
20  2 : 20 47
21  1 : 21
22  1 : 22
24  5 : 24 52 57 62 63
25  2 : 25 64
26  1 : 26
27  3 : 27 30 45
28  6 : 28 38 43 46 49 58
29  1 : 29
31  2 : 31 53
33  2 : 33 41
% end

% frame 18
% time 1.9
% start   1.9
% cluster-index, number-of-fibers : name-of-fibers
1  2 : 1 50
2  1 : 2
3  1 : 3
4  1 : 4
5  3 : 5 34 39
6  1 : 6
7  2 : 7 32
8  1 : 8
9  4 : 9 37 54 55
10  1 : 10
11  1 : 11
12  4 : 12 48 51 56
13  1 : 13
14  4 : 14 23 36 44
15  2 : 15 35
16  1 : 16
17  1 : 17
18  10 : 18 40 42 59 60 61 65 66 67 68
19  1 : 19
20  2 : 20 47
21  1 : 21
22  1 : 22
24  5 : 24 52 57 62 63
25  2 : 25 64
26  1 : 26
27  3 : 27 30 45
28  6 : 28 38 43 46 49 58
29  1 : 29
31  2 : 31 53
33  3 : 33 41 69
% end

% frame 19
% time 2
% start   2
% cluster-index, number-of-fibers : name-of-fibers
1  2 : 1 50
2  1 : 2
3  1 : 3
4  1 : 4
5  3 : 5 34 39
6  1 : 6
7  2 : 7 32
8  1 : 8
9  4 : 9 37 54 55
10  1 : 10
11  1 : 11
12  4 : 12 48 51 56
13  1 : 13
14  4 : 14 23 36 44
15  2 : 15 35
16  1 : 16
17  1 : 17
18  13 : 18 40 42 59 60 61 65 66 67 68 70 71 73
19  1 : 19
20  2 : 20 47
21  1 : 21
22  1 : 22
24  5 : 24 52 57 62 63
25  2 : 25 64
26  1 : 26
27  3 : 27 30 45
28  7 : 28 38 43 46 49 58 72
29  1 : 29
31  2 : 31 53
33  3 : 33 41 69
% end

% frame 20
% time 2.1
% start   2.1
% cluster-index, number-of-fibers : name-of-fibers
1  2 : 1 50
2  1 : 2
3  1 : 3
4  1 : 4
5  3 : 5 34 39
6  1 : 6
7  2 : 7 32
8  1 : 8
9  4 : 9 37 54 55
10  1 : 10
11  1 : 11
12  4 : 12 48 51 56
13  1 : 13
14  4 : 14 23 36 44
15  2 : 15 35
16  1 : 16
17  1 : 17
18  14 : 18 40 42 59 60 66 67 68 70 71 73 75 76 78
19  1 : 19
20  2 : 20 47
21  1 : 21
22  1 : 22
24  5 : 24 52 57 62 63
25  2 : 25 64
26  1 : 26
27  4 : 27 30 45 77
28  7 : 28 38 43 46 49 58 72
29  1 : 29
31  2 : 31 53
33  4 : 33 41 69 74
61  2 : 61 65
% end

% frame 21
% time 2.2
% start   2.2
% cluster-index, number-of-fibers : name-of-fibers
1  2 : 1 50
2  1 : 2
3  1 : 3
4  1 : 4
5  3 : 5 34 39
6  1 : 6
7  2 : 7 32
8  1 : 8
9  4 : 9 37 54 55
10  1 : 10
11  1 : 11
12  4 : 12 48 51 56
13  1 : 13
14  4 : 14 23 36 44
15  2 : 15 35
16  1 : 16
17  1 : 17
18  14 : 18 40 42 59 60 66 67 68 70 71 73 75 76 78
19  1 : 19
20  2 : 20 47
21  1 : 21
22  1 : 22
24  5 : 24 52 57 62 63
25  2 : 25 64
26  1 : 26
27  5 : 27 30 45 77 80
28  7 : 28 38 43 46 49 58 72
29  1 : 29
31  2 : 31 53
33  4 : 33 41 69 74
61  3 : 61 65 79
% end

% frame 22
% time 2.3
% start   2.3
% cluster-index, number-of-fibers : name-of-fibers
1  2 : 1 50
2  1 : 2
3  1 : 3
4  1 : 4
5  3 : 5 34 39
6  1 : 6
7  2 : 7 32
8  1 : 8
9  4 : 9 37 54 55
10  1 : 10
11  1 : 11
12  4 : 12 48 51 56
13  1 : 13
14  4 : 14 23 36 44
15  2 : 15 35
16  1 : 16
17  1 : 17
18  15 : 18 40 42 59 60 66 67 68 70 71 73 75 76 78 81
19  1 : 19
20  2 : 20 47
21  1 : 21
22  1 : 22
24  6 : 24 52 57 62 63 82
25  2 : 25 64
26  1 : 26
27  5 : 27 30 45 77 80
28  7 : 28 38 43 46 49 58 72
29  1 : 29
31  2 : 31 53
33  4 : 33 41 69 74
61  3 : 61 65 79
% end

% frame 23
% time 2.4
% start   2.4
% cluster-index, number-of-fibers : name-of-fibers
1  2 : 1 50
2  1 : 2
3  1 : 3
4  1 : 4
5  3 : 5 34 39
6  1 : 6
7  2 : 7 32
8  1 : 8
9  4 : 9 37 54 55
10  1 : 10
11  1 : 11
12  4 : 12 48 51 56
13  1 : 13
14  4 : 14 23 36 44
15  2 : 15 35
16  1 : 16
17  1 : 17
18  17 : 18 40 42 59 60 66 67 68 70 71 73 75 76 78 81 83 84
19  1 : 19
20  2 : 20 47
21  1 : 21
22  1 : 22
24  6 : 24 52 57 62 63 82
25  2 : 25 64
26  1 : 26
27  5 : 27 30 45 77 80
28  7 : 28 38 43 46 49 58 72
29  1 : 29
31  2 : 31 53
33  4 : 33 41 69 74
61  3 : 61 65 79
% end

% frame 24
% time 2.5
% start   2.5
% cluster-index, number-of-fibers : name-of-fibers
1  2 : 1 50
2  1 : 2
3  1 : 3
4  1 : 4
5  3 : 5 34 39
6  1 : 6
7  2 : 7 32
8  1 : 8
9  4 : 9 37 54 55
10  1 : 10
11  1 : 11
12  4 : 12 48 51 56
13  1 : 13
14  4 : 14 23 36 44
15  2 : 15 35
16  1 : 16
17  1 : 17
18  20 : 18 40 42 59 60 66 67 68 70 71 73 75 76 78 81 83 84 85 86 87
19  1 : 19
20  2 : 20 47
21  1 : 21
22  1 : 22
24  6 : 24 52 57 62 63 82
25  2 : 25 64
26  1 : 26
27  5 : 27 30 45 77 80
28  7 : 28 38 43 46 49 58 72
29  1 : 29
31  2 : 31 53
33  4 : 33 41 69 74
61  3 : 61 65 79
% end

% frame 25
% time 2.6
% start   2.6
% cluster-index, number-of-fibers : name-of-fibers
1  2 : 1 50
2  1 : 2
3  1 : 3
4  1 : 4
5  3 : 5 34 39
6  1 : 6
7  2 : 7 32
8  1 : 8
9  4 : 9 37 54 55
10  1 : 10
11  1 : 11
12  4 : 12 48 51 56
13  1 : 13
14  4 : 14 23 36 44
15  2 : 15 35
16  1 : 16
17  1 : 17
18  22 : 18 40 42 59 60 66 67 68 70 71 73 75 76 78 81 83 84 85 86 87 88 91
19  1 : 19
20  2 : 20 47
21  1 : 21
22  1 : 22
24  6 : 24 52 57 62 63 82
25  2 : 25 64
26  1 : 26
27  7 : 27 30 45 77 80 89 90
28  7 : 28 38 43 46 49 58 72
29  1 : 29
31  2 : 31 53
33  4 : 33 41 69 74
61  3 : 61 65 79
% end

% frame 26
% time 2.7
% start   2.7
% cluster-index, number-of-fibers : name-of-fibers
1  2 : 1 50
2  1 : 2
3  1 : 3
4  1 : 4
5  3 : 5 34 39
6  1 : 6
7  2 : 7 32
8  1 : 8
9  4 : 9 37 54 55
10  1 : 10
11  1 : 11
12  4 : 12 48 51 56
13  1 : 13
14  4 : 14 23 36 44
15  2 : 15 35
16  1 : 16
17  1 : 17
18  23 : 18 40 42 59 60 66 67 68 70 71 73 75 76 78 81 83 84 85 86 87 88 91 92
19  1 : 19
20  2 : 20 47
21  1 : 21
22  1 : 22
24  6 : 24 52 57 62 63 82
25  2 : 25 64
26  1 : 26
27  7 : 27 30 45 77 80 89 90
28  7 : 28 38 43 46 49 58 72
29  1 : 29
31  2 : 31 53
33  4 : 33 41 69 74
61  3 : 61 65 79
% end

% frame 27
% time 2.8
% start   2.8
% cluster-index, number-of-fibers : name-of-fibers
1  2 : 1 50
2  1 : 2
3  1 : 3
4  1 : 4
5  3 : 5 34 39
6  1 : 6
7  2 : 7 32
8  1 : 8
9  4 : 9 37 54 55
10  1 : 10
11  1 : 11
12  4 : 12 48 51 56
13  1 : 13
14  4 : 14 23 36 44
15  2 : 15 35
16  1 : 16
17  1 : 17
18  24 : 18 40 42 59 60 66 67 68 70 71 73 75 76 78 81 83 84 85 86 87 88 91 92 93
19  1 : 19
20  2 : 20 47
21  1 : 21
22  1 : 22
24  7 : 24 52 57 62 63 82 94
25  2 : 25 64
26  1 : 26
27  7 : 27 30 45 77 80 89 90
28  7 : 28 38 43 46 49 58 72
29  1 : 29
31  2 : 31 53
33  4 : 33 41 69 74
61  3 : 61 65 79
% end

% frame 28
% time 2.9
% start   2.9
% cluster-index, number-of-fibers : name-of-fibers
1  2 : 1 50
2  1 : 2
3  1 : 3
4  1 : 4
5  3 : 5 34 39
6  1 : 6
7  2 : 7 32
8  1 : 8
9  4 : 9 37 54 55
10  1 : 10
11  1 : 11
12  4 : 12 48 51 56
13  1 : 13
14  4 : 14 23 36 44
15  2 : 15 35
16  1 : 16
17  1 : 17
18  25 : 18 40 42 59 60 66 67 68 70 71 73 75 76 78 81 83 84 85 86 87 88 91 92 93 95
19  1 : 19
20  2 : 20 47
21  1 : 21
22  1 : 22
24  7 : 24 52 57 62 63 82 94
25  2 : 25 64
26  1 : 26
27  7 : 27 30 45 77 80 89 90
28  7 : 28 38 43 46 49 58 72
29  1 : 29
31  3 : 31 53 96
33  4 : 33 41 69 74
61  3 : 61 65 79
% end

% frame 29
% time 3
% start   3
% cluster-index, number-of-fibers : name-of-fibers
1  2 : 1 50
2  1 : 2
3  1 : 3
4  1 : 4
5  3 : 5 34 39
6  1 : 6
7  2 : 7 32
8  1 : 8
9  4 : 9 37 54 55
10  1 : 10
11  1 : 11
12  4 : 12 48 51 56
13  1 : 13
14  4 : 14 23 36 44
15  2 : 15 35
16  1 : 16
17  1 : 17
18  28 : 18 40 42 59 60 66 67 68 70 71 73 75 76 78 81 83 84 85 86 87 88 91 92 93 95 97 98 100
19  1 : 19
20  2 : 20 47
21  1 : 21
22  1 : 22
24  7 : 24 52 57 62 63 82 94
25  2 : 25 64
26  1 : 26
27  9 : 27 30 45 77 80 89 90 99 101
28  7 : 28 38 43 46 49 58 72
29  1 : 29
31  3 : 31 53 96
33  4 : 33 41 69 74
61  3 : 61 65 79
% end

% frame 30
% time 3.1
% start   3.1
% cluster-index, number-of-fibers : name-of-fibers
1  2 : 1 50
2  1 : 2
3  1 : 3
4  1 : 4
5  3 : 5 34 39
6  1 : 6
7  2 : 7 32
8  1 : 8
9  4 : 9 37 54 55
10  1 : 10
11  1 : 11
12  4 : 12 48 51 56
13  1 : 13
14  4 : 14 23 36 44
15  2 : 15 35
16  1 : 16
17  1 : 17
18  30 : 18 40 42 59 60 66 67 68 70 71 73 75 76 78 81 83 84 85 86 87 88 91 92 93 95 97 98 100 102 104
19  1 : 19
20  2 : 20 47
21  1 : 21
22  1 : 22
24  7 : 24 52 57 62 63 82 94
25  2 : 25 64
26  1 : 26
27  10 : 27 30 45 77 80 89 90 99 101 103
28  7 : 28 38 43 46 49 58 72
29  1 : 29
31  3 : 31 53 96
33  4 : 33 41 69 74
61  3 : 61 65 79
% end

% frame 31
% time 3.2
% start   3.2
% cluster-index, number-of-fibers : name-of-fibers
1  2 : 1 50
2  1 : 2
3  1 : 3
4  1 : 4
5  3 : 5 34 39
6  1 : 6
7  2 : 7 32
8  1 : 8
9  4 : 9 37 54 55
10  1 : 10
11  1 : 11
12  4 : 12 48 51 56
13  1 : 13
14  4 : 14 23 36 44
15  2 : 15 35
16  1 : 16
17  1 : 17
18  38 : 18 40 42 59 60 66 67 68 70 71 73 75 76 78 81 83 84 85 86 87 88 91 92 93 95 97 98 100 102 104 105 106 107 108 109 110 112 113
19  1 : 19
20  2 : 20 47
21  1 : 21
22  1 : 22
24  7 : 24 52 57 62 63 82 94
25  2 : 25 64
26  1 : 26
27  11 : 27 30 45 77 80 89 90 99 101 103 111
28  7 : 28 38 43 46 49 58 72
29  1 : 29
31  3 : 31 53 96
33  4 : 33 41 69 74
61  3 : 61 65 79
% end

% frame 32
% time 3.3
% start   3.3
% cluster-index, number-of-fibers : name-of-fibers
1  2 : 1 50
2  1 : 2
3  1 : 3
4  1 : 4
5  3 : 5 34 39
6  1 : 6
7  2 : 7 32
8  1 : 8
9  4 : 9 37 54 55
10  1 : 10
11  1 : 11
12  4 : 12 48 51 56
13  1 : 13
14  4 : 14 23 36 44
15  2 : 15 35
16  1 : 16
17  1 : 17
18  41 : 18 40 42 59 60 66 67 68 70 71 73 75 76 78 81 83 84 85 86 87 88 91 92 93 95 97 98 100 102 104 105 106 107 108 109 110 112 113 114 115 116
19  1 : 19
20  2 : 20 47
21  1 : 21
22  1 : 22
24  7 : 24 52 57 62 63 82 94
25  2 : 25 64
26  1 : 26
27  11 : 27 30 45 77 80 89 90 99 101 103 111
28  7 : 28 38 43 46 49 58 72
29  1 : 29
31  3 : 31 53 96
33  4 : 33 41 69 74
61  3 : 61 65 79
% end

% frame 33
% time 3.4
% start   3.4
% cluster-index, number-of-fibers : name-of-fibers
1  2 : 1 50
2  1 : 2
3  1 : 3
4  1 : 4
5  3 : 5 34 39
6  1 : 6
7  2 : 7 32
8  1 : 8
9  4 : 9 37 54 55
10  1 : 10
11  1 : 11
12  4 : 12 48 51 56
13  1 : 13
14  4 : 14 23 36 44
15  2 : 15 35
16  1 : 16
17  1 : 17
18  44 : 18 40 42 59 60 66 67 68 70 71 73 75 76 78 81 83 84 85 86 87 88 91 92 93 95 97 98 100 102 104 105 106 107 108 109 110 112 113 114 115 116 117 118 119
19  1 : 19
20  2 : 20 47
21  1 : 21
22  1 : 22
24  7 : 24 52 57 62 63 82 94
25  2 : 25 64
26  1 : 26
27  12 : 27 30 45 77 80 89 90 99 101 103 111 120
28  7 : 28 38 43 46 49 58 72
29  1 : 29
31  3 : 31 53 96
33  4 : 33 41 69 74
61  3 : 61 65 79
% end

% frame 34
% time 3.5
% start   3.5
% cluster-index, number-of-fibers : name-of-fibers
1  2 : 1 50
2  1 : 2
3  1 : 3
4  1 : 4
5  3 : 5 34 39
6  1 : 6
7  2 : 7 32
8  1 : 8
9  4 : 9 37 54 55
10  1 : 10
11  1 : 11
12  4 : 12 48 51 56
13  1 : 13
14  4 : 14 23 36 44
15  2 : 15 35
16  1 : 16
17  1 : 17
18  44 : 18 40 42 59 60 66 67 68 70 71 73 75 76 78 81 83 84 85 86 87 88 91 92 93 95 97 98 100 102 104 105 106 107 108 109 110 112 113 114 115 116 117 118 119
19  1 : 19
20  2 : 20 47
21  1 : 21
22  1 : 22
24  7 : 24 52 57 62 63 82 94
25  2 : 25 64
26  1 : 26
27  13 : 27 30 45 77 80 89 90 99 101 103 111 120 121
28  7 : 28 38 43 46 49 58 72
29  1 : 29
31  3 : 31 53 96
33  4 : 33 41 69 74
61  3 : 61 65 79
% end

% frame 35
% time 3.6
% start   3.6
% cluster-index, number-of-fibers : name-of-fibers
1  2 : 1 50
2  1 : 2
3  1 : 3
4  1 : 4
5  3 : 5 34 39
6  1 : 6
7  2 : 7 32
8  1 : 8
9  4 : 9 37 54 55
10  1 : 10
11  1 : 11
12  4 : 12 48 51 56
13  1 : 13
14  4 : 14 23 36 44
15  2 : 15 35
16  1 : 16
17  1 : 17
18  48 : 18 40 42 59 60 66 67 68 70 71 73 75 76 78 81 83 84 85 86 87 88 91 92 93 95 97 98 100 102 104 105 106 107 108 109 110 112 113 114 115 116 117 118 119 122 124 125 128
19  1 : 19
20  2 : 20 47
21  1 : 21
22  1 : 22
24  7 : 24 52 57 62 63 82 94
25  2 : 25 64
26  1 : 26
27  15 : 27 30 45 77 80 89 90 99 101 103 111 120 121 123 126
28  7 : 28 38 43 46 49 58 72
29  1 : 29
31  3 : 31 53 96
33  5 : 33 41 69 74 127
61  3 : 61 65 79
% end

% frame 36
% time 3.7
% start   3.7
% cluster-index, number-of-fibers : name-of-fibers
1  2 : 1 50
2  1 : 2
3  1 : 3
4  1 : 4
5  3 : 5 34 39
6  1 : 6
7  2 : 7 32
8  1 : 8
9  4 : 9 37 54 55
10  1 : 10
11  1 : 11
12  4 : 12 48 51 56
13  1 : 13
14  5 : 14 23 36 44 130
15  2 : 15 35
16  1 : 16
17  1 : 17
18  49 : 18 40 42 59 60 66 67 68 70 71 73 75 76 78 81 83 84 85 86 87 88 91 92 93 95 97 98 100 102 104 105 106 107 108 109 110 112 113 114 115 116 117 118 119 122 124 125 128 129
19  1 : 19
20  2 : 20 47
21  1 : 21
22  1 : 22
24  7 : 24 52 57 62 63 82 94
25  2 : 25 64
26  1 : 26
27  15 : 27 30 45 77 80 89 90 99 101 103 111 120 121 123 126
28  7 : 28 38 43 46 49 58 72
29  1 : 29
31  3 : 31 53 96
33  5 : 33 41 69 74 127
61  3 : 61 65 79
% end

% frame 37
% time 3.8
% start   3.8
% cluster-index, number-of-fibers : name-of-fibers
1  2 : 1 50
2  1 : 2
3  1 : 3
4  1 : 4
5  3 : 5 34 39
6  1 : 6
7  2 : 7 32
8  1 : 8
9  4 : 9 37 54 55
10  1 : 10
11  1 : 11
12  4 : 12 48 51 56
13  1 : 13
14  5 : 14 23 36 44 130
15  2 : 15 35
16  1 : 16
17  1 : 17
18  56 : 18 40 42 59 60 66 67 68 70 71 73 75 76 78 81 83 84 85 86 87 88 91 92 93 95 97 98 100 102 104 105 106 107 108 109 110 112 113 114 115 116 117 118 119 122 124 125 128 129 131 132 133 134 135 136 137
19  1 : 19
20  2 : 20 47
21  1 : 21
22  1 : 22
24  7 : 24 52 57 62 63 82 94
25  2 : 25 64
26  1 : 26
27  15 : 27 30 45 77 80 89 90 99 101 103 111 120 121 123 126
28  7 : 28 38 43 46 49 58 72
29  1 : 29
31  3 : 31 53 96
33  5 : 33 41 69 74 127
61  3 : 61 65 79
% end

% frame 38
% time 3.9
% start   3.9
% cluster-index, number-of-fibers : name-of-fibers
1  2 : 1 50
2  1 : 2
3  1 : 3
4  1 : 4
5  3 : 5 34 39
6  1 : 6
7  2 : 7 32
8  1 : 8
9  4 : 9 37 54 55
10  1 : 10
11  1 : 11
12  4 : 12 48 51 56
13  1 : 13
14  5 : 14 23 36 44 130
15  2 : 15 35
16  1 : 16
17  1 : 17
18  60 : 18 40 42 59 60 66 67 68 70 71 73 75 76 78 81 83 84 85 86 87 88 91 92 93 95 97 98 100 102 104 105 106 107 108 109 110 112 113 114 115 116 117 118 119 122 124 125 128 129 131 132 133 134 135 136 137 138 139 140 141
19  1 : 19
20  2 : 20 47
21  1 : 21
22  1 : 22
24  7 : 24 52 57 62 63 82 94
25  2 : 25 64
26  1 : 26
27  15 : 27 30 45 77 80 89 90 99 101 103 111 120 121 123 126
28  7 : 28 38 43 46 49 58 72
29  1 : 29
31  3 : 31 53 96
33  5 : 33 41 69 74 127
61  3 : 61 65 79
% end

% frame 39
% time 4
% start   4
% cluster-index, number-of-fibers : name-of-fibers
1  2 : 1 50
2  1 : 2
3  1 : 3
4  1 : 4
5  3 : 5 34 39
6  1 : 6
7  2 : 7 32
8  1 : 8
9  4 : 9 37 54 55
10  1 : 10
11  1 : 11
12  4 : 12 48 51 56
13  1 : 13
14  5 : 14 23 36 44 130
15  2 : 15 35
16  1 : 16
17  1 : 17
18  61 : 18 40 42 59 60 66 67 68 70 71 73 75 76 78 81 83 84 85 86 87 88 91 92 93 95 97 98 100 102 104 105 106 107 108 109 110 112 113 114 115 116 117 118 119 122 124 125 128 129 131 132 133 134 135 136 137 138 139 140 141 143
19  1 : 19
20  2 : 20 47
21  1 : 21
22  1 : 22
24  7 : 24 52 57 62 63 82 94
25  2 : 25 64
26  1 : 26
27  17 : 27 30 45 77 80 89 90 99 101 103 111 120 121 123 126 142 144
28  7 : 28 38 43 46 49 58 72
29  1 : 29
31  3 : 31 53 96
33  5 : 33 41 69 74 127
61  3 : 61 65 79
% end

% frame 40
% time 4.1
% start   4.1
% cluster-index, number-of-fibers : name-of-fibers
1  2 : 1 50
2  1 : 2
3  1 : 3
4  1 : 4
5  3 : 5 34 39
6  1 : 6
7  2 : 7 32
8  1 : 8
9  4 : 9 37 54 55
10  1 : 10
11  1 : 11
12  5 : 12 48 51 56 148
13  1 : 13
14  5 : 14 23 36 44 130
15  2 : 15 35
16  1 : 16
17  1 : 17
18  64 : 18 40 42 59 60 66 67 68 70 71 73 75 76 78 81 83 84 85 86 87 88 91 92 93 95 97 98 100 102 104 105 106 107 108 109 110 112 113 114 115 116 117 118 119 122 124 125 128 129 131 132 133 134 135 136 137 138 139 140 141 143 145 146 147
19  1 : 19
20  2 : 20 47
21  1 : 21
22  1 : 22
24  7 : 24 52 57 62 63 82 94
25  2 : 25 64
26  1 : 26
27  17 : 27 30 45 77 80 89 90 99 101 103 111 120 121 123 126 142 144
28  7 : 28 38 43 46 49 58 72
29  1 : 29
31  3 : 31 53 96
33  5 : 33 41 69 74 127
61  3 : 61 65 79
% end

% frame 41
% time 4.2
% start   4.2
% cluster-index, number-of-fibers : name-of-fibers
1  2 : 1 50
2  1 : 2
3  1 : 3
4  1 : 4
5  3 : 5 34 39
6  1 : 6
7  2 : 7 32
8  1 : 8
9  4 : 9 37 54 55
10  1 : 10
11  1 : 11
12  5 : 12 48 51 56 148
13  1 : 13
14  5 : 14 23 36 44 130
15  2 : 15 35
16  1 : 16
17  1 : 17
18  66 : 18 40 42 59 60 66 67 68 70 71 73 75 76 78 81 83 84 85 86 87 88 91 92 93 95 97 98 100 102 104 105 106 107 108 109 110 112 113 114 115 116 117 118 119 122 124 125 128 129 131 132 133 134 135 136 137 138 139 140 141 143 145 146 147 149 150
19  1 : 19
20  2 : 20 47
21  1 : 21
22  1 : 22
24  7 : 24 52 57 62 63 82 94
25  2 : 25 64
26  1 : 26
27  18 : 27 30 45 77 80 89 90 99 101 103 111 120 121 123 126 142 144 151
28  7 : 28 38 43 46 49 58 72
29  1 : 29
31  3 : 31 53 96
33  5 : 33 41 69 74 127
61  3 : 61 65 79
% end

% frame 42
% time 4.3
% start   4.3
% cluster-index, number-of-fibers : name-of-fibers
1  2 : 1 50
2  1 : 2
3  1 : 3
4  1 : 4
5  3 : 5 34 39
6  1 : 6
7  2 : 7 32
8  1 : 8
9  4 : 9 37 54 55
10  1 : 10
11  1 : 11
12  5 : 12 48 51 56 148
13  1 : 13
14  5 : 14 23 36 44 130
15  2 : 15 35
16  1 : 16
17  1 : 17
18  68 : 18 40 42 59 60 66 67 68 70 71 73 75 76 78 81 83 84 85 86 87 88 91 92 93 95 97 98 100 102 104 105 106 107 108 109 110 112 113 114 115 116 117 118 119 122 124 125 128 129 131 132 133 134 135 136 137 138 139 140 141 143 145 146 147 149 150 152 154
19  1 : 19
20  2 : 20 47
21  1 : 21
22  1 : 22
24  7 : 24 52 57 62 63 82 94
25  2 : 25 64
26  1 : 26
27  19 : 27 30 45 77 80 89 90 99 101 103 111 120 121 123 126 142 144 151 153
28  7 : 28 38 43 46 49 58 72
29  1 : 29
31  3 : 31 53 96
33  5 : 33 41 69 74 127
61  3 : 61 65 79
% end

% frame 43
% time 4.4
% start   4.4
% cluster-index, number-of-fibers : name-of-fibers
1  2 : 1 50
2  1 : 2
3  1 : 3
4  1 : 4
5  3 : 5 34 39
6  1 : 6
7  2 : 7 32
8  1 : 8
9  4 : 9 37 54 55
10  1 : 10
11  1 : 11
12  5 : 12 48 51 56 148
13  1 : 13
14  5 : 14 23 36 44 130
15  2 : 15 35
16  1 : 16
17  1 : 17
18  70 : 18 40 42 59 60 66 67 68 70 71 73 75 76 78 81 83 84 85 86 87 88 91 92 93 95 97 98 100 102 104 105 106 107 108 109 110 112 113 114 115 116 117 118 119 122 124 125 128 129 131 132 133 134 135 136 137 138 139 140 141 143 145 146 147 149 150 152 154 156 157
19  1 : 19
20  2 : 20 47
21  1 : 21
22  1 : 22
24  7 : 24 52 57 62 63 82 94
25  2 : 25 64
26  1 : 26
27  20 : 27 30 45 77 80 89 90 99 101 103 111 120 121 123 126 142 144 151 153 155
28  7 : 28 38 43 46 49 58 72
29  1 : 29
31  3 : 31 53 96
33  5 : 33 41 69 74 127
61  3 : 61 65 79
% end

% frame 44
% time 4.5
% start   4.5
% cluster-index, number-of-fibers : name-of-fibers
1  2 : 1 50
2  1 : 2
3  1 : 3
4  1 : 4
5  3 : 5 34 39
6  1 : 6
7  2 : 7 32
8  1 : 8
9  4 : 9 37 54 55
10  1 : 10
11  1 : 11
12  5 : 12 48 51 56 148
13  1 : 13
14  5 : 14 23 36 44 130
15  2 : 15 35
16  1 : 16
17  1 : 17
18  72 : 18 40 42 59 60 66 67 68 70 71 73 75 76 78 81 83 84 85 86 87 88 91 92 93 95 97 98 100 102 104 105 106 107 108 109 110 112 113 114 115 116 117 118 119 122 124 125 128 129 131 132 133 134 135 136 137 138 139 140 141 143 145 146 147 149 150 152 154 156 157 158 159
19  1 : 19
20  2 : 20 47
21  1 : 21
22  1 : 22
24  7 : 24 52 57 62 63 82 94
25  2 : 25 64
26  1 : 26
27  20 : 27 30 45 77 80 89 90 99 101 103 111 120 121 123 126 142 144 151 153 155
28  7 : 28 38 43 46 49 58 72
29  1 : 29
31  3 : 31 53 96
33  5 : 33 41 69 74 127
61  3 : 61 65 79
% end

% frame 45
% time 4.6
% start   4.6
% cluster-index, number-of-fibers : name-of-fibers
1  2 : 1 50
2  1 : 2
3  1 : 3
4  1 : 4
5  3 : 5 34 39
6  1 : 6
7  2 : 7 32
8  1 : 8
9  4 : 9 37 54 55
10  1 : 10
11  1 : 11
12  5 : 12 48 51 56 148
13  1 : 13
14  5 : 14 23 36 44 130
15  2 : 15 35
16  1 : 16
17  1 : 17
18  76 : 18 40 42 59 60 66 67 68 70 71 73 75 76 78 81 83 84 85 86 87 88 91 92 93 95 97 98 100 102 104 105 106 107 108 109 110 112 113 114 115 116 117 118 119 122 124 125 128 129 131 132 133 134 135 136 137 138 139 140 141 143 145 146 147 149 150 152 154 156 157 158 159 161 162 163 164
19  1 : 19
20  2 : 20 47
21  1 : 21
22  1 : 22
24  7 : 24 52 57 62 63 82 94
25  2 : 25 64
26  1 : 26
27  21 : 27 30 45 77 80 89 90 99 101 103 111 120 121 123 126 142 144 151 153 155 160
28  7 : 28 38 43 46 49 58 72
29  1 : 29
31  3 : 31 53 96
33  5 : 33 41 69 74 127
61  3 : 61 65 79
% end

% frame 46
% time 4.7
% start   4.7
% cluster-index, number-of-fibers : name-of-fibers
1  2 : 1 50
2  1 : 2
3  1 : 3
4  1 : 4
5  3 : 5 34 39
6  1 : 6
7  2 : 7 32
8  1 : 8
9  4 : 9 37 54 55
10  1 : 10
11  1 : 11
12  5 : 12 48 51 56 148
13  1 : 13
14  5 : 14 23 36 44 130
15  2 : 15 35
16  1 : 16
17  1 : 17
18  79 : 18 40 42 59 60 66 67 68 70 71 73 75 76 78 81 83 84 85 86 87 88 91 92 93 95 97 98 100 102 104 105 106 107 108 109 110 112 113 114 115 116 117 118 119 122 124 125 128 129 131 132 133 134 135 136 137 138 139 140 141 143 145 146 147 149 150 152 154 156 157 158 159 161 162 163 164 165 166 167
19  1 : 19
20  2 : 20 47
21  1 : 21
22  1 : 22
24  7 : 24 52 57 62 63 82 94
25  2 : 25 64
26  1 : 26
27  21 : 27 30 45 77 80 89 90 99 101 103 111 120 121 123 126 142 144 151 153 155 160
28  7 : 28 38 43 46 49 58 72
29  1 : 29
31  3 : 31 53 96
33  5 : 33 41 69 74 127
61  3 : 61 65 79
% end

% frame 47
% time 4.8
% start   4.8
% cluster-index, number-of-fibers : name-of-fibers
1  2 : 1 50
2  1 : 2
3  1 : 3
4  1 : 4
5  3 : 5 34 39
6  1 : 6
7  2 : 7 32
8  1 : 8
9  4 : 9 37 54 55
10  1 : 10
11  1 : 11
12  5 : 12 48 51 56 148
13  1 : 13
14  5 : 14 23 36 44 130
15  2 : 15 35
16  1 : 16
17  1 : 17
18  81 : 18 40 42 59 60 66 67 68 70 71 73 75 76 78 81 83 84 85 86 87 88 91 92 93 95 97 98 100 102 104 105 106 107 108 109 110 112 113 114 115 116 117 118 119 122 124 125 128 129 131 132 133 134 135 136 137 138 139 140 141 143 145 146 147 149 150 152 154 156 157 158 159 161 162 163 164 165 166 167 168 169
19  1 : 19
20  2 : 20 47
21  1 : 21
22  1 : 22
24  7 : 24 52 57 62 63 82 94
25  2 : 25 64
26  1 : 26
27  21 : 27 30 45 77 80 89 90 99 101 103 111 120 121 123 126 142 144 151 153 155 160
28  7 : 28 38 43 46 49 58 72
29  1 : 29
31  3 : 31 53 96
33  5 : 33 41 69 74 127
61  3 : 61 65 79
% end

% frame 48
% time 4.9
% start   4.9
% cluster-index, number-of-fibers : name-of-fibers
1  2 : 1 50
2  1 : 2
3  1 : 3
4  1 : 4
5  3 : 5 34 39
6  1 : 6
7  2 : 7 32
8  1 : 8
9  4 : 9 37 54 55
10  1 : 10
11  1 : 11
12  5 : 12 48 51 56 148
13  1 : 13
14  5 : 14 23 36 44 130
15  2 : 15 35
16  1 : 16
17  1 : 17
18  83 : 18 40 42 59 60 66 67 68 70 71 73 75 76 78 81 83 84 85 86 87 88 91 92 93 95 97 98 100 102 104 105 106 107 108 109 110 112 113 114 115 116 117 118 119 122 124 125 128 129 131 132 133 134 135 136 137 138 139 140 141 143 145 146 147 149 150 152 154 156 157 158 159 161 162 163 164 165 166 167 168 169 170 171
19  1 : 19
20  2 : 20 47
21  1 : 21
22  1 : 22
24  7 : 24 52 57 62 63 82 94
25  2 : 25 64
26  1 : 26
27  22 : 27 30 45 77 80 89 90 99 101 103 111 120 121 123 126 142 144 151 153 155 160 172
28  7 : 28 38 43 46 49 58 72
29  1 : 29
31  3 : 31 53 96
33  5 : 33 41 69 74 127
61  3 : 61 65 79
% end

% frame 49
% time 5
% start   5
% cluster-index, number-of-fibers : name-of-fibers
1  2 : 1 50
2  1 : 2
3  1 : 3
4  1 : 4
5  3 : 5 34 39
6  1 : 6
7  2 : 7 32
8  1 : 8
9  4 : 9 37 54 55
10  1 : 10
11  1 : 11
12  5 : 12 48 51 56 148
13  1 : 13
14  5 : 14 23 36 44 130
15  2 : 15 35
16  1 : 16
17  1 : 17
18  83 : 18 40 42 59 60 66 67 68 70 71 73 75 76 78 81 83 84 85 86 87 88 91 92 93 95 97 98 100 102 104 105 106 107 108 109 110 112 113 114 115 116 117 118 119 122 124 125 128 129 131 132 133 134 135 136 137 138 139 140 141 143 145 146 147 149 150 152 154 156 157 158 159 161 162 163 164 165 166 167 168 169 170 171
19  1 : 19
20  2 : 20 47
21  1 : 21
22  1 : 22
24  7 : 24 52 57 62 63 82 94
25  2 : 25 64
26  1 : 26
27  22 : 27 30 45 77 80 89 90 99 101 103 111 120 121 123 126 142 144 151 153 155 160 172
28  7 : 28 38 43 46 49 58 72
29  1 : 29
31  3 : 31 53 96
33  5 : 33 41 69 74 127
61  3 : 61 65 79
% end

% frame 50
% time 5.1
% start   5.1
% cluster-index, number-of-fibers : name-of-fibers
1  2 : 1 50
2  1 : 2
3  1 : 3
4  1 : 4
5  3 : 5 34 39
6  1 : 6
7  2 : 7 32
8  1 : 8
9  4 : 9 37 54 55
10  1 : 10
11  1 : 11
12  5 : 12 48 51 56 148
13  1 : 13
14  5 : 14 23 36 44 130
15  2 : 15 35
16  1 : 16
17  1 : 17
18  86 : 18 40 42 59 60 66 67 68 70 71 73 75 76 78 81 83 84 85 86 87 88 91 92 93 95 97 98 100 102 104 105 106 107 108 109 110 112 113 114 115 116 117 118 119 122 124 125 128 129 131 132 133 134 135 136 137 138 139 140 141 143 145 146 147 149 150 152 154 156 157 158 159 161 162 163 164 165 166 167 168 169 170 171 173 174 175
19  1 : 19
20  2 : 20 47
21  1 : 21
22  1 : 22
24  7 : 24 52 57 62 63 82 94
25  2 : 25 64
26  1 : 26
27  22 : 27 30 45 77 80 89 90 99 101 103 111 120 121 123 126 142 144 151 153 155 160 172
28  7 : 28 38 43 46 49 58 72
29  1 : 29
31  3 : 31 53 96
33  5 : 33 41 69 74 127
61  3 : 61 65 79
% end

% frame 51
% time 5.2
% start   5.2
% cluster-index, number-of-fibers : name-of-fibers
1  2 : 1 50
2  1 : 2
3  1 : 3
4  1 : 4
5  3 : 5 34 39
6  1 : 6
7  2 : 7 32
8  1 : 8
9  4 : 9 37 54 55
10  1 : 10
11  1 : 11
12  5 : 12 48 51 56 148
13  1 : 13
14  5 : 14 23 36 44 130
15  2 : 15 35
16  1 : 16
17  1 : 17
18  88 : 18 40 42 59 60 66 67 68 70 71 73 75 76 78 81 83 84 85 86 87 88 91 92 93 95 97 98 100 102 104 105 106 107 108 109 110 112 113 114 115 116 117 118 119 122 124 125 128 129 131 132 133 134 135 136 137 138 139 140 141 143 145 146 147 149 150 152 154 156 157 158 159 161 162 163 164 165 166 167 168 169 170 171 173 174 175 176 177
19  1 : 19
20  2 : 20 47
21  1 : 21
22  1 : 22
24  7 : 24 52 57 62 63 82 94
25  2 : 25 64
26  1 : 26
27  22 : 27 30 45 77 80 89 90 99 101 103 111 120 121 123 126 142 144 151 153 155 160 172
28  8 : 28 38 43 46 49 58 72 178
29  1 : 29
31  3 : 31 53 96
33  5 : 33 41 69 74 127
61  3 : 61 65 79
% end

% frame 52
% time 5.3
% start   5.3
% cluster-index, number-of-fibers : name-of-fibers
1  2 : 1 50
2  1 : 2
3  1 : 3
4  1 : 4
5  3 : 5 34 39
6  1 : 6
7  2 : 7 32
8  1 : 8
9  4 : 9 37 54 55
10  1 : 10
11  1 : 11
12  5 : 12 48 51 56 148
13  1 : 13
14  5 : 14 23 36 44 130
15  2 : 15 35
16  1 : 16
17  1 : 17
18  89 : 18 40 42 59 60 66 67 68 70 71 73 75 76 78 81 83 84 85 86 87 88 91 92 93 95 97 98 100 102 104 105 106 107 108 109 110 112 113 114 115 116 117 118 119 122 124 125 128 129 131 132 133 134 135 136 137 138 139 140 141 143 145 146 147 149 150 152 154 156 157 158 159 161 162 163 164 165 166 167 168 169 170 171 173 174 175 176 177 179
19  1 : 19
20  2 : 20 47
21  1 : 21
22  1 : 22
24  7 : 24 52 57 62 63 82 94
25  2 : 25 64
26  1 : 26
27  23 : 27 30 45 77 80 89 90 99 101 103 111 120 121 123 126 142 144 151 153 155 160 172 180
28  8 : 28 38 43 46 49 58 72 178
29  1 : 29
31  3 : 31 53 96
33  5 : 33 41 69 74 127
61  3 : 61 65 79
% end

% frame 53
% time 5.4
% start   5.4
% cluster-index, number-of-fibers : name-of-fibers
1  2 : 1 50
2  1 : 2
3  1 : 3
4  1 : 4
5  3 : 5 34 39
6  1 : 6
7  2 : 7 32
8  1 : 8
9  4 : 9 37 54 55
10  1 : 10
11  1 : 11
12  5 : 12 48 51 56 148
13  1 : 13
14  5 : 14 23 36 44 130
15  2 : 15 35
16  1 : 16
17  1 : 17
18  90 : 18 40 42 59 60 66 67 68 70 71 73 75 76 78 81 83 84 85 86 87 88 91 92 93 95 97 98 100 102 104 105 106 107 108 109 110 112 113 114 115 116 117 118 119 122 124 125 128 129 131 132 133 134 135 136 137 138 139 140 141 143 145 146 147 149 150 152 154 156 157 158 159 161 162 163 164 165 166 167 168 169 170 171 173 174 175 176 177 179 181
19  1 : 19
20  2 : 20 47
21  1 : 21
22  1 : 22
24  7 : 24 52 57 62 63 82 94
25  2 : 25 64
26  1 : 26
27  23 : 27 30 45 77 80 89 90 99 101 103 111 120 121 123 126 142 144 151 153 155 160 172 180
28  8 : 28 38 43 46 49 58 72 178
29  1 : 29
31  3 : 31 53 96
33  5 : 33 41 69 74 127
61  3 : 61 65 79
% end

% frame 54
% time 5.5
% start   5.5
% cluster-index, number-of-fibers : name-of-fibers
1  2 : 1 50
2  1 : 2
3  1 : 3
4  1 : 4
5  3 : 5 34 39
6  1 : 6
7  2 : 7 32
8  1 : 8
9  4 : 9 37 54 55
10  1 : 10
11  1 : 11
12  5 : 12 48 51 56 148
13  1 : 13
14  5 : 14 23 36 44 130
15  2 : 15 35
16  1 : 16
17  1 : 17
18  90 : 18 40 42 59 60 66 67 68 70 71 73 75 76 78 81 83 84 85 86 87 88 91 92 93 95 97 98 100 102 104 105 106 107 108 109 110 112 113 114 115 116 117 118 119 122 124 125 128 129 131 132 133 134 135 136 137 138 139 140 141 143 145 146 147 149 150 152 154 156 157 158 159 161 162 163 164 165 166 167 168 169 170 171 173 174 175 176 177 179 181
19  1 : 19
20  2 : 20 47
21  1 : 21
22  1 : 22
24  7 : 24 52 57 62 63 82 94
25  2 : 25 64
26  1 : 26
27  23 : 27 30 45 77 80 89 90 99 101 103 111 120 121 123 126 142 144 151 153 155 160 172 180
28  8 : 28 38 43 46 49 58 72 178
29  1 : 29
31  3 : 31 53 96
33  5 : 33 41 69 74 127
61  3 : 61 65 79
% end

% frame 55
% time 5.6
% start   5.6
% cluster-index, number-of-fibers : name-of-fibers
1  2 : 1 50
2  1 : 2
3  1 : 3
4  1 : 4
5  3 : 5 34 39
6  1 : 6
7  2 : 7 32
8  1 : 8
9  4 : 9 37 54 55
10  1 : 10
11  1 : 11
12  5 : 12 48 51 56 148
13  1 : 13
14  5 : 14 23 36 44 130
15  2 : 15 35
16  1 : 16
17  1 : 17
18  92 : 18 40 42 59 60 66 67 68 70 71 73 75 76 78 81 83 84 85 86 87 88 91 92 93 95 97 98 100 102 104 105 106 107 108 109 110 112 113 114 115 116 117 118 119 122 124 125 128 129 131 132 133 134 135 136 137 138 139 140 141 143 145 146 147 149 150 152 154 156 157 158 159 161 162 163 164 165 166 167 168 169 170 171 173 174 175 176 177 179 181 182 183
19  1 : 19
20  2 : 20 47
21  1 : 21
22  1 : 22
24  7 : 24 52 57 62 63 82 94
25  2 : 25 64
26  1 : 26
27  23 : 27 30 45 77 80 89 90 99 101 103 111 120 121 123 126 142 144 151 153 155 160 172 180
28  8 : 28 38 43 46 49 58 72 178
29  1 : 29
31  3 : 31 53 96
33  5 : 33 41 69 74 127
61  3 : 61 65 79
% end

% frame 56
% time 5.7
% start   5.7
% cluster-index, number-of-fibers : name-of-fibers
1  2 : 1 50
2  1 : 2
3  1 : 3
4  1 : 4
5  3 : 5 34 39
6  1 : 6
7  2 : 7 32
8  1 : 8
9  4 : 9 37 54 55
10  1 : 10
11  1 : 11
12  5 : 12 48 51 56 148
13  1 : 13
14  5 : 14 23 36 44 130
15  2 : 15 35
16  1 : 16
17  1 : 17
18  95 : 18 40 42 59 60 66 67 68 70 71 73 75 76 78 81 83 84 85 86 87 88 91 92 93 95 97 98 100 102 104 105 106 107 108 109 110 112 113 114 115 116 117 118 119 122 124 125 128 129 131 132 133 134 135 136 137 138 139 140 141 143 145 146 147 149 150 152 154 156 157 158 159 161 162 163 164 165 166 167 168 169 170 171 173 174 175 176 177 179 181 182 183 184 185 186
19  1 : 19
20  2 : 20 47
21  1 : 21
22  1 : 22
24  7 : 24 52 57 62 63 82 94
25  2 : 25 64
26  1 : 26
27  23 : 27 30 45 77 80 89 90 99 101 103 111 120 121 123 126 142 144 151 153 155 160 172 180
28  8 : 28 38 43 46 49 58 72 178
29  1 : 29
31  3 : 31 53 96
33  5 : 33 41 69 74 127
61  3 : 61 65 79
% end

% frame 57
% time 5.8
% start   5.8
% cluster-index, number-of-fibers : name-of-fibers
1  2 : 1 50
2  1 : 2
3  1 : 3
4  1 : 4
5  3 : 5 34 39
6  1 : 6
7  2 : 7 32
8  1 : 8
9  4 : 9 37 54 55
10  1 : 10
11  1 : 11
12  5 : 12 48 51 56 148
13  1 : 13
14  5 : 14 23 36 44 130
15  2 : 15 35
16  1 : 16
17  1 : 17
18  97 : 18 40 42 59 60 66 67 68 70 71 73 75 76 78 81 83 84 85 86 87 88 91 92 93 95 97 98 100 102 104 105 106 107 108 109 110 112 113 114 115 116 117 118 119 122 124 125 128 129 131 132 133 134 135 136 137 138 139 140 141 143 145 146 147 149 150 152 154 156 157 158 159 161 162 163 164 165 166 167 168 169 170 171 173 174 175 176 177 179 181 182 183 184 185 186 187 188
19  1 : 19
20  2 : 20 47
21  1 : 21
22  1 : 22
24  8 : 24 52 57 62 63 82 94 189
25  2 : 25 64
26  1 : 26
27  23 : 27 30 45 77 80 89 90 99 101 103 111 120 121 123 126 142 144 151 153 155 160 172 180
28  8 : 28 38 43 46 49 58 72 178
29  1 : 29
31  3 : 31 53 96
33  5 : 33 41 69 74 127
61  3 : 61 65 79
% end

% frame 58
% time 5.9
% start   5.9
% cluster-index, number-of-fibers : name-of-fibers
1  2 : 1 50
2  1 : 2
3  1 : 3
4  1 : 4
5  3 : 5 34 39
6  1 : 6
7  2 : 7 32
8  1 : 8
9  4 : 9 37 54 55
10  1 : 10
11  1 : 11
12  5 : 12 48 51 56 148
13  1 : 13
14  5 : 14 23 36 44 130
15  2 : 15 35
16  1 : 16
17  1 : 17
18  97 : 18 40 42 59 60 66 67 68 70 71 73 75 76 78 81 83 84 85 86 87 88 91 92 93 95 97 98 100 102 104 105 106 107 108 109 110 112 113 114 115 116 117 118 119 122 124 125 128 129 131 132 133 134 135 136 137 138 139 140 141 143 145 146 147 149 150 152 154 156 157 158 159 161 162 163 164 165 166 167 168 169 170 171 173 174 175 176 177 179 181 182 183 184 185 186 187 188
19  1 : 19
20  2 : 20 47
21  1 : 21
22  1 : 22
24  8 : 24 52 57 62 63 82 94 189
25  2 : 25 64
26  1 : 26
27  23 : 27 30 45 77 80 89 90 99 101 103 111 120 121 123 126 142 144 151 153 155 160 172 180
28  8 : 28 38 43 46 49 58 72 178
29  1 : 29
31  3 : 31 53 96
33  5 : 33 41 69 74 127
61  3 : 61 65 79
% end

% frame 59
% time 6
% start   6
% cluster-index, number-of-fibers : name-of-fibers
1  2 : 1 50
2  1 : 2
3  1 : 3
4  1 : 4
5  3 : 5 34 39
6  1 : 6
7  2 : 7 32
8  1 : 8
9  4 : 9 37 54 55
10  1 : 10
11  1 : 11
12  5 : 12 48 51 56 148
13  1 : 13
14  5 : 14 23 36 44 130
15  2 : 15 35
16  1 : 16
17  1 : 17
18  98 : 18 40 42 59 60 66 67 68 70 71 73 75 76 78 81 83 84 85 86 87 88 91 92 93 95 97 98 100 102 104 105 106 107 108 109 110 112 113 114 115 116 117 118 119 122 124 125 128 129 131 132 133 134 135 136 137 138 139 140 141 143 145 146 147 149 150 152 154 156 157 158 159 161 162 163 164 165 166 167 168 169 170 171 173 174 175 176 177 179 181 182 183 184 185 186 187 188 190
19  1 : 19
20  2 : 20 47
21  1 : 21
22  1 : 22
24  8 : 24 52 57 62 63 82 94 189
25  2 : 25 64
26  1 : 26
27  23 : 27 30 45 77 80 89 90 99 101 103 111 120 121 123 126 142 144 151 153 155 160 172 180
28  8 : 28 38 43 46 49 58 72 178
29  1 : 29
31  3 : 31 53 96
33  5 : 33 41 69 74 127
61  3 : 61 65 79
% end

% frame 60
% time 6.1
% start   6.1
% cluster-index, number-of-fibers : name-of-fibers
1  2 : 1 50
2  1 : 2
3  1 : 3
4  1 : 4
5  3 : 5 34 39
6  1 : 6
7  2 : 7 32
8  1 : 8
9  4 : 9 37 54 55
10  1 : 10
11  1 : 11
12  5 : 12 48 51 56 148
13  1 : 13
14  5 : 14 23 36 44 130
15  2 : 15 35
16  1 : 16
17  1 : 17
18  102 : 18 40 42 59 60 66 67 68 70 71 73 75 76 78 81 83 84 85 86 87 88 91 92 93 95 97 98 100 102 104 105 106 107 108 109 110 112 113 114 115 116 117 118 119 122 124 125 128 129 131 132 133 134 135 136 137 138 139 140 141 143 145 146 147 149 150 152 154 156 157 158 159 161 162 163 164 165 166 167 168 169 170 171 173 174 175 176 177 179 181 182 183 184 185 186 187 188 190 191 192 193 194
19  1 : 19
20  2 : 20 47
21  1 : 21
22  1 : 22
24  8 : 24 52 57 62 63 82 94 189
25  2 : 25 64
26  1 : 26
27  23 : 27 30 45 77 80 89 90 99 101 103 111 120 121 123 126 142 144 151 153 155 160 172 180
28  8 : 28 38 43 46 49 58 72 178
29  1 : 29
31  3 : 31 53 96
33  5 : 33 41 69 74 127
61  3 : 61 65 79
% end

% frame 61
% time 6.2
% start   6.2
% cluster-index, number-of-fibers : name-of-fibers
1  2 : 1 50
2  1 : 2
3  1 : 3
4  1 : 4
5  3 : 5 34 39
6  1 : 6
7  2 : 7 32
8  1 : 8
9  4 : 9 37 54 55
10  1 : 10
11  1 : 11
12  5 : 12 48 51 56 148
13  1 : 13
14  5 : 14 23 36 44 130
15  2 : 15 35
16  1 : 16
17  1 : 17
18  105 : 18 40 42 59 60 66 67 68 70 71 73 75 76 78 81 83 84 85 86 87 88 91 92 93 95 97 98 100 102 104 105 106 107 108 109 110 112 113 114 115 116 117 118 119 122 124 125 128 129 131 132 133 134 135 136 137 138 139 140 141 143 145 146 147 149 150 152 154 156 157 158 159 161 162 163 164 165 166 167 168 169 170 171 173 174 175 176 177 179 181 182 183 184 185 186 187 188 190 191 192 193 194 195 196 197
19  1 : 19
20  2 : 20 47
21  1 : 21
22  1 : 22
24  8 : 24 52 57 62 63 82 94 189
25  2 : 25 64
26  1 : 26
27  23 : 27 30 45 77 80 89 90 99 101 103 111 120 121 123 126 142 144 151 153 155 160 172 180
28  8 : 28 38 43 46 49 58 72 178
29  1 : 29
31  3 : 31 53 96
33  5 : 33 41 69 74 127
61  3 : 61 65 79
% end

% frame 62
% time 6.3
% start   6.3
% cluster-index, number-of-fibers : name-of-fibers
1  2 : 1 50
2  1 : 2
3  1 : 3
4  1 : 4
5  3 : 5 34 39
6  1 : 6
7  2 : 7 32
8  1 : 8
9  4 : 9 37 54 55
10  1 : 10
11  1 : 11
12  5 : 12 48 51 56 148
13  1 : 13
14  5 : 14 23 36 44 130
15  2 : 15 35
16  1 : 16
17  1 : 17
18  105 : 18 40 42 59 60 66 67 68 70 71 73 75 76 78 81 83 84 85 86 87 88 91 92 93 95 97 98 100 102 104 105 106 107 108 109 110 112 113 114 115 116 117 118 119 122 124 125 128 129 131 132 133 134 135 136 137 138 139 140 141 143 145 146 147 149 150 152 154 156 157 158 159 161 162 163 164 165 166 167 168 169 170 171 173 174 175 176 177 179 181 182 183 184 185 186 187 188 190 191 192 193 194 195 196 197
19  1 : 19
20  2 : 20 47
21  1 : 21
22  1 : 22
24  8 : 24 52 57 62 63 82 94 189
25  2 : 25 64
26  1 : 26
27  23 : 27 30 45 77 80 89 90 99 101 103 111 120 121 123 126 142 144 151 153 155 160 172 180
28  8 : 28 38 43 46 49 58 72 178
29  1 : 29
31  3 : 31 53 96
33  5 : 33 41 69 74 127
61  3 : 61 65 79
% end

% frame 63
% time 6.4
% start   6.4
% cluster-index, number-of-fibers : name-of-fibers
1  2 : 1 50
2  1 : 2
3  1 : 3
4  1 : 4
5  3 : 5 34 39
6  1 : 6
7  2 : 7 32
8  1 : 8
9  4 : 9 37 54 55
10  1 : 10
11  1 : 11
12  5 : 12 48 51 56 148
13  1 : 13
14  5 : 14 23 36 44 130
15  2 : 15 35
16  1 : 16
17  1 : 17
18  105 : 18 40 42 59 60 66 67 68 70 71 73 75 76 78 81 83 84 85 86 87 88 91 92 93 95 97 98 100 102 104 105 106 107 108 109 110 112 113 114 115 116 117 118 119 122 124 125 128 129 131 132 133 134 135 136 137 138 139 140 141 143 145 146 147 149 150 152 154 156 157 158 159 161 162 163 164 165 166 167 168 169 170 171 173 174 175 176 177 179 181 182 183 184 185 186 187 188 190 191 192 193 194 195 196 197
19  1 : 19
20  2 : 20 47
21  1 : 21
22  1 : 22
24  8 : 24 52 57 62 63 82 94 189
25  2 : 25 64
26  1 : 26
27  23 : 27 30 45 77 80 89 90 99 101 103 111 120 121 123 126 142 144 151 153 155 160 172 180
28  8 : 28 38 43 46 49 58 72 178
29  1 : 29
31  3 : 31 53 96
33  5 : 33 41 69 74 127
61  3 : 61 65 79
% end

% frame 64
% time 6.5
% start   6.5
% cluster-index, number-of-fibers : name-of-fibers
1  2 : 1 50
2  1 : 2
3  1 : 3
4  1 : 4
5  3 : 5 34 39
6  1 : 6
7  2 : 7 32
8  1 : 8
9  4 : 9 37 54 55
10  1 : 10
11  1 : 11
12  5 : 12 48 51 56 148
13  1 : 13
14  5 : 14 23 36 44 130
15  2 : 15 35
16  1 : 16
17  1 : 17
18  106 : 18 40 42 59 60 66 67 68 70 71 73 75 76 78 81 83 84 85 86 87 88 91 92 93 95 97 98 100 102 104 105 106 107 108 109 110 112 113 114 115 116 117 118 119 122 124 125 128 129 131 132 133 134 135 136 137 138 139 140 141 143 145 146 147 149 150 152 154 156 157 158 159 161 162 163 164 165 166 167 168 169 170 171 173 174 175 176 177 179 181 182 183 184 185 186 187 188 190 191 192 193 194 195 196 197 198
19  1 : 19
20  2 : 20 47
21  1 : 21
22  1 : 22
24  8 : 24 52 57 62 63 82 94 189
25  2 : 25 64
26  1 : 26
27  23 : 27 30 45 77 80 89 90 99 101 103 111 120 121 123 126 142 144 151 153 155 160 172 180
28  8 : 28 38 43 46 49 58 72 178
29  1 : 29
31  3 : 31 53 96
33  5 : 33 41 69 74 127
61  3 : 61 65 79
% end

% frame 65
% time 6.6
% start   6.6
% cluster-index, number-of-fibers : name-of-fibers
1  2 : 1 50
2  1 : 2
3  1 : 3
4  1 : 4
5  3 : 5 34 39
6  1 : 6
7  2 : 7 32
8  1 : 8
9  4 : 9 37 54 55
10  1 : 10
11  1 : 11
12  5 : 12 48 51 56 148
13  1 : 13
14  5 : 14 23 36 44 130
15  2 : 15 35
16  1 : 16
17  1 : 17
18  106 : 18 40 42 59 60 66 67 68 70 71 73 75 76 78 81 83 84 85 86 87 88 91 92 93 95 97 98 100 102 104 105 106 107 108 109 110 112 113 114 115 116 117 118 119 122 124 125 128 129 131 132 133 134 135 136 137 138 139 140 141 143 145 146 147 149 150 152 154 156 157 158 159 161 162 163 164 165 166 167 168 169 170 171 173 174 175 176 177 179 181 182 183 184 185 186 187 188 190 191 192 193 194 195 196 197 198
19  1 : 19
20  2 : 20 47
21  1 : 21
22  1 : 22
24  8 : 24 52 57 62 63 82 94 189
25  2 : 25 64
26  1 : 26
27  23 : 27 30 45 77 80 89 90 99 101 103 111 120 121 123 126 142 144 151 153 155 160 172 180
28  8 : 28 38 43 46 49 58 72 178
29  1 : 29
31  3 : 31 53 96
33  5 : 33 41 69 74 127
61  3 : 61 65 79
% end

% frame 66
% time 6.7
% start   6.7
% cluster-index, number-of-fibers : name-of-fibers
1  2 : 1 50
2  1 : 2
3  1 : 3
4  1 : 4
5  3 : 5 34 39
6  1 : 6
7  2 : 7 32
8  1 : 8
9  4 : 9 37 54 55
10  1 : 10
11  1 : 11
12  5 : 12 48 51 56 148
13  1 : 13
14  5 : 14 23 36 44 130
15  2 : 15 35
16  1 : 16
17  1 : 17
18  108 : 18 40 42 59 60 66 67 68 70 71 73 75 76 78 81 83 84 85 86 87 88 91 92 93 95 97 98 100 102 104 105 106 107 108 109 110 112 113 114 115 116 117 118 119 122 124 125 128 129 131 132 133 134 135 136 137 138 139 140 141 143 145 146 147 149 150 152 154 156 157 158 159 161 162 163 164 165 166 167 168 169 170 171 173 174 175 176 177 179 181 182 183 184 185 186 187 188 190 191 192 193 194 195 196 197 198 199 200
19  1 : 19
20  2 : 20 47
21  1 : 21
22  1 : 22
24  8 : 24 52 57 62 63 82 94 189
25  2 : 25 64
26  1 : 26
27  23 : 27 30 45 77 80 89 90 99 101 103 111 120 121 123 126 142 144 151 153 155 160 172 180
28  8 : 28 38 43 46 49 58 72 178
29  1 : 29
31  3 : 31 53 96
33  5 : 33 41 69 74 127
61  3 : 61 65 79
% end

% frame 67
% time 6.8
% start   6.8
% cluster-index, number-of-fibers : name-of-fibers
1  2 : 1 50
2  1 : 2
3  1 : 3
4  1 : 4
5  3 : 5 34 39
6  1 : 6
7  2 : 7 32
8  1 : 8
9  4 : 9 37 54 55
10  1 : 10
11  1 : 11
12  5 : 12 48 51 56 148
13  1 : 13
14  5 : 14 23 36 44 130
15  2 : 15 35
16  1 : 16
17  1 : 17
18  108 : 18 40 42 59 60 66 67 68 70 71 73 75 76 78 81 83 84 85 86 87 88 91 92 93 95 97 98 100 102 104 105 106 107 108 109 110 112 113 114 115 116 117 118 119 122 124 125 128 129 131 132 133 134 135 136 137 138 139 140 141 143 145 146 147 149 150 152 154 156 157 158 159 161 162 163 164 165 166 167 168 169 170 171 173 174 175 176 177 179 181 182 183 184 185 186 187 188 190 191 192 193 194 195 196 197 198 199 200
19  1 : 19
20  2 : 20 47
21  1 : 21
22  1 : 22
24  8 : 24 52 57 62 63 82 94 189
25  2 : 25 64
26  1 : 26
27  23 : 27 30 45 77 80 89 90 99 101 103 111 120 121 123 126 142 144 151 153 155 160 172 180
28  8 : 28 38 43 46 49 58 72 178
29  1 : 29
31  3 : 31 53 96
33  5 : 33 41 69 74 127
61  3 : 61 65 79
% end

% frame 68
% time 6.9
% start   6.9
% cluster-index, number-of-fibers : name-of-fibers
1  2 : 1 50
2  1 : 2
3  1 : 3
4  1 : 4
5  3 : 5 34 39
6  1 : 6
7  2 : 7 32
8  1 : 8
9  4 : 9 37 54 55
10  1 : 10
11  1 : 11
12  5 : 12 48 51 56 148
13  1 : 13
14  5 : 14 23 36 44 130
15  2 : 15 35
16  1 : 16
17  1 : 17
18  108 : 18 40 42 59 60 66 67 68 70 71 73 75 76 78 81 83 84 85 86 87 88 91 92 93 95 97 98 100 102 104 105 106 107 108 109 110 112 113 114 115 116 117 118 119 122 124 125 128 129 131 132 133 134 135 136 137 138 139 140 141 143 145 146 147 149 150 152 154 156 157 158 159 161 162 163 164 165 166 167 168 169 170 171 173 174 175 176 177 179 181 182 183 184 185 186 187 188 190 191 192 193 194 195 196 197 198 199 200
19  1 : 19
20  2 : 20 47
21  1 : 21
22  1 : 22
24  8 : 24 52 57 62 63 82 94 189
25  2 : 25 64
26  1 : 26
27  23 : 27 30 45 77 80 89 90 99 101 103 111 120 121 123 126 142 144 151 153 155 160 172 180
28  8 : 28 38 43 46 49 58 72 178
29  1 : 29
31  3 : 31 53 96
33  5 : 33 41 69 74 127
61  3 : 61 65 79
% end

% frame 69
% time 7
% start   7
% cluster-index, number-of-fibers : name-of-fibers
1  2 : 1 50
2  1 : 2
3  1 : 3
4  1 : 4
5  3 : 5 34 39
6  1 : 6
7  2 : 7 32
8  1 : 8
9  4 : 9 37 54 55
10  1 : 10
11  1 : 11
12  5 : 12 48 51 56 148
13  1 : 13
14  5 : 14 23 36 44 130
15  2 : 15 35
16  1 : 16
17  1 : 17
18  111 : 18 40 42 59 60 66 67 68 70 71 73 75 76 78 81 83 84 85 86 87 88 91 92 93 95 97 98 100 102 104 105 106 107 108 109 110 112 113 114 115 116 117 118 119 122 124 125 128 129 131 132 133 134 135 136 137 138 139 140 141 143 145 146 147 149 150 152 154 156 157 158 159 161 162 163 164 165 166 167 168 169 170 171 173 174 175 176 177 179 181 182 183 184 185 186 187 188 190 191 192 193 194 195 196 197 198 199 200 201 202 203
19  1 : 19
20  2 : 20 47
21  1 : 21
22  1 : 22
24  8 : 24 52 57 62 63 82 94 189
25  2 : 25 64
26  1 : 26
27  23 : 27 30 45 77 80 89 90 99 101 103 111 120 121 123 126 142 144 151 153 155 160 172 180
28  8 : 28 38 43 46 49 58 72 178
29  1 : 29
31  3 : 31 53 96
33  5 : 33 41 69 74 127
61  3 : 61 65 79
% end

% frame 70
% time 7.1
% start   7.1
% cluster-index, number-of-fibers : name-of-fibers
1  2 : 1 50
2  1 : 2
3  1 : 3
4  1 : 4
5  3 : 5 34 39
6  1 : 6
7  2 : 7 32
8  1 : 8
9  4 : 9 37 54 55
10  1 : 10
11  1 : 11
12  5 : 12 48 51 56 148
13  1 : 13
14  5 : 14 23 36 44 130
15  2 : 15 35
16  1 : 16
17  1 : 17
18  113 : 18 40 42 59 60 66 67 68 70 71 73 75 76 78 81 83 84 85 86 87 88 91 92 93 95 97 98 100 102 104 105 106 107 108 109 110 112 113 114 115 116 117 118 119 122 124 125 128 129 131 132 133 134 135 136 137 138 139 140 141 143 145 146 147 149 150 152 154 156 157 158 159 161 162 163 164 165 166 167 168 169 170 171 173 174 175 176 177 179 181 182 183 184 185 186 187 188 190 191 192 193 194 195 196 197 198 199 200 201 202 203 204 205
19  1 : 19
20  2 : 20 47
21  1 : 21
22  1 : 22
24  8 : 24 52 57 62 63 82 94 189
25  2 : 25 64
26  1 : 26
27  23 : 27 30 45 77 80 89 90 99 101 103 111 120 121 123 126 142 144 151 153 155 160 172 180
28  8 : 28 38 43 46 49 58 72 178
29  1 : 29
31  3 : 31 53 96
33  5 : 33 41 69 74 127
61  3 : 61 65 79
% end

% frame 71
% time 7.2
% start   7.2
% cluster-index, number-of-fibers : name-of-fibers
1  2 : 1 50
2  1 : 2
3  1 : 3
4  1 : 4
5  3 : 5 34 39
6  1 : 6
7  2 : 7 32
8  1 : 8
9  4 : 9 37 54 55
10  1 : 10
11  1 : 11
12  5 : 12 48 51 56 148
13  1 : 13
14  5 : 14 23 36 44 130
15  2 : 15 35
16  1 : 16
17  1 : 17
18  113 : 18 40 42 59 60 66 67 68 70 71 73 75 76 78 81 83 84 85 86 87 88 91 92 93 95 97 98 100 102 104 105 106 107 108 109 110 112 113 114 115 116 117 118 119 122 124 125 128 129 131 132 133 134 135 136 137 138 139 140 141 143 145 146 147 149 150 152 154 156 157 158 159 161 162 163 164 165 166 167 168 169 170 171 173 174 175 176 177 179 181 182 183 184 185 186 187 188 190 191 192 193 194 195 196 197 198 199 200 201 202 203 204 205
19  1 : 19
20  2 : 20 47
21  1 : 21
22  1 : 22
24  8 : 24 52 57 62 63 82 94 189
25  2 : 25 64
26  1 : 26
27  23 : 27 30 45 77 80 89 90 99 101 103 111 120 121 123 126 142 144 151 153 155 160 172 180
28  8 : 28 38 43 46 49 58 72 178
29  1 : 29
31  3 : 31 53 96
33  5 : 33 41 69 74 127
61  3 : 61 65 79
% end

% frame 72
% time 7.3
% start   7.3
% cluster-index, number-of-fibers : name-of-fibers
1  2 : 1 50
2  1 : 2
3  1 : 3
4  1 : 4
5  3 : 5 34 39
6  1 : 6
7  2 : 7 32
8  1 : 8
9  4 : 9 37 54 55
10  1 : 10
11  1 : 11
12  5 : 12 48 51 56 148
13  1 : 13
14  5 : 14 23 36 44 130
15  2 : 15 35
16  1 : 16
17  1 : 17
18  113 : 18 40 42 59 60 66 67 68 70 71 73 75 76 78 81 83 84 85 86 87 88 91 92 93 95 97 98 100 102 104 105 106 107 108 109 110 112 113 114 115 116 117 118 119 122 124 125 128 129 131 132 133 134 135 136 137 138 139 140 141 143 145 146 147 149 150 152 154 156 157 158 159 161 162 163 164 165 166 167 168 169 170 171 173 174 175 176 177 179 181 182 183 184 185 186 187 188 190 191 192 193 194 195 196 197 198 199 200 201 202 203 204 205
19  1 : 19
20  2 : 20 47
21  1 : 21
22  1 : 22
24  8 : 24 52 57 62 63 82 94 189
25  2 : 25 64
26  1 : 26
27  23 : 27 30 45 77 80 89 90 99 101 103 111 120 121 123 126 142 144 151 153 155 160 172 180
28  8 : 28 38 43 46 49 58 72 178
29  1 : 29
31  3 : 31 53 96
33  5 : 33 41 69 74 127
61  3 : 61 65 79
% end

% frame 73
% time 7.4
% start   7.4
% cluster-index, number-of-fibers : name-of-fibers
1  2 : 1 50
2  1 : 2
3  1 : 3
4  1 : 4
5  3 : 5 34 39
6  1 : 6
7  2 : 7 32
8  1 : 8
9  4 : 9 37 54 55
10  1 : 10
11  1 : 11
12  6 : 12 48 51 56 148 207
13  1 : 13
14  5 : 14 23 36 44 130
15  2 : 15 35
16  1 : 16
17  1 : 17
18  114 : 18 40 42 59 60 66 67 68 70 71 73 75 76 78 81 83 84 85 86 87 88 91 92 93 95 97 98 100 102 104 105 106 107 108 109 110 112 113 114 115 116 117 118 119 122 124 125 128 129 131 132 133 134 135 136 137 138 139 140 141 143 145 146 147 149 150 152 154 156 157 158 159 161 162 163 164 165 166 167 168 169 170 171 173 174 175 176 177 179 181 182 183 184 185 186 187 188 190 191 192 193 194 195 196 197 198 199 200 201 202 203 204 205 206
19  1 : 19
20  2 : 20 47
21  1 : 21
22  1 : 22
24  8 : 24 52 57 62 63 82 94 189
25  2 : 25 64
26  1 : 26
27  23 : 27 30 45 77 80 89 90 99 101 103 111 120 121 123 126 142 144 151 153 155 160 172 180
28  8 : 28 38 43 46 49 58 72 178
29  1 : 29
31  3 : 31 53 96
33  5 : 33 41 69 74 127
61  3 : 61 65 79
% end

% frame 74
% time 7.5
% start   7.5
% cluster-index, number-of-fibers : name-of-fibers
1  2 : 1 50
2  1 : 2
3  1 : 3
4  1 : 4
5  3 : 5 34 39
6  1 : 6
7  2 : 7 32
8  1 : 8
9  4 : 9 37 54 55
10  1 : 10
11  1 : 11
12  6 : 12 48 51 56 148 207
13  1 : 13
14  5 : 14 23 36 44 130
15  2 : 15 35
16  1 : 16
17  1 : 17
18  114 : 18 40 42 59 60 66 67 68 70 71 73 75 76 78 81 83 84 85 86 87 88 91 92 93 95 97 98 100 102 104 105 106 107 108 109 110 112 113 114 115 116 117 118 119 122 124 125 128 129 131 132 133 134 135 136 137 138 139 140 141 143 145 146 147 149 150 152 154 156 157 158 159 161 162 163 164 165 166 167 168 169 170 171 173 174 175 176 177 179 181 182 183 184 185 186 187 188 190 191 192 193 194 195 196 197 198 199 200 201 202 203 204 205 206
19  1 : 19
20  2 : 20 47
21  1 : 21
22  1 : 22
24  8 : 24 52 57 62 63 82 94 189
25  2 : 25 64
26  1 : 26
27  23 : 27 30 45 77 80 89 90 99 101 103 111 120 121 123 126 142 144 151 153 155 160 172 180
28  8 : 28 38 43 46 49 58 72 178
29  1 : 29
31  3 : 31 53 96
33  5 : 33 41 69 74 127
61  3 : 61 65 79
% end

% frame 75
% time 7.6
% start   7.6
% cluster-index, number-of-fibers : name-of-fibers
1  2 : 1 50
2  1 : 2
3  1 : 3
4  1 : 4
5  3 : 5 34 39
6  1 : 6
7  2 : 7 32
8  1 : 8
9  4 : 9 37 54 55
10  1 : 10
11  1 : 11
12  6 : 12 48 51 56 148 207
13  1 : 13
14  5 : 14 23 36 44 130
15  2 : 15 35
16  1 : 16
17  1 : 17
18  114 : 18 40 42 59 60 66 67 68 70 71 73 75 76 78 81 83 84 85 86 87 88 91 92 93 95 97 98 100 102 104 105 106 107 108 109 110 112 113 114 115 116 117 118 119 122 124 125 128 129 131 132 133 134 135 136 137 138 139 140 141 143 145 146 147 149 150 152 154 156 157 158 159 161 162 163 164 165 166 167 168 169 170 171 173 174 175 176 177 179 181 182 183 184 185 186 187 188 190 191 192 193 194 195 196 197 198 199 200 201 202 203 204 205 206
19  1 : 19
20  2 : 20 47
21  1 : 21
22  1 : 22
24  8 : 24 52 57 62 63 82 94 189
25  2 : 25 64
26  1 : 26
27  23 : 27 30 45 77 80 89 90 99 101 103 111 120 121 123 126 142 144 151 153 155 160 172 180
28  8 : 28 38 43 46 49 58 72 178
29  1 : 29
31  3 : 31 53 96
33  5 : 33 41 69 74 127
61  3 : 61 65 79
% end

% frame 76
% time 7.7
% start   7.7
% cluster-index, number-of-fibers : name-of-fibers
1  2 : 1 50
2  1 : 2
3  1 : 3
4  1 : 4
5  3 : 5 34 39
6  1 : 6
7  2 : 7 32
8  1 : 8
9  4 : 9 37 54 55
10  1 : 10
11  1 : 11
12  6 : 12 48 51 56 148 207
13  1 : 13
14  5 : 14 23 36 44 130
15  2 : 15 35
16  1 : 16
17  1 : 17
18  114 : 18 40 42 59 60 66 67 68 70 71 73 75 76 78 81 83 84 85 86 87 88 91 92 93 95 97 98 100 102 104 105 106 107 108 109 110 112 113 114 115 116 117 118 119 122 124 125 128 129 131 132 133 134 135 136 137 138 139 140 141 143 145 146 147 149 150 152 154 156 157 158 159 161 162 163 164 165 166 167 168 169 170 171 173 174 175 176 177 179 181 182 183 184 185 186 187 188 190 191 192 193 194 195 196 197 198 199 200 201 202 203 204 205 206
19  1 : 19
20  2 : 20 47
21  1 : 21
22  1 : 22
24  8 : 24 52 57 62 63 82 94 189
25  2 : 25 64
26  1 : 26
27  23 : 27 30 45 77 80 89 90 99 101 103 111 120 121 123 126 142 144 151 153 155 160 172 180
28  8 : 28 38 43 46 49 58 72 178
29  1 : 29
31  3 : 31 53 96
33  5 : 33 41 69 74 127
61  3 : 61 65 79
% end

% frame 77
% time 7.8
% start   7.8
% cluster-index, number-of-fibers : name-of-fibers
1  2 : 1 50
2  1 : 2
3  1 : 3
4  1 : 4
5  3 : 5 34 39
6  1 : 6
7  2 : 7 32
8  1 : 8
9  4 : 9 37 54 55
10  1 : 10
11  1 : 11
12  6 : 12 48 51 56 148 207
13  1 : 13
14  5 : 14 23 36 44 130
15  2 : 15 35
16  1 : 16
17  1 : 17
18  115 : 18 40 42 59 60 66 67 68 70 71 73 75 76 78 81 83 84 85 86 87 88 91 92 93 95 97 98 100 102 104 105 106 107 108 109 110 112 113 114 115 116 117 118 119 122 124 125 128 129 131 132 133 134 135 136 137 138 139 140 141 143 145 146 147 149 150 152 154 156 157 158 159 161 162 163 164 165 166 167 168 169 170 171 173 174 175 176 177 179 181 182 183 184 185 186 187 188 190 191 192 193 194 195 196 197 198 199 200 201 202 203 204 205 206 208
19  1 : 19
20  2 : 20 47
21  1 : 21
22  1 : 22
24  8 : 24 52 57 62 63 82 94 189
25  2 : 25 64
26  1 : 26
27  23 : 27 30 45 77 80 89 90 99 101 103 111 120 121 123 126 142 144 151 153 155 160 172 180
28  8 : 28 38 43 46 49 58 72 178
29  1 : 29
31  3 : 31 53 96
33  5 : 33 41 69 74 127
61  3 : 61 65 79
% end

% frame 78
% time 7.9
% start   7.9
% cluster-index, number-of-fibers : name-of-fibers
1  2 : 1 50
2  1 : 2
3  1 : 3
4  1 : 4
5  3 : 5 34 39
6  1 : 6
7  2 : 7 32
8  1 : 8
9  4 : 9 37 54 55
10  1 : 10
11  1 : 11
12  7 : 12 48 51 56 148 207 210
13  1 : 13
14  5 : 14 23 36 44 130
15  2 : 15 35
16  1 : 16
17  1 : 17
18  116 : 18 40 42 59 60 66 67 68 70 71 73 75 76 78 81 83 84 85 86 87 88 91 92 93 95 97 98 100 102 104 105 106 107 108 109 110 112 113 114 115 116 117 118 119 122 124 125 128 129 131 132 133 134 135 136 137 138 139 140 141 143 145 146 147 149 150 152 154 156 157 158 159 161 162 163 164 165 166 167 168 169 170 171 173 174 175 176 177 179 181 182 183 184 185 186 187 188 190 191 192 193 194 195 196 197 198 199 200 201 202 203 204 205 206 208 209
19  1 : 19
20  2 : 20 47
21  1 : 21
22  1 : 22
24  8 : 24 52 57 62 63 82 94 189
25  2 : 25 64
26  1 : 26
27  23 : 27 30 45 77 80 89 90 99 101 103 111 120 121 123 126 142 144 151 153 155 160 172 180
28  8 : 28 38 43 46 49 58 72 178
29  1 : 29
31  3 : 31 53 96
33  5 : 33 41 69 74 127
61  3 : 61 65 79
% end

% frame 79
% time 8
% start   8
% cluster-index, number-of-fibers : name-of-fibers
1  2 : 1 50
2  1 : 2
3  1 : 3
4  1 : 4
5  3 : 5 34 39
6  1 : 6
7  2 : 7 32
8  1 : 8
9  4 : 9 37 54 55
10  1 : 10
11  1 : 11
12  7 : 12 48 51 56 148 207 210
13  1 : 13
14  5 : 14 23 36 44 130
15  2 : 15 35
16  1 : 16
17  1 : 17
18  116 : 18 40 42 59 60 66 67 68 70 71 73 75 76 78 81 83 84 85 86 87 88 91 92 93 95 97 98 100 102 104 105 106 107 108 109 110 112 113 114 115 116 117 118 119 122 124 125 128 129 131 132 133 134 135 136 137 138 139 140 141 143 145 146 147 149 150 152 154 156 157 158 159 161 162 163 164 165 166 167 168 169 170 171 173 174 175 176 177 179 181 182 183 184 185 186 187 188 190 191 192 193 194 195 196 197 198 199 200 201 202 203 204 205 206 208 209
19  1 : 19
20  2 : 20 47
21  1 : 21
22  1 : 22
24  8 : 24 52 57 62 63 82 94 189
25  2 : 25 64
26  1 : 26
27  23 : 27 30 45 77 80 89 90 99 101 103 111 120 121 123 126 142 144 151 153 155 160 172 180
28  8 : 28 38 43 46 49 58 72 178
29  1 : 29
31  3 : 31 53 96
33  5 : 33 41 69 74 127
61  3 : 61 65 79
% end

% frame 80
% time 8.1
% start   8.1
% cluster-index, number-of-fibers : name-of-fibers
1  2 : 1 50
2  1 : 2
3  1 : 3
4  1 : 4
5  3 : 5 34 39
6  1 : 6
7  2 : 7 32
8  1 : 8
9  4 : 9 37 54 55
10  1 : 10
11  1 : 11
12  7 : 12 48 51 56 148 207 210
13  1 : 13
14  5 : 14 23 36 44 130
15  2 : 15 35
16  1 : 16
17  1 : 17
18  117 : 18 40 42 59 60 66 67 68 70 71 73 75 76 78 81 83 84 85 86 87 88 91 92 93 95 97 98 100 102 104 105 106 107 108 109 110 112 113 114 115 116 117 118 119 122 124 125 128 129 131 132 133 134 135 136 137 138 139 140 141 143 145 146 147 149 150 152 154 156 157 158 159 161 162 163 164 165 166 167 168 169 170 171 173 174 175 176 177 179 181 182 183 184 185 186 187 188 190 191 192 193 194 195 196 197 198 199 200 201 202 203 204 205 206 208 209 211
19  1 : 19
20  2 : 20 47
21  1 : 21
22  1 : 22
24  8 : 24 52 57 62 63 82 94 189
25  2 : 25 64
26  1 : 26
27  23 : 27 30 45 77 80 89 90 99 101 103 111 120 121 123 126 142 144 151 153 155 160 172 180
28  8 : 28 38 43 46 49 58 72 178
29  1 : 29
31  3 : 31 53 96
33  5 : 33 41 69 74 127
61  3 : 61 65 79
% end

% frame 81
% time 8.2
% start   8.2
% cluster-index, number-of-fibers : name-of-fibers
1  2 : 1 50
2  1 : 2
3  1 : 3
4  1 : 4
5  3 : 5 34 39
6  1 : 6
7  2 : 7 32
8  1 : 8
9  4 : 9 37 54 55
10  1 : 10
11  1 : 11
12  7 : 12 48 51 56 148 207 210
13  1 : 13
14  5 : 14 23 36 44 130
15  2 : 15 35
16  1 : 16
17  1 : 17
18  117 : 18 40 42 59 60 66 67 68 70 71 73 75 76 78 81 83 84 85 86 87 88 91 92 93 95 97 98 100 102 104 105 106 107 108 109 110 112 113 114 115 116 117 118 119 122 124 125 128 129 131 132 133 134 135 136 137 138 139 140 141 143 145 146 147 149 150 152 154 156 157 158 159 161 162 163 164 165 166 167 168 169 170 171 173 174 175 176 177 179 181 182 183 184 185 186 187 188 190 191 192 193 194 195 196 197 198 199 200 201 202 203 204 205 206 208 209 211
19  1 : 19
20  2 : 20 47
21  1 : 21
22  1 : 22
24  8 : 24 52 57 62 63 82 94 189
25  2 : 25 64
26  1 : 26
27  23 : 27 30 45 77 80 89 90 99 101 103 111 120 121 123 126 142 144 151 153 155 160 172 180
28  8 : 28 38 43 46 49 58 72 178
29  1 : 29
31  3 : 31 53 96
33  5 : 33 41 69 74 127
61  3 : 61 65 79
% end

% frame 82
% time 8.3
% start   8.3
% cluster-index, number-of-fibers : name-of-fibers
1  2 : 1 50
2  1 : 2
3  1 : 3
4  1 : 4
5  3 : 5 34 39
6  1 : 6
7  2 : 7 32
8  1 : 8
9  4 : 9 37 54 55
10  1 : 10
11  1 : 11
12  7 : 12 48 51 56 148 207 210
13  1 : 13
14  5 : 14 23 36 44 130
15  2 : 15 35
16  1 : 16
17  1 : 17
18  117 : 18 40 42 59 60 66 67 68 70 71 73 75 76 78 81 83 84 85 86 87 88 91 92 93 95 97 98 100 102 104 105 106 107 108 109 110 112 113 114 115 116 117 118 119 122 124 125 128 129 131 132 133 134 135 136 137 138 139 140 141 143 145 146 147 149 150 152 154 156 157 158 159 161 162 163 164 165 166 167 168 169 170 171 173 174 175 176 177 179 181 182 183 184 185 186 187 188 190 191 192 193 194 195 196 197 198 199 200 201 202 203 204 205 206 208 209 211
19  1 : 19
20  2 : 20 47
21  1 : 21
22  1 : 22
24  8 : 24 52 57 62 63 82 94 189
25  2 : 25 64
26  1 : 26
27  23 : 27 30 45 77 80 89 90 99 101 103 111 120 121 123 126 142 144 151 153 155 160 172 180
28  8 : 28 38 43 46 49 58 72 178
29  1 : 29
31  3 : 31 53 96
33  5 : 33 41 69 74 127
61  3 : 61 65 79
% end

% frame 83
% time 8.4
% start   8.4
% cluster-index, number-of-fibers : name-of-fibers
1  2 : 1 50
2  1 : 2
3  1 : 3
4  1 : 4
5  3 : 5 34 39
6  1 : 6
7  2 : 7 32
8  1 : 8
9  4 : 9 37 54 55
10  1 : 10
11  1 : 11
12  8 : 12 48 51 56 148 207 210 213
13  1 : 13
14  5 : 14 23 36 44 130
15  2 : 15 35
16  1 : 16
17  1 : 17
18  117 : 18 40 42 59 60 66 67 68 70 71 73 75 76 78 81 83 84 85 86 87 88 91 92 93 95 97 98 100 102 104 105 106 107 108 109 110 112 113 114 115 116 117 118 119 122 124 125 128 129 131 132 133 134 135 136 137 138 139 140 141 143 145 146 147 149 150 152 154 156 157 158 159 161 162 163 164 165 166 167 168 169 170 171 173 175 176 177 179 181 182 183 184 185 186 187 188 190 191 192 193 194 195 196 197 198 199 200 201 202 203 204 205 206 208 209 211 212
19  1 : 19
20  2 : 20 47
21  1 : 21
22  1 : 22
24  8 : 24 52 57 62 63 82 94 189
25  2 : 25 64
26  1 : 26
27  23 : 27 30 45 77 80 89 90 99 101 103 111 120 121 123 126 142 144 151 153 155 160 172 180
28  8 : 28 38 43 46 49 58 72 178
29  1 : 29
31  3 : 31 53 96
33  5 : 33 41 69 74 127
61  3 : 61 65 79
174  1 : 174
% end

% frame 84
% time 8.5
% start   8.5
% cluster-index, number-of-fibers : name-of-fibers
1  2 : 1 50
2  1 : 2
3  1 : 3
4  1 : 4
5  3 : 5 34 39
6  1 : 6
7  2 : 7 32
8  1 : 8
9  4 : 9 37 54 55
10  1 : 10
11  1 : 11
12  8 : 12 48 51 56 148 207 210 213
13  1 : 13
14  5 : 14 23 36 44 130
15  2 : 15 35
16  1 : 16
17  1 : 17
18  117 : 18 40 42 59 60 66 67 68 70 71 73 75 76 78 81 83 84 85 86 87 88 91 92 93 95 97 98 100 102 104 105 106 107 108 109 110 112 113 114 115 116 117 118 119 122 124 125 128 129 131 132 133 134 135 136 137 138 139 140 141 143 145 146 147 149 150 152 154 156 157 158 159 161 162 163 164 165 166 167 168 169 170 171 173 175 176 177 179 181 182 183 184 185 186 187 188 190 191 192 193 194 195 196 197 198 199 200 201 202 203 204 205 206 208 209 211 212
19  1 : 19
20  2 : 20 47
21  1 : 21
22  1 : 22
24  8 : 24 52 57 62 63 82 94 189
25  2 : 25 64
26  1 : 26
27  23 : 27 30 45 77 80 89 90 99 101 103 111 120 121 123 126 142 144 151 153 155 160 172 180
28  8 : 28 38 43 46 49 58 72 178
29  1 : 29
31  3 : 31 53 96
33  5 : 33 41 69 74 127
61  3 : 61 65 79
174  1 : 174
% end

% frame 85
% time 8.6
% start   8.6
% cluster-index, number-of-fibers : name-of-fibers
1  2 : 1 50
2  1 : 2
3  1 : 3
4  1 : 4
5  3 : 5 34 39
6  1 : 6
7  2 : 7 32
8  1 : 8
9  4 : 9 37 54 55
10  1 : 10
11  1 : 11
12  8 : 12 48 51 56 148 207 210 213
13  1 : 13
14  5 : 14 23 36 44 130
15  2 : 15 35
16  1 : 16
17  1 : 17
18  117 : 18 40 42 59 60 66 67 68 70 71 73 75 76 78 81 83 84 85 86 87 88 91 92 93 95 97 98 100 102 104 105 106 107 108 109 110 112 113 114 115 116 117 118 119 122 124 125 128 129 131 132 133 134 135 136 137 138 139 140 141 143 145 146 147 149 150 152 154 156 157 158 159 161 162 163 164 165 166 167 168 169 170 171 173 175 176 177 179 181 182 183 184 185 186 187 188 190 191 192 193 194 195 196 197 198 199 200 201 202 203 204 205 206 208 209 211 212
19  1 : 19
20  2 : 20 47
21  1 : 21
22  1 : 22
24  8 : 24 52 57 62 63 82 94 189
25  2 : 25 64
26  1 : 26
27  23 : 27 30 45 77 80 89 90 99 101 103 111 120 121 123 126 142 144 151 153 155 160 172 180
28  8 : 28 38 43 46 49 58 72 178
29  1 : 29
31  3 : 31 53 96
33  5 : 33 41 69 74 127
61  3 : 61 65 79
174  1 : 174
% end

% frame 86
% time 8.7
% start   8.7
% cluster-index, number-of-fibers : name-of-fibers
1  2 : 1 50
2  1 : 2
3  1 : 3
4  1 : 4
5  3 : 5 34 39
6  1 : 6
7  2 : 7 32
8  1 : 8
9  4 : 9 37 54 55
10  1 : 10
11  1 : 11
12  8 : 12 48 51 56 148 207 210 213
13  1 : 13
14  5 : 14 23 36 44 130
15  2 : 15 35
16  1 : 16
17  1 : 17
18  117 : 18 40 42 59 60 66 67 68 70 71 73 75 76 78 81 83 84 85 86 87 88 91 92 93 95 97 98 100 102 104 105 106 107 108 109 110 112 113 114 115 116 117 118 119 122 124 125 128 129 131 132 133 134 135 136 137 138 139 140 141 143 145 146 147 149 150 152 154 156 157 158 159 161 162 163 164 165 166 167 168 169 170 171 173 175 176 177 179 181 182 183 184 185 186 187 188 190 191 192 193 194 195 196 197 198 199 200 201 202 203 204 205 206 208 209 211 212
19  1 : 19
20  2 : 20 47
21  1 : 21
22  1 : 22
24  8 : 24 52 57 62 63 82 94 189
25  2 : 25 64
26  1 : 26
27  23 : 27 30 45 77 80 89 90 99 101 103 111 120 121 123 126 142 144 151 153 155 160 172 180
28  8 : 28 38 43 46 49 58 72 178
29  1 : 29
31  3 : 31 53 96
33  5 : 33 41 69 74 127
61  3 : 61 65 79
174  1 : 174
% end

% frame 87
% time 8.8
% start   8.8
% cluster-index, number-of-fibers : name-of-fibers
1  2 : 1 50
2  1 : 2
3  1 : 3
4  1 : 4
5  3 : 5 34 39
6  1 : 6
7  2 : 7 32
8  1 : 8
9  4 : 9 37 54 55
10  1 : 10
11  1 : 11
12  8 : 12 48 51 56 148 207 210 213
13  1 : 13
14  5 : 14 23 36 44 130
15  2 : 15 35
16  1 : 16
17  1 : 17
18  118 : 18 40 42 59 60 66 67 68 70 71 73 75 76 78 81 83 84 85 86 87 88 91 92 93 95 97 98 100 102 104 105 106 107 108 109 110 112 113 114 115 116 117 118 119 122 124 125 128 129 131 132 133 134 135 136 137 138 139 140 141 143 145 146 147 149 150 152 154 156 157 158 159 161 162 163 164 165 166 167 168 169 170 171 173 175 176 177 179 181 182 183 184 185 186 187 188 190 191 192 193 194 195 196 197 198 199 200 201 202 203 204 205 206 208 209 211 212 214
19  1 : 19
20  2 : 20 47
21  1 : 21
22  1 : 22
24  8 : 24 52 57 62 63 82 94 189
25  2 : 25 64
26  1 : 26
27  23 : 27 30 45 77 80 89 90 99 101 103 111 120 121 123 126 142 144 151 153 155 160 172 180
28  8 : 28 38 43 46 49 58 72 178
29  1 : 29
31  3 : 31 53 96
33  5 : 33 41 69 74 127
61  3 : 61 65 79
174  1 : 174
% end

% frame 88
% time 8.9
% start   8.9
% cluster-index, number-of-fibers : name-of-fibers
1  2 : 1 50
2  1 : 2
3  1 : 3
4  1 : 4
5  3 : 5 34 39
6  1 : 6
7  2 : 7 32
8  1 : 8
9  4 : 9 37 54 55
10  1 : 10
11  1 : 11
12  8 : 12 48 51 56 148 207 210 213
13  1 : 13
14  5 : 14 23 36 44 130
15  2 : 15 35
16  1 : 16
17  1 : 17
18  118 : 18 40 42 59 60 66 67 68 70 71 73 75 76 78 81 83 84 85 86 87 88 91 92 93 95 97 98 100 102 104 105 106 107 108 109 110 112 113 114 115 116 117 118 119 122 124 125 128 129 131 132 133 134 135 136 137 138 139 140 141 143 145 146 147 149 150 152 154 156 157 158 159 161 162 163 164 165 166 167 168 169 170 171 173 175 176 177 179 181 182 183 184 185 186 187 188 190 191 192 193 194 195 196 197 198 199 200 201 202 203 204 205 206 208 209 211 212 214
19  1 : 19
20  2 : 20 47
21  1 : 21
22  1 : 22
24  8 : 24 52 57 62 63 82 94 189
25  2 : 25 64
26  1 : 26
27  23 : 27 30 45 77 80 89 90 99 101 103 111 120 121 123 126 142 144 151 153 155 160 172 180
28  8 : 28 38 43 46 49 58 72 178
29  1 : 29
31  3 : 31 53 96
33  5 : 33 41 69 74 127
61  3 : 61 65 79
174  1 : 174
% end

% frame 89
% time 9
% start   9
% cluster-index, number-of-fibers : name-of-fibers
1  2 : 1 50
2  1 : 2
3  1 : 3
4  1 : 4
5  3 : 5 34 39
6  1 : 6
7  2 : 7 32
8  1 : 8
9  4 : 9 37 54 55
10  1 : 10
11  1 : 11
12  8 : 12 48 51 56 148 207 210 213
13  1 : 13
14  5 : 14 23 36 44 130
15  2 : 15 35
16  1 : 16
17  1 : 17
18  118 : 18 40 42 59 60 66 67 68 70 71 73 75 76 78 81 83 84 85 86 87 88 91 92 93 95 97 98 100 102 104 105 106 107 108 109 110 112 113 114 115 116 117 118 119 122 124 125 128 129 131 132 133 134 135 136 137 138 139 140 141 143 145 146 147 149 150 152 154 156 157 158 159 161 162 163 164 165 166 167 168 169 170 171 173 175 176 177 179 181 182 183 184 185 186 187 188 190 191 192 193 194 195 196 197 198 199 200 201 202 203 204 205 206 208 209 211 212 214
19  1 : 19
20  2 : 20 47
21  1 : 21
22  1 : 22
24  8 : 24 52 57 62 63 82 94 189
25  2 : 25 64
26  1 : 26
27  23 : 27 30 45 77 80 89 90 99 101 103 111 120 121 123 126 142 144 151 153 155 160 172 180
28  8 : 28 38 43 46 49 58 72 178
29  1 : 29
31  3 : 31 53 96
33  5 : 33 41 69 74 127
61  3 : 61 65 79
174  1 : 174
% end

% frame 90
% time 9.1
% start   9.1
% cluster-index, number-of-fibers : name-of-fibers
1  2 : 1 50
2  1 : 2
3  1 : 3
4  1 : 4
5  3 : 5 34 39
6  1 : 6
7  2 : 7 32
8  1 : 8
9  4 : 9 37 54 55
10  1 : 10
11  1 : 11
12  8 : 12 48 51 56 148 207 210 213
13  1 : 13
14  5 : 14 23 36 44 130
15  2 : 15 35
16  1 : 16
17  1 : 17
18  118 : 18 40 42 59 60 66 67 68 70 71 73 75 76 78 81 83 84 85 86 87 88 91 92 93 95 97 98 100 102 104 105 106 107 108 109 110 112 113 114 115 116 117 118 119 122 124 125 128 129 131 132 133 134 135 136 137 138 139 140 141 143 145 146 147 149 150 152 154 156 157 158 159 161 162 163 164 165 166 167 168 169 170 171 173 175 176 177 179 181 182 183 184 185 186 187 188 190 191 192 193 194 195 196 197 198 199 200 201 202 203 204 205 206 208 209 211 212 214
19  1 : 19
20  2 : 20 47
21  1 : 21
22  1 : 22
24  8 : 24 52 57 62 63 82 94 189
25  2 : 25 64
26  1 : 26
27  23 : 27 30 45 77 80 89 90 99 101 103 111 120 121 123 126 142 144 151 153 155 160 172 180
28  8 : 28 38 43 46 49 58 72 178
29  1 : 29
31  3 : 31 53 96
33  5 : 33 41 69 74 127
61  3 : 61 65 79
174  1 : 174
% end

% frame 91
% time 9.2
% start   9.2
% cluster-index, number-of-fibers : name-of-fibers
1  2 : 1 50
2  1 : 2
3  1 : 3
4  1 : 4
5  3 : 5 34 39
6  1 : 6
7  2 : 7 32
8  1 : 8
9  4 : 9 37 54 55
10  1 : 10
11  1 : 11
12  8 : 12 48 51 56 148 207 210 213
13  1 : 13
14  5 : 14 23 36 44 130
15  2 : 15 35
16  1 : 16
17  1 : 17
18  118 : 18 40 42 59 60 66 67 68 70 71 73 75 76 78 81 83 84 85 86 87 88 91 92 93 95 97 98 100 102 104 105 106 107 108 109 110 112 113 114 115 116 117 118 119 122 124 125 128 129 131 132 133 134 135 136 137 138 139 140 141 143 145 146 147 149 150 152 154 156 157 158 159 161 162 163 164 165 166 167 168 169 170 171 173 175 176 177 179 181 182 183 184 185 186 187 188 190 191 192 193 194 195 196 197 198 199 200 201 202 203 204 205 206 208 209 211 212 214
19  1 : 19
20  2 : 20 47
21  1 : 21
22  1 : 22
24  8 : 24 52 57 62 63 82 94 189
25  2 : 25 64
26  1 : 26
27  23 : 27 30 45 77 80 89 90 99 101 103 111 120 121 123 126 142 144 151 153 155 160 172 180
28  8 : 28 38 43 46 49 58 72 178
29  1 : 29
31  3 : 31 53 96
33  5 : 33 41 69 74 127
61  3 : 61 65 79
174  1 : 174
% end

% frame 92
% time 9.3
% start   9.3
% cluster-index, number-of-fibers : name-of-fibers
1  2 : 1 50
2  1 : 2
3  1 : 3
4  1 : 4
5  3 : 5 34 39
6  1 : 6
7  2 : 7 32
8  1 : 8
9  4 : 9 37 54 55
10  1 : 10
11  1 : 11
12  8 : 12 48 51 56 148 207 210 213
13  1 : 13
14  5 : 14 23 36 44 130
15  2 : 15 35
16  1 : 16
17  1 : 17
18  119 : 18 40 42 59 60 66 67 68 70 71 73 75 76 78 81 83 84 85 86 87 88 91 92 93 95 97 98 100 102 104 105 106 107 108 109 110 112 113 114 115 116 117 118 119 122 124 125 128 129 131 132 133 134 135 136 137 138 139 140 141 143 145 146 147 149 150 152 154 156 157 158 159 161 162 163 164 165 166 167 168 169 170 171 173 175 176 177 179 181 182 183 184 185 186 187 188 190 191 192 193 194 195 196 197 198 199 200 201 202 203 204 205 206 208 209 211 212 214 215
19  1 : 19
20  2 : 20 47
21  1 : 21
22  1 : 22
24  8 : 24 52 57 62 63 82 94 189
25  2 : 25 64
26  1 : 26
27  23 : 27 30 45 77 80 89 90 99 101 103 111 120 121 123 126 142 144 151 153 155 160 172 180
28  8 : 28 38 43 46 49 58 72 178
29  1 : 29
31  3 : 31 53 96
33  5 : 33 41 69 74 127
61  3 : 61 65 79
174  1 : 174
% end

% frame 93
% time 9.4
% start   9.4
% cluster-index, number-of-fibers : name-of-fibers
1  2 : 1 50
2  1 : 2
3  1 : 3
4  1 : 4
5  3 : 5 34 39
6  1 : 6
7  2 : 7 32
8  1 : 8
9  4 : 9 37 54 55
10  1 : 10
11  1 : 11
12  8 : 12 48 51 56 148 207 210 213
13  1 : 13
14  5 : 14 23 36 44 130
15  2 : 15 35
16  1 : 16
17  1 : 17
18  119 : 18 40 42 59 60 66 67 68 70 71 73 75 76 78 81 83 84 85 86 87 88 91 92 93 95 97 98 100 102 104 105 106 107 108 109 110 112 113 114 115 116 117 118 119 122 124 125 128 129 131 132 133 134 135 136 137 138 139 140 141 143 145 146 147 149 150 152 154 156 157 158 159 161 162 163 164 165 166 167 168 169 170 171 173 175 176 177 179 181 182 183 184 185 186 187 188 190 191 192 193 194 195 196 197 198 199 200 201 202 203 204 205 206 208 209 211 212 214 215
19  1 : 19
20  2 : 20 47
21  1 : 21
22  1 : 22
24  8 : 24 52 57 62 63 82 94 189
25  2 : 25 64
26  1 : 26
27  23 : 27 30 45 77 80 89 90 99 101 103 111 120 121 123 126 142 144 151 153 155 160 172 180
28  8 : 28 38 43 46 49 58 72 178
29  1 : 29
31  3 : 31 53 96
33  5 : 33 41 69 74 127
61  3 : 61 65 79
174  1 : 174
% end

% frame 94
% time 9.5
% start   9.5
% cluster-index, number-of-fibers : name-of-fibers
1  2 : 1 50
2  1 : 2
3  1 : 3
4  1 : 4
5  3 : 5 34 39
6  1 : 6
7  2 : 7 32
8  1 : 8
9  4 : 9 37 54 55
10  1 : 10
11  1 : 11
12  8 : 12 48 51 56 148 207 210 213
13  1 : 13
14  5 : 14 23 36 44 130
15  2 : 15 35
16  1 : 16
17  1 : 17
18  119 : 18 40 42 59 60 66 67 68 70 71 73 75 76 78 81 83 84 85 86 87 88 91 92 93 95 97 98 100 102 104 105 106 107 108 109 110 112 113 114 115 116 117 118 119 122 124 125 128 129 131 132 133 134 135 136 137 138 139 140 141 143 145 146 147 149 150 152 154 156 157 158 159 161 162 163 164 165 166 167 168 169 170 171 173 175 176 177 179 181 182 183 184 185 186 187 188 190 191 192 193 194 195 196 197 198 199 200 201 202 203 204 205 206 208 209 211 212 214 215
19  1 : 19
20  2 : 20 47
21  1 : 21
22  1 : 22
24  8 : 24 52 57 62 63 82 94 189
25  2 : 25 64
26  1 : 26
27  23 : 27 30 45 77 80 89 90 99 101 103 111 120 121 123 126 142 144 151 153 155 160 172 180
28  8 : 28 38 43 46 49 58 72 178
29  1 : 29
31  3 : 31 53 96
33  5 : 33 41 69 74 127
61  3 : 61 65 79
174  1 : 174
% end

% frame 95
% time 9.6
% start   9.6
% cluster-index, number-of-fibers : name-of-fibers
1  2 : 1 50
2  1 : 2
3  1 : 3
4  1 : 4
5  3 : 5 34 39
6  1 : 6
7  2 : 7 32
8  1 : 8
9  4 : 9 37 54 55
10  1 : 10
11  1 : 11
12  9 : 12 48 51 56 148 207 210 213 216
13  1 : 13
14  5 : 14 23 36 44 130
15  2 : 15 35
16  1 : 16
17  1 : 17
18  119 : 18 40 42 59 60 66 67 68 70 71 73 75 76 78 81 83 84 85 86 87 88 91 92 93 95 97 98 100 102 104 105 106 107 108 109 110 112 113 114 115 116 117 118 119 122 124 125 128 129 131 132 133 134 135 136 137 138 139 140 141 143 145 146 147 149 150 152 154 156 157 158 159 161 162 163 164 165 166 167 168 169 170 171 173 175 176 177 179 181 182 183 184 185 186 187 188 190 191 192 193 194 195 196 197 198 199 200 201 202 203 204 205 206 208 209 211 212 214 215
19  1 : 19
20  2 : 20 47
21  1 : 21
22  1 : 22
24  8 : 24 52 57 62 63 82 94 189
25  2 : 25 64
26  1 : 26
27  23 : 27 30 45 77 80 89 90 99 101 103 111 120 121 123 126 142 144 151 153 155 160 172 180
28  8 : 28 38 43 46 49 58 72 178
29  1 : 29
31  3 : 31 53 96
33  5 : 33 41 69 74 127
61  3 : 61 65 79
174  1 : 174
% end

% frame 96
% time 9.7
% start   9.7
% cluster-index, number-of-fibers : name-of-fibers
1  2 : 1 50
2  1 : 2
3  1 : 3
4  1 : 4
5  3 : 5 34 39
6  1 : 6
7  2 : 7 32
8  1 : 8
9  4 : 9 37 54 55
10  1 : 10
11  1 : 11
12  9 : 12 48 51 56 148 207 210 213 216
13  1 : 13
14  5 : 14 23 36 44 130
15  2 : 15 35
16  1 : 16
17  1 : 17
18  119 : 18 40 42 59 60 66 67 68 70 71 73 75 76 78 81 83 84 85 86 87 88 91 92 93 95 97 98 100 102 104 105 106 107 108 109 110 112 113 114 115 116 117 118 119 122 124 125 128 129 131 132 133 134 135 136 137 138 139 140 141 143 145 146 147 149 150 152 154 156 157 158 159 161 162 163 164 165 166 167 168 169 170 171 173 175 176 177 179 181 182 183 184 185 186 187 188 190 191 192 193 194 195 196 197 198 199 200 201 202 203 204 205 206 208 209 211 212 214 215
19  1 : 19
20  2 : 20 47
21  1 : 21
22  1 : 22
24  8 : 24 52 57 62 63 82 94 189
25  2 : 25 64
26  1 : 26
27  23 : 27 30 45 77 80 89 90 99 101 103 111 120 121 123 126 142 144 151 153 155 160 172 180
28  8 : 28 38 43 46 49 58 72 178
29  1 : 29
31  3 : 31 53 96
33  5 : 33 41 69 74 127
61  3 : 61 65 79
174  1 : 174
% end

% frame 97
% time 9.8
% start   9.8
% cluster-index, number-of-fibers : name-of-fibers
1  2 : 1 50
2  1 : 2
3  1 : 3
4  1 : 4
5  3 : 5 34 39
6  1 : 6
7  2 : 7 32
8  1 : 8
9  4 : 9 37 54 55
10  1 : 10
11  1 : 11
12  9 : 12 48 51 56 148 207 210 213 216
13  1 : 13
14  5 : 14 23 36 44 130
15  2 : 15 35
16  1 : 16
17  1 : 17
18  119 : 18 40 42 59 60 66 67 68 70 71 73 75 76 78 81 83 84 85 86 87 88 91 92 93 95 97 98 100 102 104 105 106 107 108 109 110 112 113 114 115 116 117 118 119 122 124 125 128 129 131 132 133 134 135 136 137 138 139 140 141 143 145 146 147 149 150 152 154 156 157 158 159 161 162 163 164 165 166 167 168 169 170 171 173 175 176 177 179 181 182 183 184 185 186 187 188 190 191 192 193 194 195 196 197 198 199 200 201 202 203 204 205 206 208 209 211 212 214 215
19  1 : 19
20  2 : 20 47
21  1 : 21
22  1 : 22
24  8 : 24 52 57 62 63 82 94 189
25  2 : 25 64
26  1 : 26
27  23 : 27 30 45 77 80 89 90 99 101 103 111 120 121 123 126 142 144 151 153 155 160 172 180
28  8 : 28 38 43 46 49 58 72 178
29  1 : 29
31  3 : 31 53 96
33  5 : 33 41 69 74 127
61  3 : 61 65 79
174  1 : 174
% end

% frame 98
% time 9.9
% start   9.9
% cluster-index, number-of-fibers : name-of-fibers
1  2 : 1 50
2  1 : 2
3  1 : 3
4  1 : 4
5  3 : 5 34 39
6  1 : 6
7  2 : 7 32
8  1 : 8
9  4 : 9 37 54 55
10  1 : 10
11  1 : 11
12  9 : 12 48 51 56 148 207 210 213 216
13  1 : 13
14  5 : 14 23 36 44 130
15  2 : 15 35
16  1 : 16
17  1 : 17
18  119 : 18 40 42 59 60 66 67 68 70 71 73 75 76 78 81 83 84 85 86 87 88 91 92 93 95 97 98 100 102 104 105 106 107 108 109 110 112 113 114 115 116 117 118 119 122 124 125 128 129 131 132 133 134 135 136 137 138 139 140 141 143 145 146 147 149 150 152 154 156 157 158 159 161 162 163 164 165 166 167 168 169 170 171 173 175 176 177 179 181 182 183 184 185 186 187 188 190 191 192 193 194 195 196 197 198 199 200 201 202 203 204 205 206 208 209 211 212 214 215
19  1 : 19
20  2 : 20 47
21  1 : 21
22  1 : 22
24  8 : 24 52 57 62 63 82 94 189
25  2 : 25 64
26  1 : 26
27  23 : 27 30 45 77 80 89 90 99 101 103 111 120 121 123 126 142 144 151 153 155 160 172 180
28  8 : 28 38 43 46 49 58 72 178
29  1 : 29
31  3 : 31 53 96
33  5 : 33 41 69 74 127
61  3 : 61 65 79
174  1 : 174
% end

% frame 99
% time 10
% start   10
% cluster-index, number-of-fibers : name-of-fibers
1  2 : 1 50
2  1 : 2
3  1 : 3
4  1 : 4
5  3 : 5 34 39
6  1 : 6
7  2 : 7 32
8  1 : 8
9  4 : 9 37 54 55
10  1 : 10
11  1 : 11
12  9 : 12 48 51 56 148 207 210 213 216
13  1 : 13
14  5 : 14 23 36 44 130
15  2 : 15 35
16  1 : 16
17  1 : 17
18  119 : 18 40 42 59 60 66 67 68 70 71 73 75 76 78 81 83 84 85 86 87 88 91 92 93 95 97 98 100 102 104 105 106 107 108 109 110 112 113 114 115 116 117 118 119 122 124 125 128 129 131 132 133 134 135 136 137 138 139 140 141 143 145 146 147 149 150 152 154 156 157 158 159 161 162 163 164 165 166 167 168 169 170 171 173 175 176 177 179 181 182 183 184 185 186 187 188 190 191 192 193 194 195 196 197 198 199 200 201 202 203 204 205 206 208 209 211 212 214 215
19  1 : 19
20  2 : 20 47
21  1 : 21
22  1 : 22
24  8 : 24 52 57 62 63 82 94 189
25  2 : 25 64
26  1 : 26
27  21 : 27 30 45 77 80 89 90 99 103 120 121 123 126 142 144 151 153 155 160 172 180
28  8 : 28 38 43 46 49 58 72 178
29  1 : 29
31  3 : 31 53 96
33  5 : 33 41 69 74 127
61  3 : 61 65 79
101  2 : 101 111
174  1 : 174
% end

% frame 100
% time 10.1
% start   10.1
% cluster-index, number-of-fibers : name-of-fibers
1  2 : 1 50
2  1 : 2
3  1 : 3
4  1 : 4
5  3 : 5 34 39
6  1 : 6
7  2 : 7 32
8  1 : 8
9  4 : 9 37 54 55
10  1 : 10
11  1 : 11
12  9 : 12 48 51 56 148 207 210 213 216
13  1 : 13
14  5 : 14 23 36 44 130
15  2 : 15 35
16  1 : 16
17  1 : 17
18  119 : 18 40 42 59 60 66 67 68 70 71 73 75 76 78 81 83 84 85 86 87 88 91 92 93 95 97 98 100 102 104 105 106 107 108 109 110 112 113 114 115 116 117 118 119 122 124 125 128 129 131 132 133 134 135 136 137 138 139 140 141 143 145 146 147 149 150 152 154 156 157 158 159 161 162 163 164 165 166 167 168 169 170 171 173 175 176 177 179 181 182 183 184 185 186 187 188 190 191 192 193 194 195 196 197 198 199 200 201 202 203 204 205 206 208 209 211 212 214 215
19  1 : 19
20  2 : 20 47
21  1 : 21
22  1 : 22
24  8 : 24 52 57 62 63 82 94 189
25  2 : 25 64
26  1 : 26
27  21 : 27 30 45 77 80 89 90 99 103 120 121 123 126 142 144 151 153 155 160 172 180
28  8 : 28 38 43 46 49 58 72 178
29  1 : 29
31  3 : 31 53 96
33  5 : 33 41 69 74 127
61  3 : 61 65 79
101  2 : 101 111
174  1 : 174
% end

% frame 101
% time 10.2
% start   10.2
% cluster-index, number-of-fibers : name-of-fibers
1  2 : 1 50
2  1 : 2
3  1 : 3
4  1 : 4
5  3 : 5 34 39
6  1 : 6
7  2 : 7 32
8  1 : 8
9  4 : 9 37 54 55
10  1 : 10
11  1 : 11
12  9 : 12 48 51 56 148 207 210 213 216
13  1 : 13
14  5 : 14 23 36 44 130
15  2 : 15 35
16  1 : 16
17  1 : 17
18  119 : 18 40 42 59 60 66 67 68 70 71 73 75 76 78 81 83 84 85 86 87 88 91 92 93 95 97 98 100 102 104 105 106 107 108 109 110 112 113 114 115 116 117 118 119 122 124 125 128 129 131 132 133 134 135 136 137 138 139 140 141 143 145 146 147 149 150 152 154 156 157 158 159 161 162 163 164 165 166 167 168 169 170 171 173 175 176 177 179 181 182 183 184 185 186 187 188 190 191 192 193 194 195 196 197 198 199 200 201 202 203 204 205 206 208 209 211 212 214 215
19  1 : 19
20  2 : 20 47
21  1 : 21
22  1 : 22
24  8 : 24 52 57 62 63 82 94 189
25  2 : 25 64
26  1 : 26
27  21 : 27 30 45 77 80 89 90 99 103 120 121 123 126 142 144 151 153 155 160 172 180
28  8 : 28 38 43 46 49 58 72 178
29  1 : 29
31  3 : 31 53 96
33  5 : 33 41 69 74 127
61  3 : 61 65 79
101  2 : 101 111
174  1 : 174
% end

% frame 102
% time 10.3
% start   10.3
% cluster-index, number-of-fibers : name-of-fibers
1  2 : 1 50
2  1 : 2
3  1 : 3
4  1 : 4
5  3 : 5 34 39
6  1 : 6
7  2 : 7 32
8  1 : 8
9  4 : 9 37 54 55
10  1 : 10
11  1 : 11
12  9 : 12 48 51 56 148 207 210 213 216
13  1 : 13
14  5 : 14 23 36 44 130
15  2 : 15 35
16  1 : 16
17  1 : 17
18  120 : 18 40 42 59 60 66 67 68 70 71 73 75 76 78 81 83 84 85 86 87 88 91 92 93 95 97 98 100 102 104 105 106 107 108 109 110 112 113 114 115 116 117 118 119 122 124 125 128 129 131 132 133 134 135 136 137 138 139 140 141 143 145 146 147 149 150 152 154 156 157 158 159 161 162 163 164 165 166 167 168 169 170 171 173 175 176 177 179 181 182 183 184 185 186 187 188 190 191 192 193 194 195 196 197 198 199 200 201 202 203 204 205 206 208 209 211 212 214 215 217
19  1 : 19
20  2 : 20 47
21  1 : 21
22  1 : 22
24  8 : 24 52 57 62 63 82 94 189
25  2 : 25 64
26  1 : 26
27  21 : 27 30 45 77 80 89 90 99 103 120 121 123 126 142 144 151 153 155 160 172 180
28  8 : 28 38 43 46 49 58 72 178
29  1 : 29
31  3 : 31 53 96
33  5 : 33 41 69 74 127
61  3 : 61 65 79
101  2 : 101 111
174  1 : 174
% end

